8.408932335007514E-5
1.4603533741186894 -0.21875059906820246 -0.7184591114216686 0.12141979722352084 0.2178928801325606 
0.05686771335309804 -1.5327145766509138 -0.5169164911831106 -0.05170851736332278 0.1630060306361807 
-0.06780178070120248 -1.0262839074020293 1.1267950735970165 -1.3283460455923575 0.15780091988851225 
0.13693854199853991 -1.072094789566689 0.9837431376735843 -1.0361980719805433 -0.3969320187229283 
0.5406041315471981 1.0193110134081398 1.0428547639268315 -0.10968234103760856 -0.5091427646147074 

-0.013062122189902776
0.4844870207426305 -1.6147359140689108 -0.6083865812835964 0.1667302467581303 0.36646320239956764 
-0.24495434901655017 -0.42143926404443627 0.3064583367670304 0.9649976805823025 -1.3094054096121128 
-0.9277962923886385 0.49599427728662765 -0.374812411238712 1.073274770543059 -1.3790018967636448 
0.8647352694571749 -0.24308001817596814 -0.1202046471017694 0.2211720219732692 -0.8270579121147741 
-0.12598757669365349 -0.21790881406402068 -0.7224981759211027 1.3037100847346064 -0.6273584579621023 

-0.008962979270932557
-0.9162870892046592 -1.5572787594617812 8.647433317715796E-4 1.8872831656898452 -0.6180136099754499 
1.8962241791680197 0.387190714774403 -0.35002574573188444 -0.9240893982114586 -0.9729585074237967 
-0.11610747059090977 -0.8974115002458357 -0.45182503654742523 1.2999761282314748 -1.4980492252081414 
-0.5087814581480303 0.5023617081001346 0.14949323463101216 0.24657570710455737 0.47344786413620293 
-0.797880952639473 -0.606175384434583 0.3440470895892575 0.5907688938698221 -1.9451143499258619 

-0.027645607940730788
0.10449527026370145 0.2189882162029859 -0.6576557519153634 -1.8448601441266392 1.0978344881033064 
0.0013283610484130443 -0.6337967251801375 -0.623782760929671 0.2790853105518325 0.27264916690883134 
-0.5714516691485534 -0.32205104860110567 -0.26456889859223365 0.29900006603798535 -0.7900870339153733 
-1.3840344639218376 -1.0238666856444338 -0.018936153852375955 1.738621391052593 -0.2911478439903864 
1.6210365331788854 0.8519400210039163 0.08198519060272251 -1.804869322542032 0.1969336266945687 

-0.024412597987543583
-0.5475697991647432 -1.3056515170584173 0.7728498667303149 0.6821941039350466 -0.13317334115562407 
1.2139968888666959 0.21966910491073915 -2.0815343823931993 0.6389571500690818 -0.04890492431847758 
-2.064728994719361 1.0954441609470411 -2.254021554832222 0.7236473208304791 -0.8026959869999979 
-1.2894996508220096 -0.5755259105920664 -0.6825171577433614 -0.24572316140619782 -0.24686532489969623 
0.8807519778684507 0.6226213036839573 0.32780725764235125 -0.027715019340774905 0.3642760069258044 

-0.013348968832598496
0.3164200458433658 0.6440091442781214 -0.16408677581105485 1.213073664524913 -1.9822345951631233 
-0.2754603445185987 0.7169609097588393 -0.2148337132341623 -0.01389188715741303 -0.2597874836441066 
-0.6935741874590735 0.7406492328962504 0.4816909012150818 -0.3640097152376982 -0.5993669984430763 
-1.5559252540367399 -1.692277169987629 -0.5237932560298153 0.07740014997408788 0.9634206418324919 
-0.33463941631434013 0.06785494341280293 0.5214078173380562 -1.1740153454000843 0.5182296271141351 

-0.012991924724658058
0.5426025329119837 0.1969666767147183 -1.0569552558455673 0.348745290681798 0.21391143783125266 
-0.0029871956535597135 0.7347667505945801 0.9637061240913927 -0.23498515375928902 0.011309897270798685 
-0.8180436454271011 -0.702715086409339 -0.06372865592615656 0.18627060548167296 -0.7660426714459169 
-0.5060897533237371 0.37233208386671895 -1.4167822038488913 0.4395609879689312 -0.33605405816863343 
0.2650917207408537 0.5811426314758991 0.8956087971574404 -3.1036488611445474 -0.1267674607021729 

-0.020929371623587656
-0.6074361839798871 0.20624466642406483 -0.7563407685760849 1.0246041049927572 -1.3703760808413963 
-0.11231956013989146 0.5931181372363787 -0.47426159105862864 -0.13731221815051042 0.15388755245975222 
1.1084849704834598 -0.007263618170116956 0.5887273354243684 -0.7242166801990851 1.1725190408858592 
-1.516990620804434 0.8337903737545665 -1.5091553765251435 0.8523417696898933 -0.6343852496649927 
-0.48316756195017585 0.026583647217859108 -1.7370098162036296 1.5579029050752555 -1.0916970641249644 

0.00998485072096197
0.11710504296922608 -0.5554399932312974 -0.559413180880401 -0.4924667214372994 0.464537963316943 
0.6504243622081196 1.1345070411692129 -1.0897953395799547 0.09494026875491572 0.12036526160044708 
-0.8559335184780525 -0.36854197336679934 0.47675820008654696 1.0198239404874119 -0.36217055815797383 
-0.8421428277050743 -0.3723077651894659 -1.7735551508808296 0.41089656674200237 -0.7769593228757773 
-0.031977042297463905 -1.1544515091721095 0.5644085214519605 -1.0555279210260384 0.018881135964310958 

-0.016701181446852103
0.18417545995407383 0.7751544047381098 -0.9077702724638965 -0.7701571656362229 -1.0322515332462598 
-1.2512730795052998 1.0370182104848475 0.1761018077982421 -0.6729440857070448 -0.12129719805187351 
-0.30635348139465807 -0.08528440822126863 -0.4129394718991658 -0.32490403954949915 1.6296432956846973 
-0.5028713257976472 0.8414206370571479 -0.3531971843085708 -0.352651714162869 0.3620865027875826 
-1.3014715943229682 -0.8954312662153175 0.13915629936587323 -0.34426492636119926 -1.2885072711483205 

8.280113917989813E-4
-0.5061212918913847 1.672133379172739 -0.2876789271049593 0.293529957711019 -0.20564457551736673 
0.2771444568049225 0.33310020991996014 -1.383597267155521 -0.6387608850439449 -0.23783769969703744 
0.24480348726344955 -0.5335329816418949 0.45815927445050075 -0.049585056186045445 -1.6779242509812964 
-0.5085427960562704 1.392267179070738 -0.15223265456221208 0.4135236971654418 1.0870395524123122 
0.3681772153272742 -1.131183389655893 -0.0015401478260931875 -0.4804478754628237 -0.49791565687442235 

0.020788047290592686
-1.3044278747998748 -0.6624249716474045 -0.2744736420342505 0.2295038756147937 1.8237258945415693 
0.8153141471573048 -0.04513912778089314 -0.6497701930479313 -1.2044518688033103 -0.28924467343576793 
-1.0332673762486138 0.6525567106329483 0.597811749741921 1.5445201182777974 -0.40486533276664355 
-0.19474376245327643 0.7368557626313469 0.04570069984274958 -0.13431328521504982 -0.5002708277166789 
0.5863656580706227 -0.8044805564689997 -2.277298008631413 0.5366355245074952 -1.1338368368408398 

-0.03789872715394303
-0.6181470501570215 0.55207344196868 -0.057177509864632055 -0.7716395591841733 0.37361358994077326 
-0.03324991138916109 0.3438557713864714 0.17467689564843863 -1.0135033860117142 0.6210521741530427 
1.4389346135431713 -0.15773791612378185 -0.649344236296513 -0.22080670688982493 -2.047153752032401 
-1.4851283621537121 0.8228696834186595 -0.43596770944148877 1.2384761021878448 -0.7315356700366309 
-1.5009017448226756 -0.6500945961232518 -1.0854291669422318 0.5551986851828447 0.16575749648514262 

-0.0018093220053933734
-1.019568435060081 0.8752122324326681 0.7160525024627246 -2.0016662566602945 0.705379129597499 
0.6217870037495692 -0.10563172866051859 0.13950012125509956 -1.8871451754227628 -0.4699295392159666 
-1.905460519137114 2.6152862282409677 -0.7236927171091326 -0.606163393490464 -0.3837856941462276 
-0.6510792431743979 -0.4172850776687609 0.2250743692119106 -0.6299506416631114 1.477483027298536 
0.888963676156317 0.0760533570658546 -0.563968513764295 -0.8592999000970589 -0.15863646564190656 

-0.017497278780935696
0.13644561930966578 -0.29261934714745635 -1.5822086938489361 0.6445426115339977 0.9228669686339113 
1.6251073746157814 -1.1515092298637717 -1.9792898063198 0.07920727224969654 0.35174484197646466 
0.8974264749584876 -1.577142547772735 -0.28819455753246936 0.2816152734288238 1.0382816275073665 
-0.7135688355822931 0.5067733367175145 -0.2658867052643843 -0.6374694138014003 -1.5944071025069462 
1.4110767951615573 -1.2098069204279764 1.2712136015606512 -0.2618344972854849 -0.8400100026383506 

0.004155558006636655
-0.41763544174089995 0.9204239625968722 -0.5887848469321464 0.40715275911882964 -0.0934346341747918 
0.5620069217835656 -0.2034930324498716 0.21795315129935106 0.3352353019962336 -0.43190110179142127 
-0.7201216602746896 0.13772153210209911 0.5653086852475575 -0.632849744927942 0.09637269516647644 
-0.029246711092077597 -1.0735378189482114 0.03155509719104239 0.7546012306340006 0.1872394423430578 
-0.07724963459392184 -0.17559627035036637 0.5335932313984165 0.6879449879113007 -2.3342175558957052 

