-1.1491244297379362

-0.3478091439509054 -1.453633832699752 0.15475634030387392 0.6644216544397866 -0.9886155085158155 
-0.23478010201847285 0.4804717166005969 -0.8223957899376747 0.9585750599417392 -0.9320283331521138 
-1.359057348471995 -0.3063900972698921 1.6248421493763343 0.9537565100617875 -0.5203489284736867 
-0.3692225457872913 1.4317792078976728 -0.10214337518338966 2.3552612430663205 -0.39723625642280147 
-0.8059561492007533 1.5797797539697025 0.9895862695177701 -1.8394920189363746 -0.9251072397025842 

-0.22225322072086376 -1.522244490520542 0.024356597387290485 -0.13043432830401533 -0.1523992745582923 
-0.697240715607195 -0.3493497606144814 -0.9161067008126516 0.6458365284976463 0.9146442463405141 
-0.21206473428590503 -0.7057246994961447 0.572521348233931 1.1902757447835703 -0.8717580337763706 
-1.1029760475615293 1.9273127573558422 1.2559065530877007 -1.200439848607096 1.1274320255328558 
0.5272192464644433 2.015238852889149 1.7223717606361337 -0.47234547487024303 0.7655743587725424 

0.5878870017718877 0.199682712773281 0.3444585560803818 -0.23806307051186743 0.9851135118575228 
1.1395519119342061 -0.20724595661104575 0.20991342725913562 -0.20039140156112037 0.24867613080965986 
-2.609945188559377 -1.4162685258729053 -0.21910457067194739 -0.8231787040169919 1.4559356919751312 
-0.2755052750862552 -1.1104424861031252 0.6636110953758058 -2.4553288274750327 -1.400094630959774 
0.5865425692098677 -0.5909069636042308 0.283088850649837 -0.8115268257821718 0.3791045324468969 


1.7178658875487902

-0.027167622888665845 0.1563725175158005 1.1397218495083896 -0.6876521109423449 1.0840935340542885 
0.2895652226689782 -1.3480361449184783 0.5041547489306818 1.7801513746489666 -0.0678959107930382 
-1.2147966497733307 -0.2714969977212868 -1.703934281878285 -0.1504383542651862 -0.3844393770232647 
-0.48669910255485044 1.7810050936539983 -0.6127580789190458 0.16813634916956186 -1.2391431728037476 
0.3430856224910804 -0.26354388823319835 -0.24230515692219196 0.7820322247285904 -0.13364551765757163 

-1.4954600361557273 -0.9133268132844492 0.44651168496916416 -0.3671917512424179 -2.2589311949626407 
-0.28819572483751055 -0.5271385323098624 -1.4155691429434365 -1.3953177424412837 -0.6212529039077185 
0.6886982280803979 1.7995233816951202 -1.5138185667344477 -0.3856575810434817 0.8508135509858542 
-1.9929836537082737 1.3964362791693885 -0.5989530855451347 -0.30750829635068194 -1.0857406183018365 
1.1735656752567838 -1.2477484853372047 -1.5941251863464383 -0.2895313077361988 -1.647838057520737 

-1.0934070355220782 2.4445326728038435 1.122607125182898 0.21904988544521295 -0.6461623242605387 
0.6074548629480668 0.19813181991219633 -1.54856698586276 -0.693209894758175 -2.245783308665356 
0.9684012003529265 0.8150610827982786 -0.931633694569655 -1.121351259244242 -1.6623094483579328 
0.17442240163280046 0.7034337511266217 -0.5480004892689831 -1.1525588836879526 -0.004389109778650264 
1.3025395631863308 -1.0556387779761889 0.49567305670804473 -0.09042889190847202 0.9279516351626821 


-0.5988477332818323

-1.0105720504574245 0.8276614423946634 2.354307171771312 -0.2615502759346347 -1.3693308858488056 
-0.19266474432622507 0.39218081053353954 -0.01974695141373871 -0.18608799246366609 0.16328667316995618 
-0.5707633987320553 -0.4055649679159017 -0.957789700785808 0.581910440292607 0.1684678469822739 
-0.9944921844415631 -0.28402095902966945 0.6979473549662997 -1.0451973042869729 0.3047800809033719 
-0.528712745796138 0.995917962391654 0.9897719253808821 0.2369686835839227 0.49095160570935775 

0.5159477580195091 1.440828013699963 -0.16036642174826013 1.750053641300684 0.4472523385830007 
-0.1811932069402817 0.7843509943893503 0.38768079326472893 1.2620898660958724 -0.738705006457909 
1.2586394047960927 -0.5782254677278297 0.9870798292346811 0.371946875492539 0.7772956141869299 
0.33959030882522645 -0.5463462579135376 -0.19611565559895688 1.0451435360341998 -2.364239416458631 
-0.0038402498873994235 -0.5582493994737369 0.48496374817079324 -1.4321770311824267 -1.1712189201573169 

-0.5489102148453168 0.2273979770577573 -1.4966674132247122 0.22296247785191523 -0.25097808025120133 
1.300756592369091 1.581803660724972 -0.19644279408973686 0.7895398591674406 1.1624999288332332 
0.5352604712877709 -0.42303763682923884 0.5037409117791579 -0.8701616210791415 1.6531832327690843 
1.4553489166982412 -0.5693247436937438 -0.8660527462058379 -1.4144148934209873 1.1641338512176402 
-1.9742135452609835 -0.9553760083117312 1.5209876746134354 -0.42895986703822825 -0.23152307352337767 


-0.7359297601000151

1.2727657201626488 0.34112333851407445 0.14206220192301566 -0.9858947731199078 -0.9079910658388541 
0.09704373249528787 0.45054385127873864 -0.13848010191836674 -0.6147291704092043 -1.014634777097615 
0.180524934199587 0.09214954699072576 -0.9422629026355376 1.1319249541464602 0.17813645822969715 
0.8591642545308685 0.44372008117875106 1.7507634095237965 0.5920147883289433 0.07890544635850331 
-1.3522544002246948 -0.7047634927059396 1.3248095889786502 -1.2919892401428197 -0.31016745079265895 

-0.20386564289681794 -3.5087968394930096 -1.2414223413355037 0.18318838087482717 -0.10382735296225655 
-0.30462258636492934 -0.5737294651124532 -0.4533829661286911 -0.9534594004803937 -1.8282596188826759 
-0.5537414179051157 0.6552283631179932 0.9854054968783508 -1.0140708259483882 0.2443714428710863 
-0.41995968554702495 1.0468151246630215 -0.857107297641283 -0.010094338279292493 0.19115712300769439 
0.21905932614440002 -1.2267104380883544 -0.6310724045080275 0.22864946019748883 0.5733213503996456 

-0.24741116672025468 1.6673467985275205 0.14081741687289318 -0.7598100364522519 1.167178303553487 
1.5343741859618674 -1.3502432974567822 -1.011875128641195 2.1941050647004143 0.576365674717816 
0.5150417636307512 0.0020982573505425152 1.107408422637008 -0.6924381824128241 -0.9879868329150979 
-0.35997748321813816 1.415937078817211 -0.051906501185225974 1.066251510817181 0.676665288099361 
1.7295763503634975 -0.07200947990236863 1.5549905794209584 2.4727264492274075 1.802480205258038 


-0.685972782795306

-0.3782591894374405 -0.38855386026450706 1.506436846295362 0.4032211024530749 2.092114782520766 
-0.056886927580357224 -0.3992983546161406 -1.294774313565019 0.9656655078730049 1.1443490951547437 
1.272350418674094 0.4094070591592515 0.8274751052147523 0.05662875092542167 -0.005520670299702914 
-0.7889962261900889 0.3182891372511474 0.31256406732840764 -0.17821999073036376 0.48222119475540615 
-0.668078781979209 -2.3981701062028575 0.519399899074211 0.943412213847437 -0.6915084918787388 

1.983297678091377 0.6971121329014697 -1.729414815109541 0.36333293428865965 -0.2154642503764392 
0.5416314032848961 -0.16880437047246485 0.3260638675232193 -0.31084696490885716 -0.12884859604715118 
-1.7648446998010365 0.9431186448862683 -0.6227775157029762 1.2720392517102408 -0.7013323370109218 
-0.33565184643069207 -0.3804963933663672 -0.5745051151094908 0.30780170284033265 0.8995649450989451 
0.7927518982403436 0.47001048470794826 1.18869657003427 1.0051954423275404 0.20786710152092602 

0.298438551995371 -0.9326206197409852 -0.945596213554653 0.6136464104263809 -0.11577129356636787 
-0.18105897338733903 -0.061797129029553075 0.13508406192341596 -0.5647423725723969 -0.2586706531525891 
-1.3531173102935943 0.13970920567575262 -0.26871453083247837 -0.4268886508887809 -0.14621701337119902 
-0.07732034910403965 0.6809529787300135 1.0451528963696308 0.3108425941231299 -1.0731834371085807 
-1.3204104170608715 0.28607917835133895 1.6448289441295103 -1.0121934851381873 -0.22229302534793277 


-0.8526414496693875

-0.6796049121501838 -0.49311477111289126 -0.014654591622497517 -0.21433852081354005 -1.0661588318352653 
-1.0601219686427341 0.5170776557598822 2.267161075703217 -0.21786259890273407 0.6801974715376283 
-0.7711908892092014 -1.9333507640404108 -0.7022831292078966 0.30388423181949636 -0.8651768702841631 
-1.1117335458269693 -1.0592404016793455 -0.6327553993794277 -1.6647330731676098 -0.48328173692747706 
-0.7688968487429778 -1.0374980031255703 0.8101536502010059 1.040727974723755 0.6440162076076391 

1.88912620861107 0.26251243785923295 1.7010343011396316 1.040033245442926 -0.8703633046241411 
1.5389193139231303 1.299827382135008 -0.08429566862179941 0.6832011358246067 0.5407144332494341 
1.0711794944153545 -0.9673325825340292 0.5369766943057529 -0.28074845492564576 0.6215358613876378 
1.7085202160528412 0.5915031471296959 0.7227573275814652 1.5799098936385767 -2.0781376220755456 
-0.01087125318746395 -1.0934585424206162 -0.9407024311827433 -0.5285164425635269 -0.28525776105691003 

0.5042613061805165 -0.5182972206006626 -0.4913176396404412 -0.7787267659062116 -0.6755225844549735 
-1.7912640913295996 2.187991111422849 1.468164235105616 1.7248504129182356 0.2029049686287821 
0.31787416386897005 -0.5094644724554399 -1.9492746029409425 0.829280870746406 1.0151256251792116 
-0.8530160042758798 -0.24348813773535324 -0.055518360855058936 -0.10197825547606891 -0.1652212237888649 
-0.49973599641980704 0.8146436533883562 -0.06967413671111278 -0.5211356473059066 -1.1583749919474051 


-0.7651364660879508

0.019157502239982836 0.09447793283887541 0.7424375931573477 -1.1038033410107924 0.9205014504361647 
0.0727464127475127 0.24815176549780849 1.15103146702052 0.5971791870298658 1.396082510667689 
1.5337217510004262 -0.33940632503055007 0.33928399270798465 -0.6837205273967336 0.11669466393002935 
0.5499032963016948 -0.22488267193255435 0.36678262197189654 -1.1224221196633208 1.1803012761295693 
0.7389879158565839 1.004951592550176 0.2701980476524665 0.011514849056594579 0.430238979062429 

0.6005928787472924 -0.03225519932433482 -1.182754961758151 2.2037065927635346 -1.4355507429089724 
-1.1279838005729443 -1.200220856800994 -1.2421905401232811 0.3333716754339283 -1.3432763692454575 
-0.32667437234844154 -0.7382387581670693 0.1747557430058671 -0.5646904605928071 -0.27558556686381386 
-0.6348554288709537 -0.03421703369644573 0.5982359460607977 0.40082998042012913 0.8520613771575072 
-0.6757256211374545 -0.37492182775314864 1.2147373598280815 -0.5899831797942972 -0.25962674463590957 

-0.3210128579146899 -1.2662427860796406 -0.57403826482726 -0.1332142479818226 0.9868419975470714 
0.5044953469501172 -1.1571559873470594 -0.8183206401562937 -1.0208908593299673 0.5542401390524238 
-1.571138368371726 -0.08081178765238202 -0.20629368081842442 1.190481499565489 0.5594167898692468 
-0.4440538237266283 -0.03350535547474982 -0.9683232784974618 1.3323792187341548 1.402720142940474 
0.021128219092854613 0.7377804976818294 -1.0305695724183295 -0.7562750532059763 -0.2499066911756106 


-0.949274074338276

-1.1276589972767201 -0.8436884150556496 -1.150084962776159 1.1056495361253114 0.10935635710361856 
-0.22684502451490426 0.9003947692899058 -1.7166268717247612 0.7965051314122242 -0.17241478599072185 
1.7500576081409818 -1.9042985653200566 -0.8786669534784138 0.6394636440026886 -0.29591418162286204 
-0.26429721087844726 1.395770946943061 -1.2959937305509528 -0.17119719222084262 -0.655047778978454 
-0.048410466365624516 -0.6114677825986586 -0.1802801386914609 0.6231981668909199 1.1579960117327686 

0.9948085411283561 0.7376988588686765 0.14761669875061065 0.2758627709436199 0.3507003403664231 
0.787156593479076 0.6757745392640726 1.6824167684451625 0.9244655191617756 -0.5983071289285055 
-0.6165184260211528 1.4724632779155211 0.42579838404586734 1.1338893487067978 -1.1156419276658776 
0.17284159203229688 0.6679317577177739 0.4962956252780613 -0.10268931319196782 -0.09764006505706611 
0.32373135628168687 0.6479057623556131 -1.7156270867983296 1.395287576978419 0.5279576331616705 

-0.9488411518966161 1.2971146995916603 0.21899104714440634 0.28979812984439013 -0.35743632313001167 
1.0960702490280794 0.8271334391526096 -1.1085795767466038 1.5080865659994265 -1.9843307056215334 
0.6914364244454554 -0.12175704355814487 0.815655727595342 0.6428043019405024 -0.09080478839647327 
1.9064804974252865 1.1657582194831109 0.39643504905207494 -0.6106503971283718 1.1099127257342223 
0.4745752069000025 -0.08167746573986548 -0.8273040359602966 0.647759008164478 -0.2691552058853645 


-0.6923407443895263

-0.878714249415793 0.41969040919101797 -0.48509101471099786 0.8662382523401054 -1.0110961824551026 
-1.18862443074549 1.9112362802495424 1.6199375651944725 -1.1693869979596132 2.180085829321843 
-0.28182625166541997 0.24744526138638367 -0.9635672902693829 0.6729053773526255 -1.1580801655542607 
1.65327159878431 0.6939722703764292 0.747598792602211 2.4296296317846915 -0.5507864011247707 
-1.5272215194187466 -0.5412758954613107 0.8993267705638381 1.1007867449811488 0.2681904404651241 

-1.2148899626083853 -0.05354799111114246 -0.8360969085899862 -1.590165169773121 0.14509370116452125 
1.6679338552775946 -0.1843908873809715 1.10067939413123 -0.24334538792232388 -0.8703495269164542 
-0.684344334934945 0.08113529314042116 -1.0483083861523352 -0.277925211157258 -0.36511103912943016 
1.0685678261544662 -0.3249590803281558 -0.5471093356040232 -0.7130337609463376 1.0901121176123747 
0.6249882463530808 0.31832546454955635 -0.8842027469623721 -0.15943990342474498 2.1071560401992313 

-2.0612831328415706 1.069535605719771 1.591113931622194E-4 1.7351788934310024 -1.0320551197209036 
-0.08961511136626273 0.17159807583854178 -1.454950218211342 -1.1519216310018943 -1.2248936802919825 
-0.42766436006775066 -3.189899089146067 -0.2540855545858305 1.4520145737194419 0.7884335453361646 
-0.8790368170903956 -1.061053635038004 -0.0010531581629446476 -0.09437238513434758 1.89864286508056 
0.9642319923197552 0.02363988058023994 0.14968436818026548 -0.19497788619264497 -1.033119340953976 


-0.9414495429077833

-1.5120085363151148 -0.861707649289336 0.5453503606510457 -0.5917896306158319 0.11279650986496716 
-0.17784730048123903 -0.017636466369814023 -1.1434992719387034 -0.14999028480050966 -0.8239281075651621 
-2.2568451628896042 -0.8013599709446966 -0.2569019294199395 -0.523889906523193 -0.5167830465649246 
0.23432661150929562 -0.9365465691913859 0.12007566642974052 -0.9652009263682501 0.50290890955309 
-0.3989895499250927 0.33303201580262826 0.331981479916247 1.5584242815918063 0.7923976047286749 

1.9048965779067897 -0.5780123601229503 0.33451480725468435 -1.983076894408196 0.9309916349356361 
1.007885104655486 -1.703214408323677 -0.4237408658281482 -0.9905532311803711 0.24624708361763514 
-1.6516016135795382 0.5749942325493018 0.21562996813128119 -3.213854495760945 -1.4689806302955162 
0.4617475753360877 0.8574697907324246 -0.21977957457368003 0.4414725687059156 1.0490338592252313 
1.3579926923605368 1.1197946315620377 -0.5006105127885789 1.4841924279454228 -1.5910418993042372 

-0.11345146307087493 0.11847791443480268 -0.803730226633365 1.163549058059077 -0.8302881251694884 
-0.3207899026661039 1.420504909969762 0.31292387896393076 0.19860789114341035 1.2108326146665322 
-0.46983267604299134 2.1336430047631665 2.208546889265541 -0.43875700309361165 1.0199324282442384 
-0.8113990982763426 -1.2355154365779935 -1.1834754253530404 -0.29931809697033834 0.6159691279863638 
0.9789168715254876 -0.46257019060520366 -1.3573266050202248 -0.1938172813413302 0.4818953364927154 


-1.03080334825357

0.16380851034917882 -1.262689710131025 0.29006764943748103 -1.2982319169578442 -1.6620147901324958 
1.0450062335275687 0.46513206056114614 -0.8898671100104175 1.0183505081584947 0.14129338722047602 
-2.844364205796701 0.8814307716264534 1.156786936608075 0.20887188493169284 0.5479167590100705 
1.315580858530103 -0.20075246204108116 -0.8594010394766434 -0.3462066102004416 -1.156727031161255 
0.407552177080326 -1.2713571125463528 0.7796857072799086 -0.471912874663966 -0.49160395834478615 

-4.340550258312981E-4 -0.9638341711857219 1.168494241067026 -0.6773153858301845 0.19178545039090156 
-0.5350712723630847 0.5729907208614263 1.4309643426750724 1.0755412724102271 1.1560520440904785 
-0.13899547426063755 -0.0672669611703999 0.45624876994610836 -0.522167637913998 1.3338218451892498 
1.1916160476671237E-4 -1.6240760416075715 1.714886420518848 0.9015955366140566 0.7275145485971473 
-0.705115589374641 0.6448111844990421 0.4823942339545739 -0.7667965583627105 -1.3933611733918234 

-0.7486514602154369 0.24489090898872198 -1.7479563035560688 1.8761576293031845 -0.41513810001324936 
0.03162214113450169 0.751975006861797 -0.2461108414303345 0.25453166252149 3.1567078113326947 
0.9400501273114745 1.1271662078680273 -0.43081069689906965 1.3276053523679232 1.2966944066511246 
-0.05889295826887979 2.1501552078981785 0.8462841559844627 -0.5740074285890685 0.1409409374288425 
0.40092551429958206 0.35489945396837225 -1.4600698315570413 -0.7911740758808883 0.8857669190040347 


-0.6724624103214506

-0.4607898508903879 0.15658729726450954 -0.9690323998201501 1.477540451357588 -1.6355288360228044 
0.5048791699583861 0.3504646403846165 0.9107969433720885 1.1163662202532245 0.6368249228876186 
-0.6038601878769844 -0.3702801550730479 -0.09455377603084539 -0.6020655044308538 1.2252962357381143 
1.4281531134140326 0.3161802199589523 0.5817624722255768 -0.07739986059948865 0.5289512637381744 
1.518311860514768 1.5486363344361556 0.9979289484736089 0.15746280384895184 -1.6335845710294872 

0.5719011083862273 -0.07235973590447264 -0.05305273493803505 0.9592038533799732 1.1194002225643978 
-1.6253430880404476 -0.6578089554401204 -1.0733960830338285 0.27735523982187227 -0.3621988552127571 
1.867009585247314 2.2030627001067864 -0.5368818113609465 -1.7124147190504975 0.38003745383457216 
-0.8783995407406704 0.6513866096471523 0.6590000578529802 -0.0438104625318929 -0.1599970755398069 
0.4891259378490674 0.33482200117652006 2.093676848581744 -0.7428455062971054 -1.1049563517833771 

0.8672134842392392 0.41576480910096664 -1.1910263492188307 -1.4936640303082014 0.3275596348069418 
0.12681859436870155 0.841577642896428 0.29742367024797256 0.8144661035680605 -0.10391397449430494 
-0.2252976012542156 -1.8555143554355633 1.4754953895839398 -2.075974709279696 2.330731384433813 
-1.651505027567167 0.23865793961502876 0.844028039732814 -0.4069231805820224 -0.16741372113643685 
0.22631532979362926 -0.6502865698750191 -0.10073882404173584 0.6135826481821621 0.08571333962899694 


-0.7251603340770605

-0.135275886834001 0.2986185754677768 -1.3089520998690682 -0.11318532778489866 -0.282882422425 
0.4159947350048869 1.300881793235181 0.21886663242911328 -0.9014499156939839 0.5881684632303734 
0.19234403334268974 -1.843893819756769 1.0811638841602296 0.42119286270289524 0.31652550085481435 
0.44460189687233953 -0.5179238867880884 0.565353062366937 0.4617185687755677 -1.1317619867263593 
-2.2370624284351877 -0.31741489447558185 0.04413335919325003 1.3532748992891286 1.099262442280831 

-0.0602284497367757 0.10730313005440037 -1.0603406269274451 0.7377944712621367 0.9991186130076909 
-0.25728994833165636 2.43769993354537 1.1312344795365123 -0.48676597639743413 -1.1136086383944803 
-1.339050375772697 -0.46697643360136853 -0.7837096911095566 -0.8919499244216976 -1.8294654990449735 
-0.2579174690436242 1.3176726799171588 -1.3668100975199662 -1.073738637287535 -2.0331094433907815 
-0.21322780199305302 -1.7520616242485558 -0.3840321235257186 -1.3987833729771257 1.373255215418544 

-1.5471562431579655 0.1053602981040701 -0.42881582349982794 0.6204265594607734 1.1673992381976976 
-0.074660246173072 -0.2583039752205685 0.7797843650687587 1.5773527418750473 -0.3346116919200809 
-0.8574937467838806 -0.16561206425741834 -0.4893452956111434 1.4655401643960488 0.32935225232368726 
0.8522854475107771 0.2698619375867504 -1.2987466187308618 2.1322860221565505 0.04938891903300372 
1.2031213300621608 -0.5979009973163436 -0.8198397099217908 0.9291090359152621 0.7855686760855202 


-0.8500024677443124

-1.5350391008186952 -0.3392582237708998 -0.1581884003040094 -0.05208239206296401 -2.2808630730617527 
-1.9188637329827922 -1.0135808665727613 -0.5610881934890629 0.03330745578041785 -1.1775857646484837 
0.49755534578828386 0.24299742069596303 -0.9800466943337479 1.8232130004054523 0.9421453815730283 
1.4299635590036701 -0.6708702142468153 0.3604433344308136 -0.3928406735057145 1.723170918735461 
0.8544155404879947 -2.484108168658418 -0.5355152971847563 0.5211268312181386 0.23388008291606885 

-0.34726528559943737 -1.7464785408059165 0.6716351890555353 0.6630767242977893 0.10379595918955613 
1.222705918373684 0.7173950385084948 -0.1607400785215871 -0.8240572384610182 -0.2514474665405596 
-1.837517266037682 0.03860981221449566 0.36569239431578787 -0.713303611235777 0.8405532560691429 
0.46700533072235334 0.48176318789412453 1.1090988041818144 -0.7114549264922694 0.30350893695230247 
-0.19831687539770074 0.1087690822574517 -0.10375917384325661 -0.7920686474036358 -1.2819330902719894 

-0.6039332678363184 -0.09252993278446053 -0.2754656765197151 -0.19270758836311247 -0.2674704284452602 
0.18437408198945157 0.22996252844083137 0.2286384940548542 0.08468822038062689 2.945886071763317 
-0.6549988825402844 0.8679083360745063 0.6327112945001416 0.2846177939712103 1.997751818307691 
2.0730642124963636 -0.4405587847149988 0.9994351062441466 -0.7741026970225455 0.6177381518268719 
1.5394905829597334 1.1368374895818527 -0.8344752725472551 -0.01627095143590279 0.07729073001885528 


-0.8016942069417098

-0.5551883724403478 -0.809798873446298 -0.8562660373422109 -1.3118422224142863 -1.6631908677773812 
-2.326016411102611 -0.23229837114254537 -0.5042584094967524 -1.6858989413993144 -1.1053837896799636 
0.9229249411746822 -1.8248874836091633 0.9407694520139 0.17448505881441737 1.8088814586461894 
-0.4272146616830783 1.2949855647610147 -0.5462565197102117 -0.9773376270039849 0.9486133867331129 
0.37838360812481736 0.5222990088727288 -0.6840511473877026 -0.23759758971519168 0.9670059825522657 

0.8120589491792879 -0.09781564360721053 0.0012597903552116973 -0.35660838126163524 -0.9081898647943186 
0.6072489477206054 0.7507809915740142 0.41915885265869296 -0.7407197102057611 0.889368496100682 
1.2187517249174007 0.40362994904635174 -1.5773504356259358 2.998720418238149 1.9069273679024994 
-0.13338383235524615 2.0082887897966915 0.8197304076085139 -2.8560294689170105 -1.4027100309435012 
0.4516922180573408 0.3271457705862844 1.1942128827617058 1.9414002569416364 0.6856622605882258 

1.260566596945295 -0.5397064642243907 -2.3737477452206974 0.9711266328935815 -0.5910498550164671 
-0.4113014977086019 -0.14725915118826985 -0.5625466469510293 1.6137441163375057 0.014828019760548372 
-0.15662147131705095 1.0745395428912794 0.3482259087558727 0.21542914780292094 0.2108369872829688 
-0.012570602251698865 -1.688417678523469 1.1953119716687701 2.2339863049659057 1.1979893224119553 
-0.14952245135588724 -0.8513146380310517 -1.0282737214652016 -0.449671908879326 -0.785062679197532 


-0.7330074166989455

0.7863814572543966 -0.22404916481423992 1.0186814092927285 0.5967338658827406 -1.2286099468716092 
-0.42521838024067077 0.6786720859219588 -1.786135148725944 1.4498820211003334 0.4836445044519488 
-0.10002634892499135 -2.514599169961489 1.8762886259496128 1.568217598295095 -0.6457772215596564 
0.6494088757876112 1.8696664537684984 1.3532802012390275 0.3888243657239177 0.06870935904454101 
-0.13700706700045207 0.7762804195944509 -0.8672387055119913 0.1722285486907901 1.0452590460042006 

-0.9013874262665883 -0.30413719803724476 -0.04821818556340789 -1.205903997523858 1.9534340123580611 
-0.34068351587264845 -1.3849612604881678 0.41799019510423085 0.167003518715584 -0.9716099077193742 
-0.23321259859971122 0.13696038342122116 0.9056901566294377 -0.5237357526639882 0.09763152746923903 
0.03142267817226284 1.0503727008398405 -1.202566235867054 -0.5310915254643014 -0.6055861849328263 
0.14854421926445807 -0.8121967902617263 0.39937321909173873 0.017289702019225986 0.5023306114362621 

0.159315865680896 -0.7009866922150417 -0.2657219037279725 -0.12758742607625048 -0.8591254521243354 
0.4095003901388837 -0.1764231734327387 -0.29383163786550365 0.29626831256397784 0.7178939736235019 
0.8159498998623538 0.1237836398319573 -0.44317244608876016 -0.5848849142920783 1.7662447772136116 
-0.06719223903395513 -1.8571395075015538 0.620533896683464 -0.24142188780763013 0.7234031631979317 
0.2954094966509721 -0.682302316321352 0.35431657028158736 -0.38193555102385957 -0.15340607846452065 


