-0.06699564419766742
0.5666270261598797 1.0250006154116902 0.12558727910931433 -0.5355056579883117 -1.3002410426456612 
1.6486476619254533 0.25876386852727595 0.6801740086741578 0.035961424862292354 -1.7836819459804918 
-0.45288993577335424 -3.276662050252504 0.12260815475030575 -0.8005128652305988 0.9254421057008697 
-1.0184317909278156 0.8277699428623081 -1.4914143991679558 0.9637463167838838 0.15404136846894234 
-1.4960615455507715 -1.2416214881773997 -0.1460023520750864 0.6337136007937693 0.03459832270375648 

-0.053422950403170584
-0.7737794057271333 -0.7940777462422292 -0.5633886402346815 0.15475856805561414 0.7587872588936445 
-0.2382922536914019 1.0906410537716817 -0.9341522990751346 -2.258940680231347 0.9471854699376361 
-1.6063807362577591 -2.5374013278098704 0.8459468912753108 -0.4269887839957029 2.033734962127366 
1.0994404331025225 -0.35900488212606524 -1.6494277602737368 -1.955413083676962 -0.09824261039298497 
-0.3970025534487358 -0.6237870337197143 -0.5220722938967504 -0.6710354559342656 -1.9837076799169504 

-0.09782303161655805
0.5273146251569019 -1.1896799133209428 0.980240536264161 0.5810248869194579 0.5511008647343423 
0.0244327277295144 -1.7496827395788255 0.5688123364758868 1.687307901646757 -0.08531192811577291 
2.106901324055867 0.7935771226825159 -1.0979612932765948 -0.9395844009321819 -2.018335777608084 
-0.2758402732732721 -0.21888101525870454 -0.26928297522734657 -0.6283587874891429 -0.9789301283404277 
-1.3872556095533808 0.9052309949332146 -1.2550660154552118 0.29336854766808235 0.29967851648249894 

-0.21737882306945042
0.7152975485987527 1.7646394885228147 0.7764201468656973 1.460929070063473 0.38814667008852516 
-1.9461785095892354 -0.5594321858157895 -1.8906114999733143 -1.2634034250858377 0.22733478908031018 
-1.5699892916490603 0.5183175027059641 0.7458792089160301 0.17889031429093558 0.8596674025047615 
-0.8347145542435493 0.5915497891234245 -1.4908863640615722 -1.0687544649149225 0.36308648056910114 
1.1683396161270303 -0.5811463766431124 0.028317736114213104 0.474615411768533 -1.1204228236897755 

-0.17692922694378146
1.0397464637410991 -0.6554550162454229 0.905449246596236 -0.8902194515410199 -2.3940298144698655 
0.194455130591251 0.09734238951082541 -0.16976356455904534 1.447055230365493 -2.3034549641621584 
-0.9409196314494728 -0.2861572331498384 -0.1920259329762156 0.3613187722964586 -0.8265442738527967 
-0.6338400709951336 -0.07084507301380673 0.23240733412874287 0.5409328233793947 -0.435163273229232 
1.609174797807774 -1.310582086222252 -0.22701490581208256 0.6081654355870479 0.6785998659339554 

-0.1384158475053901
0.9338706316691454 -0.652111938171191 -2.995311065728444 -1.6893637568251487 0.1773570735107315 
0.9983530482847562 -1.2591565843760237 0.6603207266442046 0.09906071611662638 0.7954588509050414 
-0.4759075342817776 -0.830780557923064 0.7519780372391933 -0.47136600424686154 -0.010796164626571453 
-1.6451362827457368 -0.4154486994579447 -0.2375462330132174 -0.45270664796351007 -0.979116920960506 
-0.5037856100390056 2.1758046706222607 1.445177950100783 0.5911511392370624 0.8107745558274415 

-0.12227300674194087
-1.0289034171288687 1.9238026972839706 1.2117181195454976 -1.5446810048223625 -0.9648465776016513 
-0.10106235465443471 0.03319821366594132 -1.2183079732809552 1.4715964311519 -1.087651289445745 
1.9069620437742139 0.8024889375592703 -0.6432368184296303 -0.876749656373316 -1.11748072079018 
-0.6020598260998064 0.06353656374324623 -0.08274225778648467 1.7539266736651233 -0.08351277211518565 
-0.9801946323051288 -0.38545046962803037 -1.5544244096222404 -0.14522278862498797 0.7335339889654646 

-0.12152169804011587
-1.4833600480121472 1.9506389734462144 -1.5026261432737609 1.003392371936906 -0.6436456508200931 
-3.2333006666882502 -0.2987149699304173 -0.4174009777962242 0.44326151965998234 0.4818210666501799 
0.5070615532904935 -0.7814978940962678 -0.8404195908260453 -1.0033935736317157 -0.7777494322465981 
0.04349896612685524 0.9207081132424092 -0.03544027855951297 0.7189572106970759 0.8955417697490128 
-0.7648343453840206 -1.4020200716667939 -0.6516504546078503 0.23816232668265697 0.3498441867413775 

-0.11614858643318025
0.7645289076597155 -0.43495359883712026 0.7297228926352167 0.5768843007827922 -0.5867325313234851 
-0.11037686975866674 -0.8205407558480843 0.6024082274335211 0.01502443188577557 0.48329342764883315 
-0.2871607214313238 0.8924528326640836 -0.7478047827224108 -2.0729300811195963 0.2181327603194989 
0.8686319922481922 -1.5238378996281101 0.8527121075939719 -2.0950289203383132 1.0887435433258512 
-0.47454817147928774 -0.19820496954688077 1.7904718593500746 -1.0804042807477388 0.05108979386005258 

-0.3094501476896488
-1.045673818175346 -0.9598005204093348 -0.2576775610195569 -0.9393719405469727 0.524401830197505 
0.7887857022418017 -0.39978887189393125 0.0925152926740595 -0.5631246057897843 -0.282096816163055 
2.018132488056743 1.0417930792165329 0.655132248156048 -0.889049078803278 1.0071539611551568 
-1.2275277103088162 -0.5451617211203234 -0.8228155885323556 0.7777647148656285 -1.125297463199736 
0.7210076455382656 -0.5282649742432837 -1.1145240524861204 0.3983221551086183 0.6426301544866391 

-0.4757046890285313
1.1586751536891078 1.0833030603372664 -1.1118983263275444 -0.43671084218660156 -0.333226992823349 
-0.9929970417845365 -0.7137502027928738 -0.9531128423762387 -2.3552050997832623 -0.12280953742313583 
1.2158838192745938 0.7485198115297157 0.09321853020562798 0.23153851076197826 -0.23863139190209687 
1.0837843653932473 0.44249805581631324 -1.7295223899660368 -0.1543133782292418 0.8041335912825365 
-1.0896485788513433 -0.09463394397533414 -0.10778268470694728 -0.7189528655592312 -0.3791054744973944 

-0.05660790204808475
-0.8792331536376352 -0.7483386791867161 -0.5204281467210118 0.9401378665285443 -0.8140104114414475 
0.34667219316621606 -0.27927603087163994 0.5437589133750405 -0.5308570591764775 -0.5406709490861292 
-0.9744373600545159 0.6889901420483693 -0.7517729907809166 -0.5626024427208179 -0.7026534094771185 
-0.956512304799046 -0.6105507419526701 0.3618578696894018 0.028034174407915082 -0.14480957038779657 
-0.24484599430369008 -0.31771733331501206 1.8362654623308412 -0.9005441350953315 0.9046821449035258 

-0.018053710568562455
-0.4080578962621746 0.23251674608223033 0.6246817988965289 -0.8911681653943984 -0.31703977509163866 
-0.578563218424282 -0.424458721185534 -0.8659516618003484 -1.3719800074981285 -0.1808652140641939 
0.700688257180361 0.7204807015414062 -3.0850729906335976 1.5027180070074915 -0.44856063411962743 
-0.6504060825912924 0.3802924521866566 0.42211825466879005 -1.471911744397228 -2.155332832086533 
2.2449405177144377 1.0935304091648994 1.5867481762038327 0.2086020558561753 1.042526317132443 

-0.2820094475764526
-0.3939666101843215 -1.5464206216485812 0.18910667015989546 1.4682649327266624 -1.347487703483845 
-0.9953883219358507 -1.2444680098340666 0.5078658898584608 0.5035678102015999 -1.2796184644881001 
-0.23750837690935522 1.323218518798963 1.1937591636183904 0.30620035760950615 -0.445899508250698 
0.7369337149452433 1.540472729189446 -1.5486517819884567 0.8403013024418561 -0.8838214253476636 
0.533535500031085 -1.0820164105652983 0.4887215321411811 0.993797557093902 -1.0260181736130074 

-0.1200287513541565
-0.9381297908877209 -1.1450102993751337 -1.686014225481404 -1.3986216257941186 1.4439125626492662 
-0.4310199272450475 -0.3099431421330442 -0.3766025277125317 -0.46406584747661733 -1.9605495332018523 
1.0796577048866702 -0.08423681127148638 1.2359544758065943 0.8588877534241811 0.04972784514149177 
-1.8700384295606005 0.4441889202118468 -0.1441300954908991 -1.2269976792461508 -0.3363828378036873 
3.211542507781464 -0.015853990692977365 -1.04931839512857 -0.9943454397987337 -1.1525758165969762 

-0.09505844787762593
-0.06927135982190681 -0.4796833046345533 0.552805832984578 -1.3633929930514095 0.3485941054576146 
2.153665040114192 0.6524648705191687 1.9662796335873547 1.170285866914742 -1.5392640747464816 
-1.7580702666891428 -0.41939570909435736 0.31183371645218827 0.08137074849075514 -0.8979482391522646 
0.08312917151973423 0.036822997909954684 1.007769356318411 -0.7888524563115852 0.25162696452079114 
0.8143065237248318 0.21730898417313818 -0.6509256183552561 0.6438531558050369 -1.1720673917854005 

-0.2860801931515008
0.8381527105963956 -0.5233955841834111 -0.28753100531531356 0.13746953300559492 -0.6454063150195163 
0.605686239197959 -1.2503871349364795 -0.488939001690577 0.32790665634849514 -1.5679878391617927 
-0.03151911834581748 1.2451161603561631 1.262336851289051 0.9676370200585673 -1.0678829323784536 
-0.2714123178918388 -0.5562596751294696 -1.343940776116819 -0.31144221313341197 0.7619395839440456 
1.0222481689329668 1.2974198602550526 0.9231525202876343 -1.2722953690121954 -0.3007305307907199 

-0.04072852791703975
-0.9940924919396227 -0.8518190559090186 0.30933391568651897 -0.40831355388499596 0.038827359629189546 
-2.183642883352328 -0.5852438553301168 -2.445561835470341 0.049127814088839324 0.5983710931740861 
-0.6120901037961598 -0.13394988977421207 1.5790235472334573 -0.8725577445664541 0.30126294115819807 
0.2896176763479989 -2.010134229759738 -0.20851060615210915 -0.5034396751462072 0.1945852839688674 
0.8965123085032211 0.40988880785112786 -0.4566487656024799 -1.4400754396553268 -1.620956192372423 

-0.10267633506596184
-2.5661083837909486 1.087463721638076 -0.06100116262731335 0.8941107902722639 0.10063991531563939 
0.04512858942113606 -2.7693997200898455 -0.3224657000833593 1.06340304485556 -0.29388864031868905 
0.5747982477419479 0.1293920917437851 -0.14599858354256115 0.11629615165091259 -1.8827278337813023 
1.436479323314602 1.2543679443580111 0.1380905782487502 0.976132282532004 -1.1190926209133456 
-1.8280825290993479 -0.2325396494864009 1.0406413298177597 -1.3940414592826686 -1.2054286292262666 

-0.2980094782034563
0.1764939421118417 -0.8587919929100347 -0.15842935783653417 -0.6995471761834215 0.4010669009687831 
-1.4219124693972975 -0.528190467596281 0.42408642677646735 1.6061132038130954 -1.2236837267605278 
0.05694905593791527 0.5495743970605412 1.5108396462582103 0.20990850713744375 0.4712858606757412 
-0.6443686393858972 0.8637144487838166 -0.43739455095542623 -0.06471516725708051 -0.8714538838631793 
-1.0276429910960774 -0.6274830627256683 0.27203499195256997 -0.9415433204360892 -0.4145210597807793 

-0.16011815101713936
0.42978405267744063 0.8141740322179386 1.3829065904905566 -0.2714622263898048 -0.503679020255242 
-2.6178723830898947 -0.999676512710285 -0.31017253889306434 -1.1838861325914025 -1.7751594378098616 
-0.3863687060849602 -0.717444820163983 -2.3838349319362404 2.641422124712928 0.705639657827748 
1.063762513528204 0.672111743670014 -0.5335778615528821 -0.16188061046145785 0.5915255491961975 
-2.1446119251802207 -0.37431257246578503 0.5486290854971385 -0.2977215158683235 0.1721049038594444 

-0.12792845458261332
2.5596348671488376 0.3689658168439266 1.1483917495626879 -0.2710656521933824 0.44284585562561535 
-0.4977598420236193 -0.58016673806739 0.0054160931443671 0.5527959814989587 -1.188984009967167 
-0.5858443002491788 -0.2952249233883832 -0.09880990242766051 0.12460344890724141 -0.9646579751059318 
-0.924129053307748 0.3750180341243394 -1.396410017927239 1.9969381812436058 0.6395335490684905 
1.7900356490936056 0.45849692664055297 0.8573836931545205 -1.620765323226513 -3.0365192965940198 

-0.26336250956720797
0.3863374937249542 0.3478569946804043 -0.7206767782166529 0.18546553431121848 0.5572010098625141 
-1.5145206476153394 -1.1212364731564506 1.1772430789706958 0.8911924591994732 -0.03815357336167071 
1.0904029646905795 -1.490705085656318 1.6652355106146584 -1.3869074254672848 0.09234855624279051 
-0.4363174878260778 0.4160793638624752 -2.2689578977475415 -0.5000056171312341 0.891808212657933 
-0.3165622452409672 1.5214170890230112 -1.239144335086056 0.04499168863587871 0.7198541798151565 

-0.195807573951194
1.310546385420364 -1.6224698187714814 1.8486620055151728 1.2823603731224398 0.33273438200736294 
-0.7672379968529773 1.7720682047416825 -0.6539426479882153 -1.9635136969879596 -0.10448385498531698 
0.45228742777420944 -2.037779107026918 -1.1805564140728981 1.1906728472670893 -0.23594133056877367 
0.9160991263840808 1.2723017481779222 0.3956134675268094 -0.04498904306079043 0.22732285571051117 
1.2054536958142008 1.0384829027510403 0.6704475102826681 1.2137180578807985 0.6737985834736993 

-0.016630886863408224
-0.5557559608640549 -1.225237918776819 -1.4056776085422005 -0.6919226447793708 1.8560631972706265 
-0.12771508040002594 -1.1318711308869573 0.7059869258327974 -1.7850471259394707 2.7426148809677917 
-0.032327412960238444 1.9945157840942518 0.38878845264693573 1.0441072509411395 0.0320706829467917 
-1.2387133029136685 -0.14329352890600744 0.5504467469539563 -0.986303577060915 -0.14845663051762772 
-0.13241949905042022 -1.842240638739818 -0.2098641471432631 -0.4709013069779155 0.206995556188974 

0.12293908964489576
1.0552051755055973 -0.15170258176622714 0.9275728050538209 -1.3794387922515086 0.8643954834464128 
0.5237224917572837 1.0926457289333433 1.770921889900157 0.1830449900024993 0.2499393294008533 
1.383853975466974 -0.9356305217900157 0.6703049642974808 0.210251899204879 -0.6860166008337281 
1.4659923184004278 -0.7137407674445186 1.2832964224453192 -0.5208473297436684 0.25970934034721177 
1.7441875259397472 0.3946004977145257 -0.9950019768588901 1.3581696330382906 -2.0108815588510307 

-0.04930214373240071
-1.1818542862912165 -1.7525447177688351 1.9920362990161817 0.04407756409122971 0.9432042877572614 
-1.3396082714548196 -1.0075493249384195 0.4846903272341972 -0.5550398327447007 0.3161947954298379 
-1.7737319053713585 -0.8675209892775868 -1.2533827039820022 -2.336589810734034 -0.16808513424353572 
1.133211618298333 -0.577637351770036 -0.7603238815277772 2.8537977388607496 0.28262928291518125 
-1.769983966181713 -0.43442154096912183 0.4675966913139415 -1.740834809467415 -1.2529529597965046 

-0.06636662556596507
-1.641589887409022 -0.9038746800912582 0.298316116584798 -0.18075451488497554 -0.15150103056821548 
-1.5058212416408512 -1.889254521058805 0.2667846848884268 0.5989663698473803 0.9265995166817244 
-1.8604149227480191 -0.5214699259626968 -2.973329125605658 -1.2493116394308625 0.03149622323855291 
-0.3367944193987973 -0.12590497412672613 -0.6320956753573189 0.3672355572300466 0.5325321690587151 
-0.665323503046724 0.6154079486171146 0.44459735023391006 0.5447773064839081 -1.0396486807717709 

-0.27834344920466164
-0.47147249472613384 -1.473248897406966 0.17511605847606745 0.0679755622623028 0.041394804895235594 
-1.027803814068805 -0.6333902100375357 0.3375883307104503 -0.27014688574700674 0.6567058303275435 
0.227248031965475 1.2422625171159536 -2.722821578028128 -1.2330027578720315 1.8732495584801778 
1.3444547974947207 -0.3481481784392229 -0.22619856165299812 0.40694149989023914 0.034505719475202104 
-0.7282005929576981 0.31905222938404887 -0.93625148119343 0.41509289938498284 0.4841789728938585 

-0.08417022708735188
0.09912893944246326 0.8657069408810386 0.7685336397670743 0.5572883221252795 0.5667203323532929 
0.3704985787880389 0.5588497037818343 -1.8779472113880131 -0.5089812562901669 0.5441401018970405 
0.680087937908637 0.22571827040550296 -0.7124470229805483 1.5523847563833402 -0.2797528684052499 
-0.44718681472108446 0.0020530890605686674 -0.9357740360068325 -1.912780283817838 1.4879775499992187 
-1.1442997921837677 0.42943923286701075 -0.46252037125193335 -0.36799574933758433 -1.154897534367704 

-0.1428254261521798
-0.7588775760221752 1.7900294244386277 -2.232151578025528 -0.997652463168992 0.426206654294804 
1.4542861027757665 0.0822411503827611 -1.2173934634417083 0.2474368170066818 0.23492570945445773 
0.31476163112364886 -1.1495121075962376 -0.8338959755393176 -0.581275362463079 1.8748915642277664 
0.16080349817894168 -0.15827164221437998 -0.6976729834977012 -0.5117097485339045 -0.6005559583097984 
-0.6830813379355628 1.4805497540317967 -0.8651473210043926 0.5385948023816275 0.7535058646238519 

-0.11661737404798397
1.9519457549715569 -0.37999558828140595 -1.1550943898064832 0.7548851394672207 -0.38196213096949033 
-0.18928880918992536 0.44920836388099405 0.016568357490632322 -0.6891166689747906 0.7497872747959411 
-1.4088340233873333 -0.14638820808926792 0.7964323869515613 -0.850535470209539 1.0720583042971414 
-1.0975273852508156 0.5090863178937948 -0.7510583082425113 0.07135523152124974 0.1006744141747083 
0.07948995729875798 0.5646131949003725 -1.2453282070007807 0.08964583523153995 -0.21241774454627904 

