-0.07030105035913427
0.5670750489391693 1.0251203631011983 0.1261009389843676 -0.5351662747187923 -1.3000738716787588 
1.6481096501963879 0.25767897504491644 0.6825575269925915 0.040294596096670306 -1.7794358496427598 
-0.4537593206639594 -3.2779015606509803 0.1263372420240168 -0.7945344185429456 0.9348263417719795 
-1.0192058642056327 0.8265397465822099 -1.482471475911889 0.9726079425392883 0.1574246990107211 
-1.49673200126748 -1.2427532868855302 -0.1419714084277622 0.6421203876828891 0.032179997165314694 

-0.05288615813568491
-0.773552280530921 -0.7924734208986651 -0.5613836222963176 0.15663332302126096 0.7605720103383098 
-0.23832207728631252 1.091879553455717 -0.9326558260314913 -2.257758863120424 0.9483446844224978 
-1.6067273989945383 -2.5364249438886306 0.8471283354732602 -0.42595010598954147 2.0345998895810076 
1.0990169059330268 -0.35803634758673336 -1.6480351609367307 -1.954191222779282 -0.0975565640331732 
-0.39735488710087313 -0.6227277140892556 -0.5208786043401558 -0.6698801219421339 -1.983008657427199 

-0.09584918506346567
0.5319630052102052 -1.1825500362746348 0.9864480771493828 0.5855104805630905 0.5551543945116088 
0.028314547856058893 -1.744851487103502 0.5719492084554476 1.6907491633707565 -0.08100873490254504 
2.107691517239154 0.7961125086644856 -1.0970618991631391 -0.9385614988654122 -2.017369201408138 
-0.2748507980946503 -0.21581337203570028 -0.2659389014448027 -0.6270236901437839 -0.9780567108245112 
-1.385171060598831 0.9078423032831229 -1.2523384544060032 0.29465701996656324 0.30050793615127747 

-0.22231823415697857
0.6731036841267996 1.76147852161092 0.7689093065789032 1.448655256072066 0.37284684366658266 
-1.971250107158139 -0.5442508878373767 -1.8771959830970593 -1.2591134881513188 0.2288028730389206 
-1.5938408448843815 0.5297858978665734 0.7568944453318039 0.199431429216938 0.8753568565843555 
-0.8579204194892972 0.5998999211197232 -1.4823827663759825 -1.054150574353053 0.3726904139269359 
1.1444439722929802 -0.5689169900380886 0.03774868378847517 0.49208948940099917 -1.1048878519272451 

-0.19018838582846076
1.038263149650443 -0.6567736775463334 0.903245766683138 -0.8924553699712259 -2.396254585399348 
0.19397827949221305 0.09708705413942509 -0.1805630209006815 1.4358543782900874 -2.3118491645076613 
-0.9443363454537727 -0.28870378989082696 -0.2119373926386734 0.3459055173103823 -0.8355558944659008 
-0.6371891989703025 -0.07319457696628989 0.2178787076397124 0.5287490851871837 -0.4457701883448156 
1.605572894191601 -1.3126855258314674 -0.24486793306602783 0.5961119147457669 0.6634891535950934 

-0.1248562858954823
0.9471718643112674 -0.6450487012344566 -2.9916584838670053 -1.6824732920922576 0.1854687060655435 
1.0090920078282772 -1.2843005710763802 0.6542923362117101 0.09522567911277498 0.7966763548877391 
-0.4549229098144411 -0.832870409969943 0.7767724651712313 -0.44810728854252024 0.010706060115871696 
-1.6176591395916808 -0.4079505582663996 -0.20550131422314669 -0.41315282476483634 -0.9541943978908342 
-0.4687598542045286 2.19558521072796 1.4816655866791033 0.6321465839695631 0.8455360181876329 

-0.1169018264822922
-1.0297163311567061 1.9260646846677716 1.2142567345302302 -1.5398643481677883 -0.9631099893235588 
-0.09959139871366778 0.038342170207787615 -1.2155488184943184 1.4765915197655473 -1.083159775053659 
1.9167645228636148 0.816737035563666 -0.6356097396101026 -0.8661674649139032 -1.1051799896076202 
-0.5919023170779353 0.07717809969439195 -0.07214253633980026 1.7667472380851101 -0.06987157357176356 
-0.9727428440080169 -0.3734030971053848 -1.5431894570778082 -0.13033200504247325 0.7467980427286972 

-0.12144167983487728
-1.4828063357935661 1.9611233186294472 -1.4948120239550604 1.009929795906463 -0.6384347323933497 
-3.2322563874002688 -0.289697981816303 -0.41945114236456 0.438827970865651 0.47660591363422283 
0.5082348230592014 -0.7765153776406217 -0.8422246663193823 -1.0070228337550962 -0.7844330655014544 
0.04451539713923256 0.9250565972951081 -0.03537716494818713 0.714367444068033 0.8888132398448657 
-0.7638055466286547 -1.3977797272680155 -0.6503481076498042 0.23259545095763937 0.3427090028494441 

-0.12020535865126265
0.7675449663494963 -0.4308550905931677 0.7401650671835472 0.5900273638975376 -0.5788948677442142 
-0.10741537188070799 -0.8167427007041407 0.6024792648785793 0.01992927646605222 0.485404970698134 
-0.2848528821517982 0.8953306014144069 -0.7519177661590754 -2.077132535801265 0.2096683837158834 
0.872177263321073 -1.5198112022005057 0.8515092517082339 -2.0979316932370233 1.08071502301896 
-0.47278873184973985 -0.19450967154454157 1.785862358220359 -1.081128731740443 0.03965967035522002 

-0.25619478407502044
-1.044412132882653 -0.9602877199327889 -0.2597321662340209 -0.9422659702859978 0.5209182321448663 
0.7562169311035896 -0.4354849201414271 0.04557360073288804 -0.6123932860685823 -0.3323120582237909 
2.1215910583303232 1.114059937783739 0.7249642362379569 -0.819836218659314 1.0605741938486986 
-1.1384250007003198 -0.46290091935871674 -0.7359602981369321 0.8596000925076426 -1.0464936719613922 
0.8042247949939322 -0.43988853264582656 -1.0220246449790515 0.49447266110864946 0.7222862190123622 

-0.41676062192103375
1.1595708850534632 1.083618456912449 -1.111289354072901 -0.43621043430802753 -0.3328597692988227 
-0.9916900534430088 -0.7130555604131985 -0.9525315573752491 -2.354716875464418 -0.12225729507921097 
1.309140388660546 0.8417054179191459 0.19189886579868554 0.334554624454597 -0.1403376813262211 
1.178902944068538 0.536977838604307 -1.6336299496847428 -0.058658977571111805 0.8980823459191906 
-0.9981620749903929 -0.0025928206216448793 -0.010325973164899284 -0.6216335406224974 -0.28713101585475026 

-0.06347885829993748
-0.878388717161299 -0.7463184236344294 -0.5125783657258032 0.946815391989702 -0.8081617339103523 
0.3475874530073666 -0.27550547791408286 0.5525792891510235 -0.522523178833638 -0.533337111683662 
-0.9732806985859193 0.7007073457732623 -0.7603476154203499 -0.5628269006593911 -0.7031243243774663 
-0.9554243532569802 -0.5987214150038317 0.36069554150336297 0.03146883663378252 -0.14142207016649258 
-0.24371405572061702 -0.3092800280727528 1.8334470146539834 -0.9026926778894927 0.905316338680585 

-0.06982904496115372
-0.41704787705524615 0.22365826742607922 0.6149371380545298 -0.9026930088372246 -0.3281383864044585 
-0.5814110246235183 -0.42637671256773474 -0.8700271551291948 -1.3775264028534135 -0.18647954341583725 
0.6268348041884332 0.6340234205369175 -3.1660094177100397 1.429076672807508 -0.5229960451687541 
-0.74305157608669 0.28268260950582363 0.35364991252605227 -1.5353581032839982 -2.2391095073963876 
2.1458420401706935 0.9993833829340825 1.5150778040276178 0.1520745222315968 0.9586862088586986 

-0.2898417078323093
-0.40720613379684345 -1.558367234329225 0.19965809733130713 1.4742663796298778 -1.3480868112939404 
-0.9998432338773859 -1.2552881048777103 0.5096438821568918 0.5024076162755873 -1.287178626428497 
-0.25489889560446916 1.2906034715427854 1.1848764266625704 0.2807615205992931 -0.45492911589769736 
0.7142737194610695 1.5056845679288642 -1.5599043926539686 0.8138994608053446 -0.8805207918272401 
0.5004917145436102 -1.112634606506373 0.48228511734337864 0.9831337655380126 -1.0208617431335565 

-0.10781828224550459
-0.9352093164730959 -1.1420185103935825 -1.6836373408560057 -1.3963439826561836 1.4460731883903575 
-0.42819150312862764 -0.30704804632972194 -0.37408422920879025 -0.4616850363101759 -1.9583468830404087 
1.0869955005631302 -0.07997772405677091 1.247868643776782 0.8630160354232215 0.05218706958179218 
-1.8758325066795445 0.44283557538723234 -0.13868179152145232 -1.2200109076847891 -0.3348570567313178 
3.207787769146831 -0.015784162999863408 -1.047449432842255 -0.9824816759810802 -1.1520722419242218 

-0.060807640855731517
-0.030078621369164362 -0.4871932189887393 0.5942402765065925 -1.3396729989721563 0.35686136661215584 
2.184389357066403 0.6595776971602617 2.0034279620294213 1.201176126203286 -1.513439239393333 
-1.7283972687184563 -0.4234478530494152 0.35039949705112877 0.11180851758846502 -0.8459162531996284 
0.1007043873130772 0.030727258034167006 1.04999267126639 -0.7385612725968823 0.3163861647022988 
0.8310060319565452 0.19724863393125672 -0.6169230269509088 0.6829454942032109 -1.1254453815611762 

-0.2591463557914521
0.845516555087134 -0.5171373113135878 -0.28151562467240576 0.1392105866660318 -0.643927790925438 
0.6162634128683269 -1.230662180185618 -0.4728172423014225 0.3383135693680406 -1.5611080230695102 
0.045939616270785334 1.3139911411996648 1.3242855026551985 1.0059981503636697 -1.0303982168452488 
-0.21197736719886665 -0.5050473321877124 -1.2845229478666003 -0.26060972360927076 0.8020526784829995 
1.06813190046606 1.3244787339523028 0.9752281339201663 -1.20278121525165 -0.258244374413371 

-0.04102538458118754
-0.9942911729680061 -0.8514218091134157 0.3103688964534423 -0.40751911287904174 0.039491412002181585 
-2.183958089101838 -0.5852125805704939 -2.4450815955359833 0.04937382969779609 0.5985367480225146 
-0.6131622322218334 -0.13488319319727404 1.5784496475221033 -0.8732964953239033 0.3001330534236739 
0.2883406570409962 -2.0111787897931426 -0.20896183464276522 -0.5040380303030781 0.19347963905554044 
0.8951612543723964 0.4088751275089558 -0.4571849736619525 -1.44042665873027 -1.621978376250478 

-0.10260762026532085
-2.5678246890760503 1.086898396896 -0.05804916592094993 0.8978673384769063 0.10373344643222894 
0.044458330613322466 -2.7687981714958707 -0.3198912880323137 1.0662494701710516 -0.29085993802129295 
0.5720085982682219 0.12572143565167904 -0.14761461224953698 0.11330998377732908 -1.8838433931978444 
1.4343833666041783 1.2497310568345497 0.1347374146331375 0.9723104905671897 -1.1199589151965328 
-1.8288233500857278 -0.23393143696154234 1.0386742830885969 -1.3963099320548282 -1.2057132975061384 

-0.3055733424517744
0.17661119212458093 -0.8125222785409059 -0.14640511278972562 -0.6956957280869698 0.40188833682116204 
-1.4235361761948662 -0.5142088726208757 0.3797043134077175 1.5588272852253555 -1.2588193523906277 
0.05469924111503571 0.5853283428330963 1.4987851194628363 0.18798154779003412 0.45981096108177894 
-0.646066885523656 0.8948929183809342 -0.4428074524417846 -0.07278921937054518 -0.883638772686981 
-1.0286981112240794 -0.5991507641687368 0.26183664621211095 -0.9493200339074269 -0.42533012208837156 

-0.18440093314007378
0.43065539314175044 0.8142707011932402 1.382715072773041 -0.27054677940894223 -0.5029025234658794 
-2.616842869990198 -0.9985873839111 -0.3098708543796498 -1.1824905395227505 -1.7753071540070589 
-0.383740625408302 -0.7126437313316146 -2.3921589486519634 2.6462149674798985 0.7175829338874107 
1.0609694589370902 0.6791118955019426 -0.5353587635432354 -0.15822156934838538 0.6048694234299802 
-2.147826000561773 -0.38261432378761806 0.5447346526817466 -0.29874253674783974 0.16638487975968888 

-0.12394364620929157
2.553669030614422 0.35035659043765127 1.12620703170832 -0.2837733731759361 0.42926034861236856 
-0.4975541256182046 -0.5784927019357136 0.010088261079495568 0.5528180761442066 -1.1861279490421164 
-0.5860888537148004 -0.28954520051357074 -0.09617570083734721 0.1261594395000504 -0.9581271692821383 
-0.9318887430689164 0.376610047952571 -1.3964459635012405 1.9933700380585235 0.6369220382217659 
1.7955553284568584 0.45662542092416036 0.8526777702528816 -1.6173859069677963 -3.03465388663859 

-0.21086651026448924
0.3935602740102364 0.4346389803435254 -0.6124083709863615 0.28594054825314935 0.6481177180901582 
-1.5033006341663893 -1.0326070082274412 1.2908799087376257 1.005935706365427 0.07270968033902395 
1.084989460411822 -1.428583752982568 1.7608045241064343 -1.2895811170425202 0.18597453378338202 
-0.4405085925193128 0.4841843387289756 -2.166366709051708 -0.3980659071143533 0.9806895938253204 
-0.31405917744841233 1.5913447564937595 -1.1435585769935879 0.15066216027229834 0.824654295256641 

-0.22064831189540443
1.1841933229906474 -1.744098701201911 1.7182254641642893 1.1416733920338182 0.18315311861515368 
-0.8635426814518332 1.6710451297650746 -0.7761789826350259 -2.0859577827486158 -0.2291984700477146 
0.3742030719575356 -2.1145632182135854 -1.2410539112716388 1.1327275066486306 -0.2815895140603593 
0.828654865938007 1.2087682589090443 0.34794470507319114 -0.09399046543958499 0.1839061349007269 
1.1299306919653043 0.9649118703321045 0.5914350493659883 1.1655968784389887 0.6157809679818341 

-0.013612035959798157
-0.5363666129575773 -1.1956847268318929 -1.4184500806668385 -0.7123567015777588 1.8336337543058057 
-0.11650096448580195 -1.1400085809832785 0.6599726235868594 -1.8487828374135804 2.690615123016616 
-0.020135644879767295 1.98773601057734 0.36048818238236696 0.9782122038795437 -0.025531097575326806 
-1.230757660046188 -0.15613968988713398 0.5373568943413967 -1.0105174474076126 -0.18572935792285902 
-0.12393899604526007 -1.859686708661603 -0.2235168787639524 -0.49256929690447454 0.16688085275488318 

0.01790779579904473
0.8313473598244268 -0.36678969774246806 0.8244825121628853 -1.5005822540029032 0.730180117236709 
0.2787827857945265 0.8242556719357375 1.5898568395572654 -0.022875811687035504 0.050041212723166285 
1.1450073142044797 -1.1916401756129646 0.4871661241825425 0.00623372071580282 -0.8678022384913168 
1.210195135791731 -0.9655735041321283 1.1210882455943652 -0.6951273363101089 0.0850092049959321 
1.4810952715422534 0.11353806907835759 -1.166236176921572 1.1902650575624667 -2.1757396583707664 

-0.04373928875216648
-1.1803060169070352 -1.7521367134288754 2.0080618697957675 0.06076956544636462 0.9590097776290841 
-1.3376695817282218 -1.006515857251476 0.4944564199310231 -0.5451758264206039 0.3270319515929253 
-1.771675858348032 -0.8665159854702948 -1.2411798183141582 -2.3316495936264636 -0.1620775684383274 
1.1352607549747211 -0.5768270032513826 -0.7463875656585346 2.858632737975495 0.28678658994925516 
-1.767982212003739 -0.43377850533061413 0.47818514702274945 -1.7332883624917927 -1.246260420356466 

-0.06657355797981332
-1.6419682025331346 -0.9047565615591469 0.2979615102511678 -0.181281174285839 -0.15237891794331732 
-1.5059373523443105 -1.8898726403455701 0.2664648731805706 0.598266711126281 0.9255178227779719 
-1.8602729346534184 -0.5222626209290784 -2.9734784628068445 -1.249613995123017 0.03049479602296706 
-0.3366870191404874 -0.12665710222625495 -0.6317890624201622 0.3671079793704082 0.5315066882237391 
-0.6652789369003819 0.6145056476861711 0.44446296456318934 0.5444547240264918 -1.0403055668476993 

-0.2749342510606752
-0.4708948790987299 -1.4737276272581676 0.16120755714494686 0.049566463766331025 0.01786727347808356 
-1.0285801150233316 -0.6276911866136239 0.3313016647969331 -0.2737224937308588 0.6486372438836171 
0.23382341881392832 1.249485429842578 -2.717955687985678 -1.2288138044796362 1.8514332500717776 
1.3394525133826691 -0.3412233576357866 -0.21023081659111645 0.4174355751920055 0.022108996537900865 
-0.7290242330135895 0.32750610143294817 -0.9283355031185448 0.423422729087122 0.4718925639756893 

-0.08800129627480292
0.08343205040486636 0.8424170461530386 0.7463294173298962 0.5425354559972184 0.5541088008335816 
0.3637663400089428 0.5489636140914399 -1.8823006408108125 -0.5145338745578121 0.5364548641797284 
0.6696498384979853 0.21698856598327093 -0.7143933055741358 1.5487264734510833 -0.28871061513839386 
-0.46000793749413543 -0.009384789591298624 -0.9376117800038264 -1.9217135272452928 1.4793763785865484 
-1.154246519815767 0.4201168169915317 -0.46770406566994643 -0.37386900568940057 -1.16130643951234 

-0.14793641464815319
-0.7751370102643302 1.7727686325689105 -2.244417406952438 -1.012202283024528 0.40877698723440264 
1.4500040880976184 0.07602358420671353 -1.222984351717302 0.23701785929617067 0.21656123465191304 
0.3085286678993545 -1.1581371539533742 -0.8431986834176911 -0.5982752919141464 1.8459781839407303 
0.15200925617308172 -0.16521995518540705 -0.7063970030182694 -0.5318787534850331 -0.6300659489420994 
-0.6877549608266997 1.473174612394853 -0.879176601004678 0.522422598888178 0.7275759337973942 

-0.13385448359422425
1.9643391586007424 -0.37020947808913884 -1.150600592605261 0.7581168804309014 -0.3819107525230782 
-0.17815803959405185 0.42368204154184286 -0.013702356493338185 -0.719076661016698 0.7192266570220051 
-1.4012623341040977 -0.1742209103189989 0.7672522942572667 -0.8833293819107639 1.0363284436571034 
-1.0900824386226664 0.48264988897557515 -0.7743099527672803 0.04197711723776515 0.06688646780393814 
0.08761304311459558 0.5410462312403065 -1.2675560840517748 0.061794655258302675 -0.2434142293555575 

