-1.123219273642663

-0.34839124029237223 -1.4511028942277802 0.15644412579793668 0.6674265520889304 -0.9882131300680221 
-0.23258848486410785 0.4825453791825423 -0.8228081850928004 0.9595797131156987 -0.9342816411245367 
-1.3595620687487133 -0.3057214026678731 1.6293428806489694 0.9593870641316373 -0.5230893311786103 
-0.3711621635437379 1.4308767031424154 -0.09851771492143152 2.356712344088912 -0.3981152639480023 
-0.8097044755732886 1.5790767180238645 0.9903246268254452 -1.8409021489686386 -0.9252740166839218 

-0.22226993209136733 -1.5201862549749154 0.024905133852016245 -0.12941638421319668 -0.15237797174948386 
-0.6946970910021324 -0.34748745605346276 -0.9162436028359414 0.6457216465628965 0.9117087207959478 
-0.21061460679632077 -0.704816701137068 0.5778990261920476 1.1954935500632757 -0.8756629851850518 
-1.1038451437020016 1.9262568879652853 1.259749873969735 -1.2020375505069238 1.1235579141548602 
0.5242573813858554 2.0147541830016564 1.7250406785367702 -0.4740663135704071 0.762439199492423 

0.5889641264629064 0.20101418225846127 0.34539019996985354 -0.23618077475501428 0.9858701593572415 
1.141876272954703 -0.2046593958334702 0.21027300500996754 -0.2008301766555957 0.2456869630752521 
-2.609603039311092 -1.4160937312600896 -0.215009432687795 -0.8191176961624643 1.4519185373376222 
-0.27613321033903193 -1.109766991101538 0.6670353684164444 -2.456955654570556 -1.4035716645753744 
0.5851949963971789 -0.5896011610273029 0.28706130609937847 -0.8136309501089569 0.37727494745866674 


1.7876342080670127

-0.05156458491956717 0.1284750083850504 1.1268525827515727 -0.7021246725379175 1.090873158121062 
0.30419469285718925 -1.3349134928271147 0.5155155065876378 1.8123765669529666 -0.03766090318082667 
-1.1887493214510132 -0.24632109421349807 -1.7058320989195352 -0.14339967231795286 -0.3634248418817627 
-0.4461879886767495 1.803443310391768 -0.6123163684544506 0.16711888215842147 -1.23814098386301 
0.373376522881082 -0.26310954852664686 -0.2665810408331424 0.7511132544365927 -0.1589427792561328 

-1.5370095299126139 -0.9415355400463319 0.43425462457371117 -0.3868801197786026 -2.2604362626681813 
-0.2812207951904549 -0.5053404927184929 -1.4078561108015217 -1.3728874865121556 -0.5783311524143918 
0.6979491039837745 1.834467836000487 -1.5130259274453457 -0.35900035214306253 0.8829512491185411 
-1.9600736119648923 1.410922803781699 -0.6257332180315169 -0.31108549013243797 -1.0918588723197635 
1.1978578537274653 -1.2530132399834428 -1.622133018349034 -0.2857987109744085 -1.6376438211022983 

-1.1051300368976746 2.4307210052754193 1.119375424452217 0.21921869846469905 -0.6153766686068208 
0.6212226177030934 0.20648565713256628 -1.5722072514410552 -0.691105214531205 -2.189232781893623 
0.9828668720625554 0.8352471102534186 -0.9386521238864135 -1.1174238798471414 -1.6396065226973964 
0.207760848826384 0.7114526492414104 -0.5675667377754596 -1.1515958649168156 0.009883089619394641 
1.3255191843198681 -1.0710402856910428 0.46471697639055687 -0.10596629480793966 0.9340736140838717 


-0.6670581826872382

-1.0147330592636565 0.8262947444706058 2.350555147998944 -0.25871471066251 -1.3664850518599596 
-0.20597581160903772 0.37913630095922873 -0.031054640870199067 -0.18541189165549443 0.15987046925091603 
-0.5806957208518071 -0.40917204492985 -0.9554654381713845 0.5873588894823049 0.17194345083562781 
-0.9994276375038524 -0.2813471352047116 0.7012453572853111 -1.0461530567645048 0.30756512608564274 
-0.5322107118628862 0.9885301070384885 0.9860578360085639 0.2390720800017976 0.4963305373517907 

0.5093704376541486 1.437854274674509 -0.1610207600193942 1.7534705264244685 0.4458959786128172 
-0.1955104775812748 0.7690712436570589 0.38228633564714987 1.2643675965464272 -0.7430714357941188 
1.2515145422887968 -0.5864272675411784 0.9865270451645454 0.3709472837434055 0.779115683677016 
0.3363357433869832 -0.5433792991992508 -0.19048387850718435 1.047455993922986 -2.365836221155666 
-0.007243211294717729 -0.5584835277700145 0.4901098030623702 -1.4202667509971805 -1.1656597745535309 

-0.5573947064425353 0.2207724892268519 -1.4980599201468516 0.22331037154054204 -0.2575847071340564 
1.289535579072676 1.5719802644864518 -0.19602337686308194 0.7934913029389875 1.1557053329554912 
0.5245966564484944 -0.43058542363095687 0.507682605950896 -0.8658990643751578 1.652359735210146 
1.4519159959463246 -0.5644167387431822 -0.8572516132641904 -1.4106384042953561 1.1660590377518683 
-1.973395515217645 -0.9501797974967158 1.532272019879848 -0.41743454122213564 -0.22600342437617238 


-0.685300795725786

1.2749517877368843 0.3404578984307546 0.14381550183162162 -0.987010789324774 -0.9133840469059616 
0.0989406306711817 0.44998230978672066 -0.14031138746988703 -0.6157663465809845 -1.0188246264839493 
0.17793260561930102 0.09227639428644156 -0.9427176536759019 1.1308567904637001 0.17354424244880762 
0.8606011465191735 0.44853889315276246 1.7502046688692823 0.5931313252950198 0.08015491490574844 
-1.3467677935504192 -0.7000938841992385 1.3228531325554962 -1.2949716650187417 -0.30914364784191295 

-0.20129231837720094 -3.512162609065871 -1.2447714794183258 0.18000646518672755 -0.10798970704804106 
-0.30378303888675795 -0.5759697710947951 -0.4582295480704228 -0.9573025214841273 -1.8323466772035375 
-0.5544843980867141 0.6593285416852629 0.9840140260708274 -1.0134548966864618 0.24520813460328084 
-0.416756660109814 1.054880677882695 -0.8601782036535365 -0.007566631513802027 0.19675015395407927 
0.2243904190982278 -1.221711058560487 -0.6361605061208865 0.2252129410875835 0.5758924099306917 

-0.24351975157937578 1.6653296438998717 0.1395370962266608 -0.7619556934573812 1.1639850888304504 
1.537616607310129 -1.3495939819407163 -1.015160510548421 2.1909883234189094 0.5713481332498067 
0.5152259571671356 0.0076278744148586125 1.1070346065954735 -0.691289237647835 -0.9900867146268764 
-0.3582642079699949 1.423657964739911 -0.05371010928057869 1.0688263015773178 0.6811398858414489 
1.7346790495863562 -0.06502462455298409 1.551725628759595 2.4675828230205674 1.8047689548093766 


-0.5825638825431708

-0.38039390694868586 -0.3857680194259984 1.5082606832526775 0.40765297967286745 2.0968548953096398 
-0.061946204587916776 -0.39913761111770224 -1.2952280228008939 0.9679475725341634 1.1516784761368835 
1.2649601261020045 0.4148732759708978 0.8313743063896589 0.05659935892664205 -0.0029681716923610504 
-0.7944070555064849 0.3224217861232128 0.3175622834028988 -0.177774642467423 0.47822441179021224 
-0.672020931714328 -2.3933225908166347 0.5261089678085374 0.9447609759531709 -0.6942448191724475 

1.98361151148736 0.6996899627807696 -1.7294784600138153 0.36563157246957023 -0.21076519156805837 
0.5416068150988492 -0.1628623321479631 0.3251032223313679 -0.3111578851960535 -0.12949054127630374 
-1.767303334372487 0.9519554735094842 -0.6208299680500061 1.2734012267418597 -0.6985398395223594 
-0.3410283023137026 -0.3742210796696549 -0.5718051062474847 0.3088704183565851 0.8956762441396695 
0.7855133946918607 0.4710454508172726 1.1952824930602457 1.007926616875413 0.20373498176938767 

0.2975113843390732 -0.9318614580879772 -0.9431226960778307 0.6195820437911788 -0.107107897776231 
-0.18589698754773148 -0.058204798609849194 0.13632783073124952 -0.5626008844921089 -0.2541386735465906 
-1.356116746313692 0.14597498390284802 -0.2658756493922659 -0.42536639666388865 -0.1433968898950609 
-0.08294426437576465 0.6866668569107135 1.0507471421147108 0.3125394184729622 -1.0765546447203465 
-1.3314331328470288 0.2891451842604364 1.652933593364785 -1.0108189076349314 -0.22701935769200357 


-0.8637787563072012

-0.6769318576517672 -0.4938656854396485 -0.0102312658905788 -0.21137289724148217 -1.064413742051135 
-1.0620245436424312 0.5149436952823334 2.2648879732279896 -0.22064276476177339 0.6761129501927675 
-0.776698136110492 -1.933472909802223 -0.7019009377428624 0.3067151516191345 -0.8600613873786881 
-1.1165410837194458 -1.0629822900015384 -0.6332629335747684 -1.6660765104168183 -0.4827499358715013 
-0.7707808536931459 -1.0399183412319732 0.8106456416565663 1.038279334925934 0.6350260353095961 

1.891210688304751 0.26067801891991815 1.7038898147875368 1.0405219997476767 -0.8711317146841241 
1.5387493891925292 1.297803674367853 -0.08731412863888872 0.6792402851809719 0.5344800574868989 
1.0676643661235259 -0.968130570903092 0.5364149508436722 -0.2786757919710274 0.6264594408111709 
1.7056817615981956 0.5868792762866376 0.7233085179102201 1.5781624409298045 -2.075967729242367 
-0.011731446921532553 -1.097010520064902 -0.939545272887118 -0.5302241062761363 -0.28879992660820314 

0.507535234396256 -0.5191276707412181 -0.4905036033847957 -0.7795231199082303 -0.6764995651927336 
-1.7897229540413515 2.185701750755558 1.4632460340700109 1.719691216475551 0.19574655076515166 
0.31428108021663687 -0.5105620869008302 -1.9496856148016477 0.8326376809090754 1.022346995385186 
-0.8545185280691715 -0.24510235673339503 -0.05337446666109092 -0.10241859568805027 -0.1606230202093623 
-0.497409238527478 0.8149179706726886 -0.06756265424534116 -0.5246599804994255 -1.164047702132312 


-0.7225709518801103

0.019422692617375004 0.09204694812391004 0.7416049747317608 -1.1035654964229682 0.9210796969857596 
0.07030589041166599 0.24154363561334743 1.1491959025141922 0.599295809185488 1.400558210823105 
1.5313673763172788 -0.3426480020344232 0.33444575955362865 -0.6846598985111358 0.11941838883837895 
0.55131442777796 -0.22159093073418787 0.36307901062994824 -1.1200284032077839 1.1835589237960007 
0.7408593092788883 1.0097529477662168 0.27091939172195956 0.01300237958432157 0.430241348503598 

0.6000962652589897 -0.030465233663195177 -1.1813508070642336 2.202208299144857 -1.4341258233356595 
-1.1283889850354423 -1.1996530359840174 -1.2419761579518935 0.33138924727215824 -1.3421747569388753 
-0.3295080301087683 -0.7384803216583712 0.1773744853515729 -0.5643078037755889 -0.2747514776139147 
-0.6352481670163989 -0.03167921524242063 0.5989632772770033 0.4037444861693341 0.8547358875889149 
-0.6758629540597398 -0.37347970012901743 1.2166494310318587 -0.5891657252013052 -0.2639275345296078 

-0.3230763852164106 -1.2659815439669007 -0.57539891698163 -0.13447236980546282 0.9896605553556006 
0.5053970747204442 -1.1574963149657942 -0.8169749156506516 -1.0197956039571574 0.5591370764349836 
-1.5716718050053728 -0.08292691067275094 -0.2037534456660789 1.192736626924517 0.5622366013242824 
-0.4432152287583018 -0.032078692896941444 -0.9695446734345328 1.3353687306030138 1.40508681655455 
0.022953743486939737 0.7406049100598057 -1.0326289405151672 -0.758978962620661 -0.2545218548273425 


-0.9141733075572896

-1.1252069229230306 -0.8438798585045768 -1.1526379628462213 1.10778639995959 0.11033949789957002 
-0.22840771230403129 0.8983698220917584 -1.7180388070081158 0.7998073383395262 -0.17153711577743094 
1.7504158829867493 -1.9028036929291512 -0.8792211501545656 0.640756886547144 -0.2943491826593415 
-0.2612773116862184 1.397230541398989 -1.2968819302492829 -0.17195352647362858 -0.6563063143994561 
-0.044599628403675484 -0.6110819876363838 -0.18061386468201335 0.6247335325731146 1.1601212685867073 

0.9981273621371979 0.7368716173099966 0.14656232268935188 0.2790873883131876 0.3503937053931505 
0.7858511880178467 0.6736352944309973 1.6836334966650621 0.9281063310286852 -0.5988506511972863 
-0.6159123585704941 1.4741710139260376 0.42585684208835495 1.1350547670575164 -1.1134948887726264 
0.17792573733357425 0.6704230237359827 0.4950366877913213 -0.10395564486349902 -0.09860526263545986 
0.3291787589977737 0.6491221782165593 -1.7166821458481354 1.3959755838907228 0.5291976818180797 

-0.9458579704468097 1.2965134743714315 0.21655140444461018 0.2913057114384929 -0.35755617567714437 
1.0965986772032392 0.8264879277461896 -1.107855871865439 1.5098900875373815 -1.9856974064315605 
0.694058265629488 -0.11939498706880844 0.8164514075801181 0.6439768953635189 -0.0887230218634666 
1.9118073853898463 1.167286980498196 0.3955284735705567 -0.6116401526890587 1.1089349201176086 
0.4823003095791648 -0.08108008522480924 -0.8299166805292424 0.6475642850804135 -0.2686216392259021 


-0.670652025337771

-0.8849958975420414 0.4128682831863464 -0.4868391844612753 0.8629257134283178 -1.0148641934751628 
-1.1930058927471503 1.9131262915145644 1.6238865290022932 -1.1672188799023555 2.185697714747731 
-0.2831175881208808 0.24970323270827163 -0.9708986123472177 0.6686350439213556 -1.155702535331023 
1.6525365145627313 0.6976841098333773 0.7428164038882024 2.43217854645733 -0.547544861256604 
-1.5283470088545195 -0.5374085591449567 0.8983672903089922 1.0937175192857016 0.2630029009684875 

-1.2220109127325813 -0.05672022103543969 -0.8346221430810596 -1.5915304385565663 0.14327733462574993 
1.6615798420097025 -0.18546439681122798 1.1052487063135856 -0.2400774204008323 -0.8648825539648329 
-0.6890864533883648 0.08197341591168407 -1.0473726390047784 -0.27611125994744923 -0.36433731213534154 
1.0669574048991561 -0.32208565638919057 -0.5457410819633892 -0.7085707529413187 1.0894903535535148 
0.6200458664248215 0.32246062097102834 -0.8803361332978676 -0.1630032056916101 2.1049041654074543 

-2.065931869321846 1.0678025116502572 0.001893895391195988 1.7338448106850135 -1.033692369151991 
-0.09759615640053933 0.16825771065163092 -1.4506425282387068 -1.1519645939641376 -1.2221515056480803 
-0.4350600372697664 -3.1939198919046285 -0.2527664301547408 1.4541217844451177 0.7916212582454449 
-0.881339905180496 -1.063868325642114 -0.0011616706084075093 -0.08492133338189858 1.8974130339704867 
0.9638073172779816 0.028904279862498827 0.1514747720036274 -0.19280045262608073 -1.0339937660775789 


-0.8891301147404328

-1.5106163753024746 -0.8625027248018945 0.5453055654575489 -0.5912270714008877 0.11256637929443393 
-0.1795185942648299 -0.017367775893475018 -1.1437111393655435 -0.1504125243568058 -0.8212218933626494 
-2.260453436161748 -0.8012869818922778 -0.25958449259943983 -0.5281641173631051 -0.5166591612537027 
0.23172661105927522 -0.9362915687209998 0.11607387741318263 -0.9587854414796221 0.506733623836069 
-0.39903104954790997 0.3315578172166206 0.3330696792767634 1.5646092488933931 0.7930424032925593 

1.9061365900085532 -0.5770107532319543 0.3363770253694305 -1.9824525834855196 0.93287781192654 
1.0034541479110717 -1.7037788851876574 -0.4250976956527933 -0.996454801541992 0.24277149216458935 
-1.6575123981097626 0.5749909826379326 0.212249205414212 -3.219288393485528 -1.4696532493031516 
0.46331326175649584 0.8586222001142358 -0.22637177319732787 0.44413850508997216 1.0552191423631938 
1.359352832038721 1.120464572663046 -0.4981545364338841 1.4864510188424929 -1.5936259781222502 

-0.11248196447183507 0.11769647495635269 -0.8033556029976389 1.1657831958216442 -0.8269927645511042 
-0.32501351734504086 1.4200402321297059 0.3102154819419847 0.1949458988304531 1.209440271360086 
-0.4743316629839344 2.134879191786295 2.2046502636487 -0.44225721413059005 1.0189470326463679 
-0.8097333648402422 -1.2329692830415204 -1.187402093815122 -0.29431964412709866 0.6224781883420364 
0.9812627374687378 -0.4641413693086044 -1.358740259514957 -0.1907113876409707 0.4795573812834444 


-1.0966721483350794

0.16492783818625595 -1.261275131802525 0.291542016247522 -1.2957112119235976 -1.659171458692416 
1.0467171914470659 0.462125272654538 -0.8969503493371608 1.0111260579078625 0.1353898728349793 
-2.8455062396831443 0.8774075862771785 1.1526773126793637 0.2078924099355337 0.5482457743861163 
1.3150450449841586 -0.19854295325628513 -0.8582626129411515 -0.3418588359769417 -1.1551381730189465 
0.4099095621512876 -1.2697449095714775 0.7764521146645891 -0.4696207136825659 -0.49309023078540143 

-6.304566766022881E-4 -0.962630830011868 1.1710284836529599 -0.6747265249612964 0.19266122831203777 
-0.532993933052171 0.569628511648477 1.4247139841244334 1.0693304710711429 1.1496518645163571 
-0.13877315959660122 -0.07194451182501482 0.45136872795271 -0.521990099933262 1.3349105634539804 
5.468026844134588E-4 -1.6230142293784622 1.7135437910904545 0.9044698866757364 0.7291799715358818 
-0.7027847525775275 0.6455795263360616 0.47882201700713095 -0.7654665702055472 -1.3941193942692316 

-0.7469857022069045 0.24593524602294922 -1.7445416362047417 1.8783733343922335 -0.41299354375523134 
0.03584917075404361 0.7491529622444629 -0.2517588680527985 0.24770924209425804 3.148434823366364 
0.9398433154991279 1.1218883513245101 -0.4346137135444153 1.3283129889866103 1.2973370461433629 
-0.0607784173654546 2.1497377363006307 0.8480389462358476 -0.5691022199137683 0.14163560693177568 
0.4018301174243934 0.35551500664563207 -1.4617699013327285 -0.7885575947927124 0.8841804902035365 


-0.7500225870165842

-0.4595718529456261 0.15952052927906388 -0.9714397026925012 1.477437283539569 -1.635190137051932 
0.5061183496938915 0.35226623838045185 0.9023877315537091 1.1138282302510598 0.6394140005665624 
-0.6010752627081617 -0.3660803245999225 -0.10597479926828153 -0.5954736801043287 1.233174674421369 
1.4292605454680183 0.3175109708234056 0.5754964476879059 -0.07592272391255138 0.5267557991930941 
1.5141078461713489 1.5436452368059324 0.9880593962657112 0.158816125638116 -1.632064507500266 

0.5738168282919386 -0.06766633552124678 -0.05373948674060109 0.9573440021703148 1.1185640006559823 
-1.6225794318228917 -0.6518862526210863 -1.0782370163232573 0.2726895562674961 -0.3656347541233032 
1.869279140333781 2.2087155611113456 -0.5426996233228399 -1.7037419872493855 0.37967441122479795 
-0.8763368039851712 0.6509142375284138 0.6539065257913436 -0.032811366011502 -0.1587926159027253 
0.487605043611208 0.3264129206213607 2.0833068730539934 -0.7382728554951847 -1.1054710762775317 

0.8681853695660922 0.422177245727079 -1.193246595234989 -1.4933173181325363 0.3281541961255019 
0.1313684179627223 0.8475884121949806 0.29287673149226845 0.8120030780579427 -0.10494334668405977 
-0.22434433887622224 -1.8536646143526458 1.466061885088665 -2.0696169347341935 2.3304315849518344 
-1.649497713250325 0.23943273130081014 0.840015492125261 -0.39510847518871745 -0.16356783718688833 
0.22470169057751474 -0.6567122617427229 -0.11077207364618398 0.6198618901245644 0.0822918931444129 


-0.7428623123688238

-0.13122802565966482 0.3014924393579668 -1.3039651682831963 -0.11078905109395022 -0.27836506305360154 
0.42039147056388737 1.3022848370899103 0.22363891801635932 -0.8990503970232765 0.5856691013785726 
0.19779415097755046 -1.8460849728602722 1.0823709679963875 0.4231075014612505 0.3153432345237746 
0.4471404434336237 -0.5207751928842079 0.5705274026471381 0.4646262776556614 -1.1333973294664097 
-2.230556473098667 -0.31899600387319865 0.03672202016922753 1.3515312455789423 1.098169755708659 

-0.05886344877456932 0.10961241548188817 -1.0546915104059267 0.7412191303415833 1.002996057679266 
-0.25615107929988357 2.4392844273955268 1.13446520765931 -0.4843763850067166 -1.1191771980712593 
-1.3316989244979671 -0.4638950449046638 -0.7813604416307518 -0.8874684992345118 -1.8277182069667535 
-0.2546166495203809 1.31494213290267 -1.3693487643371083 -1.0718481490770784 -2.0324734061350984 
-0.21063814101797232 -1.7561423108172547 -0.3898558035589448 -1.3928930966929551 1.3733379493799058 

-1.548899517215043 0.10328128584319243 -0.42494792948174376 0.6247584297885506 1.1741274792587695 
-0.07634448547295625 -0.2553906897251404 0.7859454862364339 1.5802344272785538 -0.34077056590482746 
-0.8562181261743431 -0.1630551606905284 -0.485553684802329 1.468050767711501 0.3248187149956114 
0.8469111452748935 0.2670780865104967 -1.2960665887461416 2.1355230736349204 0.05026639078979858 
1.20009264239015 -0.6053833012024391 -0.8225454122150503 0.9325452534334956 0.7865324128169562 


-0.8751758166293967

-1.5350964186316634 -0.3387644663242014 -0.15862213629186542 -0.04848314751147455 -2.2775189381477863 
-1.9140149137739662 -1.0120822640615055 -0.5614926769914285 0.033291688659555 -1.1756134898722916 
0.5004557511367609 0.2408098931116824 -0.978199960108418 1.828813063893825 0.9429213202039268 
1.42861151061199 -0.6730622041827452 0.36272283305772096 -0.3909731295162675 1.7223722363440026 
0.8554804243289607 -2.484780272080941 -0.536382509588775 0.5179074809367028 0.22561325030281984 

-0.34983825894048187 -1.7462439725007073 0.6742973511938933 0.6628879214481986 0.10407059930069508 
1.2265862089316193 0.7196809843830232 -0.15934278841774874 -0.8239791482596882 -0.254660012207588 
-1.8359668025025149 0.03597640263169207 0.3682330792034919 -0.7064542722516637 0.8395137860504454 
0.46722463959994776 0.4740571011322874 1.1065129633372635 -0.7087268938461746 0.30296520708036107 
-0.19664470420646402 0.10206305495943623 -0.10615350787437856 -0.7895997781816915 -1.2831992138271473 

-0.6051225088464695 -0.0907630770343235 -0.27136803229631346 -0.1903911405058105 -0.2671178031579114 
0.19145181424233412 0.23266075874511463 0.22873897690867284 0.0862029053657288 2.9432994940767085 
-0.6528634121315641 0.8621808597038408 0.6328655740902418 0.2950426757701185 1.9975725332086203 
2.0717354543036244 -0.4523553275248259 0.9958872448474692 -0.7679604896681599 0.6184894227739096 
1.538780630773858 1.127772981175574 -0.8386674010199533 -0.012827931202737957 0.07516693751559564 


-0.8435685949483942

-0.5563424705297945 -0.8048537664518981 -0.8467047967621592 -1.3020860328767807 -1.6555682875680113 
-2.330236195379477 -0.23788929047683213 -0.5084228838378656 -1.6883402145608477 -1.1120215596414922 
0.9241519428145668 -1.825010979489155 0.9389255617829305 0.17200672494049604 1.8025016873511495 
-0.4250826285467068 1.3004322687291285 -0.5462749870174978 -0.9791563518529615 0.9520612328916017 
0.37716849800145474 0.5195312041569654 -0.6845687099537063 -0.24022494576678502 0.9662745180112036 

0.808941615013305 -0.09602570425262673 0.008414497821591102 -0.34974861193622603 -0.9049698279121713 
0.6039931233387239 0.7451163986667513 0.41573843257901877 -0.7401960110588873 0.8847686282562826 
1.2203232678014881 0.40042696510064 -1.581069321665941 2.9915582056818875 1.898560442155109 
-0.13288761835456345 2.010307413072746 0.819744606811321 -2.8601762929782297 -1.404794823747378 
0.4512483467430721 0.3266754366711951 1.197334960690739 1.9447787209136087 0.6877243815487896 

1.26034448238587 -0.5384443712492025 -2.3640043158923167 0.9827413742876213 -0.5843993870250881 
-0.4132408236883316 -0.15476240617575143 -0.5650047104568265 1.615744911510211 0.011520600769783678 
-0.15643230501111405 1.070421388790896 0.347128055867451 0.2113554693665728 0.2035698626838297 
-0.013106956318429158 -1.6846153243606 1.1928749446586748 2.2286782351602374 1.194460847041247 
-0.14970279979069478 -0.8506542437553527 -1.0286536290655004 -0.4500642452941599 -0.7832928490208084 


-0.7201943947349432

0.7864044872086166 -0.22022450147963213 1.0194052766284294 0.5980726879336877 -1.228569672738692 
-0.4253599129245524 0.6781503132386788 -1.7853863736694788 1.4509615309385786 0.48411117084817185 
-0.1001531010632169 -2.5162681533301035 1.8790041750954463 1.5744737110378018 -0.6485428891369941 
0.6490787878120176 1.8737164909401118 1.3575983885848126 0.38915930589519687 0.0664358319529715 
-0.13827934847544762 0.7809828949862517 -0.865081143587646 0.17027123440710817 1.045424574930361 

-0.9014331127256985 -0.30211976497670234 -0.048750872982537025 -1.2057873460246014 1.9539547864399105 
-0.3412575573156309 -1.3848674870537045 0.4175760214387845 0.1668449873033035 -0.970899198081257 
-0.23369743420171657 0.13678957363282335 0.9073065898627792 -0.5211182050688825 0.094664295646238 
0.030370126562576732 1.0526503522773634 -1.199604822010197 -0.5340496105030332 -0.6056041456646221 
0.14625892996760284 -0.8104552126688682 0.40019271020533975 0.01389160555483218 0.5029153083851388 

0.15892760562869035 -0.6997029788426842 -0.26553574841356736 -0.1268285224456851 -0.8580740836540742 
0.4079830665211588 -0.17629547821943128 -0.2932358942887875 0.29754837891135877 0.720131116579684 
0.8137685305826448 0.12337082874431363 -0.4434902971033449 -0.5830527303456611 1.7638300240616205 
-0.06827301335209829 -1.8538107977286558 0.6206835779989831 -0.24466932536902775 0.7233437418679065 
0.29562717152892126 -0.6782748425372777 0.3544348493681796 -0.3862897104755295 -0.15294001301451995 


