-0.0031678150115498844
1.3652650866010163 -0.284644451704793 -0.7683301690915582 0.11022003790547112 0.23721015245515262 
0.0044143512085917545 -1.5901852639136442 -0.5508359912995846 -0.045600430773849766 0.2035333438276169 
-0.04501019227437152 -1.009667615540096 1.1684582626041529 -1.2836161027684714 0.21775403892091957 
0.13043651805359424 -1.086099399487511 0.9875773123518129 -1.0189456240873755 -0.34898000014809694 
0.502146087308869 0.9684456921295641 1.0262674617268626 -0.11523840218823375 -0.4859498806965991 

-0.01539108060765295
0.4692717888325594 -1.6289983485024653 -0.6386372789792 0.13130066238574806 0.3321038356522719 
-0.26079405590161453 -0.4328049902924685 0.2843440606557066 0.9347931172346378 -1.332144414194727 
-0.9347657752407122 0.48842033554982883 -0.40488123651229563 1.0354206652828708 -1.4175633666876264 
0.8517168450962942 -0.2512505770478553 -0.14936509250155353 0.17395769020742338 -0.8693225148300385 
-0.14191496191086944 -0.2267696608781644 -0.7429679040238071 1.2616085964302857 -0.6681571249094372 

-0.009999081911422979
-0.9136825142734744 -1.5663360204783126 -0.008526790806173632 1.8742747619074338 -0.6285023423567289 
1.8838531741352487 0.3633570813951578 -0.3726879985352108 -0.9451896625068045 -0.9915455244509661 
-0.12897984926367811 -0.9165697307027258 -0.47437766138815535 1.2765131241345244 -1.518041890825434 
-0.522124385949769 0.48319107227027414 0.12889660087399743 0.22236608850714232 0.4518611159827496 
-0.8122579814618223 -0.6236363232253623 0.3270982650433836 0.5709735221196681 -1.9639079712840468 

-0.025732486062774416
0.09378896286121466 0.2099058932640283 -0.6652453934253337 -1.8526102103212554 1.0868933360469972 
-0.004615135644030059 -0.6432397072942749 -0.6304868960954745 0.2705011154566762 0.264805298839567 
-0.5838857603475258 -0.33344727970774163 -0.26580555221078583 0.30174656670289984 -0.78643395468053 
-1.4021818207464132 -1.0414634839186683 -0.02787910844639854 1.7326372883972816 -0.29382089764324115 
1.5973533212949813 0.8258393937140998 0.07009998008128673 -1.8117476739997318 0.19441235596176848 

-0.025976191219842654
-0.5324338025440207 -1.3015013999687517 0.7674275778337329 0.6663696588207125 -0.13912045279956364 
1.2181093807873724 0.2151463557759355 -2.0863107849008324 0.6265651923624381 -0.0561664390769661 
-2.064269178365796 1.0818042398952838 -2.2672766364811547 0.7008221246254694 -0.8262330634479935 
-1.2878269934092297 -0.5899106297285117 -0.7001795720678095 -0.2737234436465568 -0.2718146193663516 
0.8809176535951686 0.6050644878270204 0.3053362310898823 -0.06791559971484919 0.334636699230127 

-0.012090372225942619
0.2994552273072983 0.5921285904291045 -0.2177871958813755 1.1681071288966933 -2.0256787898213586 
-0.289212316852333 0.7022822826831472 -0.2098713963534525 0.0017621944542569705 -0.22992364243867058 
-0.7065502378712543 0.7169290760301908 0.4687584261568257 -0.36787926868372806 -0.6170180883503228 
-1.5662465301538464 -1.7074408185022907 -0.5321562744554215 0.08562755258444298 0.9577705855878051 
-0.3412319839869547 0.054924258497943364 0.5189551258485751 -1.1589759523583616 0.5270148709525919 

-0.014017964228221191
0.54106710466646 0.20540216677979364 -1.0446615228186071 0.35998880138343325 0.22434676603475595 
-0.0063262275192094855 0.7391944306101704 0.9680470759048413 -0.2330307623019189 0.016939083851712573 
-0.8173275988904309 -0.6960598673765367 -0.05708085686200919 0.1830382956305606 -0.7683651672971032 
-0.5077271197202649 0.38012680207213795 -1.4115717483747554 0.43677925716292154 -0.3390138485820191 
0.26213765284993695 0.5859697529427448 0.8981628651994058 -3.1073462408822268 -0.13138500850018034 

-0.022044396329106968
-0.6110136331504578 0.18851313782621543 -0.7797797571039434 0.9990345345551297 -1.3976843340409444 
-0.10831534690412477 0.5939210932514475 -0.477972842136488 -0.13812021645385222 0.14457330328796572 
1.122718814034446 -0.014042060942715196 0.576708926278759 -0.7468998656578788 1.1317569100274028 
-1.5156833030916064 0.8126839362171696 -1.528918887274491 0.8044643878815728 -0.6791844618692245 
-0.4797701483744521 0.011058242202941736 -1.7532036194880871 1.5247182353169977 -1.131001945645871 

0.005083130639685515
0.1441917343533876 -0.539994007932305 -0.5543998172045845 -0.49159164362917634 0.4573494475689867 
0.6456856937235138 1.115161706835251 -1.1144890328354242 0.06473026048201573 0.0814907412885902 
-0.8670144670103197 -0.396811090158786 0.43539835066549154 0.969596248983143 -0.41811285244610696 
-0.8541646574276586 -0.396654293286929 -1.8110102090424418 0.36596248345731563 -0.8263220754669116 
-0.044164116240675164 -1.1791363119229676 0.5336090942306279 -1.0940537205665009 -0.020377158665066123 

-0.016301056142754112
0.18474400009404074 0.7647338004509758 -0.9264528461891054 -0.7885370459290602 -1.0539606656253815 
-1.259338089387143 1.0506478928797323 0.18579806967664383 -0.6579398904376342 -0.10996482763652654 
-0.32968947383700187 -0.13965299382230859 -0.45377629683868304 -0.3265150056674876 1.5579181613729702 
-0.5184314030548278 0.7958780039243868 -0.3875523540838723 -0.34984009995787235 0.3257881505544793 
-1.311330211362226 -0.9407876898736479 0.07707634597330422 -0.3632167831144199 -1.3132851038129094 

7.432055495572966E-4
-0.5228561323344829 1.649166838405361 -0.31177021352348866 0.2755286203184462 -0.2216417470525652 
0.2598163309758101 0.30985522541793087 -1.4058538644627088 -0.6541544647023514 -0.24915403459724006 
0.22424583425417102 -0.5582728671654622 0.43504799710878395 -0.06515550471974267 -1.6824226255311054 
-0.5185383261340815 1.3661399145639381 -0.18161535582855767 0.38801208055761843 1.0699268878351513 
0.3569921412043934 -1.1525776408939432 -0.032355474459294264 -0.5042699982017994 -0.5182245734742054 

0.016714943142308526
-1.2916781425561221 -0.6419652318519374 -0.2556433653494085 0.2310943542260087 1.7912268883734315 
0.8011945656293202 -0.05515918348890675 -0.6507684810598144 -1.2144613762649494 -0.3217455022695771 
-1.0187740038783895 0.5519320515651904 0.5722909267900264 1.4617540915743006 -0.37738395485128984 
-0.18076772628322052 0.6278701713876179 0.007674363201710265 -0.2188043540528074 -0.504000798411019 
0.5940366156292032 -0.8994187035929719 -2.249086146976836 0.47465566331065556 -1.1797237050396432 

-0.034649249386638735
-0.6238337721134151 0.5240242659010025 -0.07697359462129248 -0.7697256192859374 0.37478087522392517 
-0.05709096590049924 0.2995842488963386 0.17696911251869682 -0.9560135301480027 0.6758937462548278 
1.41708759403218 -0.19518469501931812 -0.6813542473257835 -0.20168854132932593 -2.011418757951409 
-1.5002438608134614 0.7829213302775253 -0.4788566950441227 1.2420780809625103 -0.7051392034680124 
-1.5115126862392738 -0.6895003061021139 -1.1132163658742973 0.5719960959658352 0.20904695470121873 

-0.0021143450231362266
-1.0279432503540762 0.8679050453459084 0.7193887948166168 -2.0001552607826074 0.7090803742472322 
0.6132291349436102 -0.10972551575867057 0.14351661210240238 -1.882466805166387 -0.4607686681883429 
-1.9187171967665808 2.5902669381368892 -0.7364175525945074 -0.6291107797043181 -0.42758918898420856 
-0.6633816948834899 -0.4404969696369374 0.21208590727447613 -0.6560634344099643 1.4434202534118339 
0.878798759320045 0.060131393664026866 -0.5751589056233527 -0.8780625519756782 -0.20149028661929594 

-0.01670104545641255
0.12808977375739633 -0.29131584122766413 -1.575298764793994 0.6411578542667449 0.9138185719633556 
1.602957622279741 -1.1683741777432017 -1.990927115224147 0.058966873998436836 0.3230583727192668 
0.861875708960836 -1.6036173727435983 -0.3046450596653621 0.2540616426549302 1.0044968324509118 
-0.7437798475235774 0.4810203317936558 -0.28232645844752946 -0.6643812614655691 -1.619397334829835 
1.3833127769069147 -1.232414450158139 1.256499742057407 -0.2858051627953221 -0.8619700796859359 

0.003129767383036861
-0.3963419497741906 0.8860527224370323 -0.5963101385388786 0.43218154420215393 -0.08603267827529061 
0.5734610033201388 -0.2777150183677692 0.21549939173586463 0.4307644632684158 -0.40618171908462025 
-0.7113447124351772 0.07085344927986276 0.5063033566819517 -0.6442562577142211 -0.02255629707737897 
-0.016399128182774957 -1.097180823395598 0.017681791382236977 0.7333880221054515 0.16417171102856634 
-0.07000880839512023 -0.1908135116733578 0.5277854341609566 0.6963688643441969 -2.2942255176664657 

