-1.14941348016109

-0.34792113785683876 -1.4540008351313802 0.15473123853655124 0.6643146703697511 -0.9887947649863414 
-0.2350525051208987 0.48009944760401563 -0.8223686895644541 0.9586705901716683 -0.9319762488624116 
-1.359086610050887 -0.3065519556251131 1.6245614117318707 0.9535377332080816 -0.5201319608705984 
-0.3693359134401385 1.4315774928639973 -0.10230594353252469 2.355384590794736 -0.39711928656109063 
-0.8060054424847054 1.5796783952981162 0.9896910291759294 -1.8393211839631012 -0.9249001960597965 

-0.22228762985093353 -1.5225667359257822 0.02442306816477726 -0.13044506098082814 -0.15253001322172774 
-0.6974725070874326 -0.34962440736496675 -0.9160451484089512 0.6459100819404133 0.9147645941017425 
-0.21218229770145333 -0.7059489213244283 0.5722276190493564 1.1901433171941662 -0.871314562243918 
-1.103143226057818 1.927071482217487 1.2557918848583438 -1.2002756175199223 1.1276083384065296 
0.5271633386052083 2.015064955988428 1.7223970373568565 -0.4722902118385835 0.76586101692984 

0.5877048499885505 0.19934265083545374 0.34445938970819545 -0.23820421501840658 0.9849082390867199 
1.1393036209538088 -0.2075440331323302 0.2099303159781653 -0.2003451726466661 0.2488895580267083 
-2.6099243944843935 -1.4163995104348135 -0.21922625439834215 -0.8231590941171759 1.456438667850975 
-0.2756871469226984 -1.1106915392817183 0.6635948128923106 -2.455005644719031 -1.3998950908000982 
0.5865011472218027 -0.5910690495950947 0.2830690394379282 -0.8114458350620862 0.37921491414872743 


1.7344493977375708

-0.02526518729969845 0.1575131345835965 1.1413009607297178 -0.6857810844561278 1.083185842564043 
0.28886283389115863 -1.3495402498112254 0.5036401295634694 1.777653942510301 -0.07054150824399263 
-1.2160880702245764 -0.27364820621652874 -1.7028683467279846 -0.15010243703218898 -0.38630549381453133 
-0.489267755805763 1.7796996035520583 -0.6122235517020377 0.16726855636037738 -1.2397967379645551 
0.3416330406947106 -0.26439709956047913 -0.24192117003113356 0.7832408372175291 -0.13346302887527287 

-1.493094204764599 -0.9128074657937014 0.4475801243400682 -0.3649103458695428 -2.259336464321143 
-0.2889558483537388 -0.5292263799009785 -1.4144781712027252 -1.3954412846940172 -0.6245684650340734 
0.6888483457733174 1.7971958600025164 -1.5120398648386384 -0.3866374484482512 0.8472962536166254 
-1.9947939114515292 1.3951458354662472 -0.5971967899360435 -0.3073384010825474 -1.0866735028032308 
1.1729812179841232 -1.2488362951069574 -1.5931068268806483 -0.2900441631690463 -1.650630828251118 

-1.0909460433872373 2.444508802822953 1.122139359873094 0.21962965845449203 -0.6485860695017108 
0.6062751962459263 0.19693593315015379 -1.5466322834025727 -0.6930233147513413 -2.250216679384339 
0.9681567428221479 0.8125067258286103 -0.9307895762562565 -1.1217101749029033 -1.664657795254983 
0.17216391023473776 0.7015432606585991 -0.5474671627913991 -1.153410158427899 -0.005940748678181246 
1.3017789682406486 -1.0558753462069308 0.49734697101425296 -0.08823799517301123 0.9266098449788004 


-0.5978768274972374

-1.0099721534752455 0.8280871618269677 2.3549752119613903 -0.2615642430338636 -1.3693406668507777 
-0.1917167131693641 0.39319563875583863 -0.018909246216907448 -0.18630959765112684 0.16362593794562166 
-0.5701622878303126 -0.4053193770369711 -0.9574346164035072 0.5810700883530965 0.16810697105901173 
-0.9931106831769477 -0.28386101042784534 0.698448748562275 -1.0450484218248837 0.3045575503999923 
-0.5278358160735228 0.9960950337136626 0.9902010720382515 0.23663232633897502 0.4905412929990255 

0.5165330179731635 1.441345174106478 -0.15964981926157265 1.7500093657750113 0.4474468565870692 
-0.18043306561332828 0.7853610294900302 0.38814447016590226 1.2615710864858747 -0.7385828520578966 
1.2587108673195833 -0.578224578961737 0.9875538791556435 0.37187436817645836 0.7771049546153102 
0.34048961620814616 -0.5462523162694479 -0.1956934088220887 1.0453712366599297 -2.363945744652767 
-0.00327615815940784 -0.5581624218219465 0.48518524138118657 -1.4332353153785928 -1.1713779973133676 

-0.548348200990964 0.22814710317181888 -1.4960860500506479 0.22290258993593837 -0.25072692011906894 
1.3010557626347181 1.5822486328663752 -0.1965202289707262 0.7886501128431657 1.1623303353844834 
0.5354321701143292 -0.4235135440690828 0.5036955370950186 -0.8708228844857833 1.6530754992303451 
1.4561094887533568 -0.5694602990541661 -0.8660938555292711 -1.414338737994768 1.1645605517181385 
-1.9738220048492088 -0.9555269918850412 1.5207244376217675 -0.42996161903063623 -0.2312593164699458 


-0.7394587346784359

1.2723588135655939 0.3406871455801068 0.1413859670325656 -0.9864359231412684 -0.9082412925976221 
0.09648082705954084 0.450522189193153 -0.13824202283685122 -0.6147261165143821 -1.014467803482512 
0.18059356376139657 0.09208678804830939 -0.941859206111592 1.1324629558685033 0.17871883297747404 
0.8589051994038451 0.44324148568034916 1.7506377181345338 0.5919360286419421 0.07884777826726055 
-1.3526436453745687 -0.7051755649208336 1.3245827095465936 -1.2921595889057518 -0.3102695215211038 

-0.2041619548059525 -3.5089581711920217 -1.241680743562513 0.18298738755732802 -0.10386226746172551 
-0.30504402594855773 -0.5737352891618483 -0.45302622476626414 -0.9533330816037067 -1.8280521047771217 
-0.5537789454044145 0.6549000380062718 0.985663232526266 -1.0137861221099855 0.24456382818176003 
-0.42032411714421886 1.0461105474517758 -0.8570139517529433 -0.010208846280692546 0.19094138901990135 
0.21860902211857533 -1.2271662057051562 -0.6309727806500025 0.22862332385283274 0.5732869225323484 

-0.24786813002874708 1.667256867062155 0.14050580237207833 -0.7599322464312311 1.1670780076500438 
1.5334728308379986 -1.3504632319971848 -1.011623297272269 2.1943434680964997 0.5767104083660728 
0.5146320566866006 0.0016282271143249689 1.1075301690245603 -0.6921146177409782 -0.9875531080263116 
-0.3603338300324669 1.4152033238439372 -0.05191238574981679 1.0661262104128275 0.6764911579672137 
1.7292558320992297 -0.07281952949253083 1.5547481637217488 2.4727425550672644 1.8023086008759583 


-0.6945238313263127

-0.37804177891577007 -0.38888412612076567 1.5066171447715788 0.40338894241180134 2.0919736678366108 
-0.0566412670662235 -0.3995607846944579 -1.2945141277050638 0.9658763029340903 1.144053813671706 
1.272696369484603 0.4086199590736482 0.8273685552453999 0.05674403206040881 -0.005855112325125203 
-0.7883264797786264 0.31763876215693004 0.3121842602812467 -0.17826779488190905 0.4826413659994791 
-0.6674434141567119 -2.3981901185100503 0.5193380279413776 0.9432623757666028 -0.6912501456273662 

1.98352513985849 0.6968845662100793 -1.729172593457389 0.3636604167921863 -0.21542203204150395 
0.5419366854597686 -0.16930449320748647 0.32633310237831065 -0.3104910752449308 -0.1285728045424891 
-1.7644550496851727 0.942319279828495 -0.6228217928645233 1.2721208363970335 -0.701546280662448 
-0.3350046901708732 -0.38134762902252045 -0.5749551913270156 0.30766770595147386 0.900017639468913 
0.7935778464771606 0.4699524625111135 1.1883712151798982 1.0048939334324813 0.20815223454162507 

0.29864012237330184 -0.93258219758109 -0.9453776750358733 0.6137503088504738 -0.11613051974600486 
-0.18064654113712914 -0.0621955497310006 0.13513819806554514 -0.5646948417845502 -0.2588791656825745 
-1.352699496968939 0.13901654844643882 -0.269126895916356 -0.4268899784095854 -0.14635328970661546 
-0.07643072962125676 0.6802426244156549 1.0443401792983562 0.3105945109136748 -1.0727735028697487 
-1.3194635020955743 0.2857938697037772 1.6440994617202702 -1.01261711591732 -0.22198518388889135 


-0.8488068753039962

-0.6799388816059733 -0.49312287830179835 -0.015130818985167575 -0.21466902085398837 -1.0661398053897042 
-1.0601453527139526 0.5173173315538715 2.2676040603986727 -0.21706515736615503 0.6810391217237799 
-0.7708750136040502 -1.9337456046332615 -0.7024958625405738 0.3036578318179965 -0.8652367339516592 
-1.1111411721704256 -1.0592217873662033 -0.6331913776046532 -1.6650518709500441 -0.48337389852072804 
-0.7684375435369435 -1.037400970110648 0.8098687874087855 1.0407927941484703 0.644579264761862 

1.888884341375815 0.2627702941658181 1.7008065881160295 1.0400678988245247 -0.8701181676186509 
1.5386881118065092 1.300038727067777 -0.08396577162278049 0.6839136275817483 0.5415692158120793 
1.0712183579379937 -0.9677286510725929 0.5366771561547307 -0.28095445989587836 0.6213684042128778 
1.7089155195927987 0.591839045301143 0.7223065049420839 1.5796369816640845 -2.0783370992484507 
-0.010607238074849994 -1.0930902499436355 -0.9409829906589154 -0.528534676068607 -0.28509842712092537 

0.5040520511561816 -0.5181884168040342 -0.4912966735893319 -0.7787828125258008 -0.6754751931585168 
-1.7917783513738597 2.187917954391005 1.4685429652632027 1.7254008087599495 0.20352879531604523 
0.3178983261153438 -0.5099399811873855 -1.9495070087748858 0.828947046743494 1.0148637236911096 
-0.8527607720361007 -0.24357210941352345 -0.055992001539799066 -0.10240663730155307 -0.16557845146279213 
-0.49970185495734354 0.8145724710906005 -0.07003191198976767 -0.521356365690707 -1.1582051499903037 


-0.7644824399051079

0.018989741806140204 0.0946505356743305 0.7427740331125742 -1.1036043626698846 0.9203196127356467 
0.0726700866841033 0.24821046263485977 1.1510272772326033 0.597103384648204 1.395783835809021 
1.5337736880452193 -0.3391813164629661 0.3397436093335467 -0.6836010082136714 0.11665577022049263 
0.5497261198519006 -0.22497093137774057 0.36684841828020454 -1.1226327121157478 1.1800849746825792 
0.7388291053863395 1.0046599699610292 0.27002884005065747 0.011497297633752497 0.43031581694560456 

0.6006471333280483 -0.03236791419466272 -1.1828136142254748 2.203966148761962 -1.4355953373526615 
-1.1280756457758943 -1.2003137444939995 -1.2425447419356515 0.33346393725990936 -1.3434112803819622 
-0.32669244192378416 -0.7380667044044178 0.17474478387597311 -0.5646552812947627 -0.2756872438239727 
-0.6349438494927313 -0.03408458220820849 0.5982863296538451 0.40073704498850443 0.8520959003776872 
-0.6759688736814858 -0.37504329537740033 1.2145876114392453 -0.5899608895646499 -0.2594274929803717 

-0.3209292706864395 -1.266335073607619 -0.5739927811816135 -0.13299399821187652 0.9867899994628085 
0.5043035158089206 -1.1571017579935043 -0.8186664739424788 -1.0209272758899852 0.5540870338185921 
-1.5713203753117533 -0.08045967487264183 -0.20647293497794628 1.1905155673816217 0.5593142544971269 
-0.44422646586632525 -0.03328939461930469 -0.9683388152875267 1.3323606483432282 1.4027453053410195 
0.0208031399310851 0.737742912718597 -1.0305947238808184 -0.7561164950525397 -0.24965056350725448 


-0.9464407061007469

-1.127825370218242 -0.8436860128403306 -1.1499062349485556 1.105824926538828 0.10915078904712126 
-0.2263147510875061 0.9008556954392795 -1.7167169514083547 0.7964190068261232 -0.17243395292864985 
1.7505698909186622 -1.904220495204218 -0.8787894250268907 0.6393834302191082 -0.29596412922753745 
-0.26421927227759273 1.3959134259774497 -1.2960831788418654 -0.17134134912422466 -0.6551412120065495 
-0.048667399407794125 -0.6113504978588415 -0.18028913016591505 0.6229898049278069 1.1576299549598628 

0.9946349354980661 0.7378522646012335 0.1476406956859082 0.2759990216959862 0.35088002635321497 
0.7876142047600228 0.6761840944595359 1.6820752070683247 0.924301014131687 -0.5981757640688945 
-0.6160836602606189 1.4726694495693016 0.4258020624688624 1.1338637198921577 -1.11572606332159 
0.17281931443776946 0.6682023880750619 0.4962768118354818 -0.10273553209258314 -0.09777084924286825 
0.3235041792342793 0.6480515774335882 -1.7158378848612068 1.3950711188390341 0.5275766705563429 

-0.9489559821787917 1.2970511678008856 0.21920676420701873 0.2900298314604369 -0.3575397731862855 
1.0963116172849992 0.8273801596819228 -1.1086586688303477 1.508267952745993 -1.9842132188003425 
0.6916645713872507 -0.12151367525031738 0.815672325560646 0.6428359889756831 -0.09090092990281533 
1.9064086141517587 1.1661586230954055 0.39632376179524903 -0.6108541925430652 1.1098194796326442 
0.47425167527739687 -0.081461995371364 -0.8273895923762363 0.6474749149429199 -0.2695335656158937 


-0.6987317037281324

-0.8781726595011872 0.42013842969143034 -0.48527838065874945 0.8662089220992185 -1.0111382911536 
-1.1885703262741858 1.9108830839670943 1.6195418989871115 -1.1695699521766885 2.17988236989999 
-0.28167184366340886 0.2473189662095272 -0.9627137187998331 0.6734316222935975 -1.158017085841689 
1.6535886962990618 0.6936846971815677 0.7474518192235858 2.4291549535810377 -0.5512028053935957 
-1.5272574598700268 -0.5414457281205932 0.8991525578292033 1.1010939686709875 0.2683188962266872 

-1.2141475536159307 -0.05316293526300057 -0.836351958833244 -1.5900174012631194 0.14524797247915644 
1.6682449370596837 -0.18412002546164197 1.1004944452583107 -0.2435515964493615 -0.8703090547257633 
-0.6839295596232887 0.0812128351463027 -1.0479455149393346 -0.27805576539010013 -0.36518183452224656 
1.068827006669468 -0.32481289894001 -0.5472243116155259 -0.7135176433695861 1.08980976680899 
0.6252182708972758 0.31829525055619606 -0.8845695245708849 -0.1592991585663276 2.1070727897966743 

-2.060665684073747 1.0697738330639908 2.773069712314591E-4 1.735279458960409 -1.0319182743638307 
-0.08897295443104787 0.17196108786103623 -1.4550020925164548 -1.1519192672625624 -1.2246921363851848 
-0.4270640673964542 -3.189586828067473 -0.2538836633323439 1.451927410424607 0.7883819416504335 
-0.8788031769156625 -1.0608551616356792 -0.0013561166492382585 -0.09524018404444794 1.8982792401326711 
0.9643198999283099 0.02331383425741375 0.14937814731353943 -0.19511484632960388 -1.0330176281796681 


-0.9453058369401983

-1.5120753752681364 -0.8614746210434289 0.5455680420778514 -0.5914733368642121 0.11306092049008591 
-0.17787774541273133 -0.01777421700369408 -1.1435769765268238 -0.14973907782131035 -0.8240980135760245 
-2.256636762890388 -0.8015020353826793 -0.25676926086250507 -0.523573568614516 -0.516789870709247 
0.23466300188410452 -0.9364535286710167 0.1205568253700462 -0.9656700159638095 0.5025789965735664 
-0.3989598725589076 0.33340061111495095 0.3321232629866659 1.558060545477513 0.79236864471866 

1.9049944731150608 -0.577860677794257 0.334360517783919 -1.9829894423700123 0.9309181180784246 
1.0082009791746442 -1.703245338179869 -0.423812838237797 -0.9900771794351941 0.2461464033980596 
-1.6511062829904966 0.5750085382677829 0.21566757122297672 -3.2133961430886377 -1.4690893015432755 
0.4617252677972166 0.8573966436902228 -0.21917374028220285 0.4415619111162365 1.0488220880078813 
1.358018608695358 1.119892399430121 -0.5006428549507929 1.4838288040379672 -1.5910453639078457 

-0.11321677264235223 0.11849988564826738 -0.8038147649785551 1.1635710253936262 -0.8303973820085727 
-0.3202054388893973 1.4204741734798871 0.3129768539273623 0.19900915983845893 1.2107810690928926 
-0.4692313608541372 2.1334982931995445 2.2084883972656533 -0.438406092199669 1.0199660606034968 
-0.8111238847512894 -1.235536677184387 -1.1831847641702702 -0.2994827806467839 0.6154983128241557 
0.9789652897520639 -0.46231418633158483 -1.3572222980957949 -0.1943466451161082 0.48181860303686724 


-1.0278917561713152

0.16404741795837616 -1.2625113303207212 0.29007675964980006 -1.298219482969833 -1.6619912369045562 
1.044522796114976 0.465052702358912 -0.8899326278672515 1.0185318617705044 0.1413052904477251 
-2.844602869449944 0.8813891795064382 1.1567730296134817 0.20876383626276945 0.5478131657202621 
1.3156048695001925 -0.20089161557941182 -0.8592891471497441 -0.346531042422361 -1.1566166342002744 
0.4073729808692233 -1.2713420681844503 0.7798461859664972 -0.4723064764385928 -0.4915319651091303 

-2.0746722521247226E-4 -0.9636330575005676 1.1685228202205091 -0.6772702221026334 0.19197751637385574 
-0.5356399975878874 0.5729109295762984 1.4309992017418856 1.0757496680955094 1.156171533034318 
-0.13932037089522425 -0.06726350059185252 0.4565278238217675 -0.5222832117688894 1.333648601192108 
5.9445726726261536E-5 -1.6241785492917586 1.7153926799817518 0.9015196499535204 0.7275328496230486 
-0.7053619550447641 0.6448183812500224 0.48271361879771474 -0.7669976984937582 -1.393360763753427 

-0.7485444762312091 0.24512514297821011 -1.7482283024310827 1.8761236642317234 -0.4152244976509736 
0.03105996520958956 0.7520433052128264 -0.2462347341375843 0.25488884778110765 3.156927341893672 
0.9397061079640998 1.127302663363478 -0.4307738683292212 1.327625054457468 1.2967155667456565 
-0.058853750227866417 2.150149336781767 0.8464934011466685 -0.5741970382363267 0.14116578073970165 
0.4007500170586454 0.35488290320588023 -1.459960821811557 -0.7914953435069519 0.8858686477017808 


-0.6609059327077468

-0.46083785274786343 0.15652173093631203 -0.9685691915710072 1.4777657133384723 -1.6355445392164605 
0.5047621261411767 0.35056771148315446 0.9119663350500277 1.1169399205125954 0.6365998524180807 
-0.6041810732135738 -0.37058196530395177 -0.09398413087631766 -0.6029619182036271 1.224107758812215 
1.42797073546838 0.3160662026973819 0.582732087366057 -0.07753923712999536 0.5288026827908898 
1.518441831660069 1.5490534869271142 0.9997111690016839 0.15722795059090575 -1.634574823395532 

0.571763941983083 -0.07251699582530409 -0.05236520741472719 0.9597145016328459 1.1199013004856841 
-1.625579048400445 -0.6580693981804985 -1.0724194003179228 0.2778600667601038 -0.3619725029554302 
1.8666750627922797 2.2024134874786063 -0.5365578032758148 -1.713312843390402 0.3793800561336236 
-0.8783799303455251 0.6514685972535705 0.6600063578931321 -0.04477992199902424 -0.1605370962246365 
0.48946947943986185 0.3356521580794707 2.0953568672583516 -0.7433039488244748 -1.1053888087099535 

0.8669918467213705 0.4155704046462145 -1.19038984826199 -1.493552268331295 0.327576881705713 
0.12622761524814602 0.8413783183369327 0.2982556155854497 0.8147356351733485 -0.10402765009837184 
-0.22553666011352835 -1.8554354494273855 1.4763663316989357 -2.076537320383105 2.330215917633346 
-1.6515046220407814 0.23900582251591873 0.8452295173090661 -0.40782609576908524 -0.16815260892220676 
0.2265842888001842 -0.6494352561287785 -0.09919332219999119 0.6126625612147708 0.08538765087632358 


-0.7206355658323884

-0.13549507312961911 0.2981535776046278 -1.3095916589434595 -0.11326779520339059 -0.2831483332398351 
0.4158304142056718 1.3004084443384927 0.21809798666915742 -0.901226414270554 0.5886286491009447 
0.1922173956908079 -1.8440615035292016 1.0803917059628583 0.42135044164095986 0.31681180962600564 
0.44479091329935705 -0.5179465773102966 0.5642474400442428 0.46114132160836585 -1.1320955226181164 
-2.237157075829638 -0.3173912099410302 0.04454620058830395 1.3537402392347717 1.099259087003869 

-0.06028109860229959 0.1067732195656397 -1.0612938119423543 0.7374256055079778 0.9986849628295245 
-0.2570503087081259 2.437530643767007 1.1304787099624818 -0.48678382141128634 -1.113213897839202 
-1.3394584097919588 -0.46732564430262297 -0.7846418713919723 -0.8925308748001823 -1.829559597306147 
-0.25795523169765305 1.318023687292299 -1.3672268449778662 -1.0741536111246224 -2.033268204492665 
-0.2129996420447192 -1.7519649323603694 -0.3838030199600286 -1.3988654823532252 1.3732366809620613 

-1.5471514086682352 0.10504650568237378 -0.4298325775584526 0.620033359910781 1.1668307271033795 
-0.07451531011768396 -0.25854436720031004 0.7787015649244644 1.5769990704829127 -0.3344480362988955 
-0.857458263262912 -0.16571075739379598 -0.49010417113067345 1.4652242111800176 0.3296067339278639 
0.8530198770253185 0.26994964551322914 -1.2994739712723828 2.131904875927517 0.04934843011426356 
1.2037768065380239 -0.5974971242870423 -0.819906253530087 0.9290381250803779 0.7855644655121578 


-0.8467209186712404

-1.5350433884524581 -0.33954641418994463 -0.1584944998866381 -0.052259233861300165 -2.281027017757619 
-1.9196880284633706 -1.014137395099313 -0.5612995090161497 0.033415650271464585 -1.177907693949547 
0.49749152406335 0.24284534841592845 -0.9801367366888151 1.8230324156537967 0.9421348511329434 
1.4303274734344642 -0.6705797686591017 0.3603202946128249 -0.3930599466285567 1.7232856208500786 
0.8546120872638973 -2.4839439983010685 -0.5354648965615997 0.5210306654538515 0.23417612285126085 

-0.34711989754033423 -1.7464671004700283 0.6711966555214087 0.6630010638344481 0.10373275366313539 
1.2221194807806566 0.7169257078338728 -0.16087400372691218 -0.8239152291477283 -0.2513513582034204 
-1.8374989501599723 0.03849499836147219 0.3655406543042554 -0.7134935221974694 0.8405844551147205 
0.4672513212463043 0.4822516667749101 1.109175428487864 -0.7112960417413101 0.30360661893844515 
-0.19806169028135795 0.10904257397986827 -0.10398823333297368 -0.7922396651805006 -1.2820022648479152 

-0.6038623205388607 -0.09290348765829136 -0.27617810344867183 -0.19294062665066947 -0.2676016690437216 
0.18356198162992887 0.22942411273438398 0.22861948555386008 0.08470551283700496 2.945702181815813 
-0.6550278960797793 0.8680363931511205 0.6329718342068313 0.28439844031363176 1.9979706310009622 
2.073408141363896 -0.4400129552996304 0.9997276751343618 -0.7741481133449291 0.6180003740959464 
1.5399742703719201 1.1370971512186705 -0.8346531777289581 -0.016505201573222786 0.07726761710384342 


-0.7903832141796588

-0.5553629962866431 -0.8101981633806647 -0.8574793726976653 -1.3128255204350456 -1.6642560134964903 
-2.325913807393589 -0.23232232826060056 -0.5045079813335193 -1.6859594535293596 -1.1053739133594747 
0.9235464207442595 -1.824747873593937 0.9408322546049532 0.1752549721497791 1.809882793398694 
-0.42704264525164154 1.2946944144117143 -0.5464082962895365 -0.9768035628675902 0.949128331743866 
0.37866736222123226 0.5223066707284482 -0.6843602854097985 -0.2374421252848216 0.9673383404160603 

0.8121432122995147 -0.09793507813121297 1.798257917570696E-4 -0.3576171454792985 -0.9089578030253986 
0.6074773194976328 0.7509615669826935 0.41892981028335813 -0.7409952278508475 0.8892668382234535 
1.219255545658779 0.40409697018109697 -1.577089649360945 2.9999148407432954 1.9083359789359011 
-0.13309684382000983 2.008174299445951 0.8195308224340289 -2.8555486669591845 -1.4018342336752685 
0.45192170643123186 0.3270819122499378 1.1935489268157609 1.9410377631335585 0.6858075780080173 

1.2604311123514798 -0.5399190890306329 -2.37531831238451 0.9696214969884991 -0.5923202721448998 
-0.411195385297459 -0.14678163862566837 -0.5626416683199558 1.613760016655053 0.014904659173377471 
-0.15614330714698504 1.0751934657905284 0.34847047430621036 0.2165924215043919 0.21212959705418236 
-0.012301781728718032 -1.6885503794878487 1.1954676315186623 2.2346229306256253 1.1992146578591312 
-0.14930527487058093 -0.8515097196307991 -1.0286452730690678 -0.44981436821755993 -0.7847635499230022 


-0.7320779346580888

0.7863180057931708 -0.22445928133501594 1.018705116312975 0.5966031697592735 -1.2288373460722009 
-0.4251743397045014 0.67844460050579 -1.786454593529854 1.4498944163515461 0.48369068114946007 
-0.09993732192492094 -2.51467826509286 1.875678625015891 1.5678951056063575 -0.6453277208203085 
0.6493695583435954 1.8693923027034212 1.3525915656033274 0.38908891036147714 0.06899356793990194 
-0.1369642109349292 0.7760144500770887 -0.8679021911377472 0.172389481964455 1.0453018861414667 

-0.901421919428976 -0.3044569429506 -0.04823920281689947 -1.2060585778839699 1.953209754135874 
-0.34064280063993446 -1.3851293462159442 0.41786109197991333 0.1670170931260788 -0.9715980703099418 
-0.2331761469008242 0.1368848990598401 0.9052239730581011 -0.5240446864165704 0.09812528292689524 
0.03143034864563912 1.050149357959847 -1.203156154528306 -0.5307975154897326 -0.6055000910128471 
0.14868893254821502 -0.812286643267285 0.3990156403537838 0.017640831028464726 0.5023551117001238 

0.1592619516533072 -0.7013165710898991 -0.2658694852740496 -0.1279278805727622 -0.8595082109461071 
0.409625759278094 -0.17658653345188455 -0.2940930103317539 0.2961678871967955 0.7178110646583548 
0.8161591796928492 0.12368919348256696 -0.44338364039548744 -0.5849782139835802 1.7666371716209173 
-0.06719911206074558 -1.8575251294848103 0.6203344706053366 -0.24100863561106098 0.7235036702945244 
0.29532862733717324 -0.682659123207568 0.35416650694540414 -0.3815140931882459 -0.15336931531925563 


