-0.06674678918654518
0.5665866141050904 1.0249843370354388 0.12554627703284446 -0.5355477707064146 -1.3002678357951178 
1.6486930644715436 0.25884063152638837 0.680124708540803 0.035810814255691645 -1.7836269971277412 
-0.4528195469134428 -3.2765793989819083 0.12275421481574621 -0.800590536159908 0.9252449825087198 
-1.0183741489413023 0.8278528017629947 -1.4911609799183314 0.9640341076539612 0.1544259350914503 
-1.496003818239077 -1.2415315836210816 -0.14573747739847612 0.6338886946663969 0.03537520708686349 

-0.05341751254851545
-0.7737631429965446 -0.7941531264779493 -0.5634754238477563 0.1546645067895073 0.7587107341523878 
-0.23825935021116743 1.09058759082713 -0.9341768165846398 -2.2589586597823463 0.9471690465310109 
-1.6063228267454395 -2.537449821174096 0.8459246259686548 -0.4269893828149728 2.0337430467528694 
1.0995027445865906 -0.35904162554039337 -1.649451517570146 -1.95543846375854 -0.09822155868502414 
-0.3969458873154722 -0.6238184621358837 -0.5220694568298807 -0.6710400168029368 -1.9836823303389501 

-0.09780012656071982
0.5272177369964475 -1.190214541984431 0.9803149294322573 0.581507019488624 0.5516939168622353 
0.024395574558311154 -1.7500088376939094 0.5692424254775303 1.6877569263889798 -0.08478234207737799 
2.1069811393771594 0.79337979178241 -1.0975761119576257 -0.9391725377754663 -2.017829333787885 
-0.2757227015929502 -0.2190257452487426 -0.26921955832643546 -0.62811794267242 -0.9786253927875217 
-1.3872121019681372 0.9050870232267053 -1.2549597917543618 0.2935925949741938 0.29994585730951995 

-0.21549520974123643
0.7189396360737537 1.7685709516432861 0.7809307446395426 1.4660568302489514 0.3935447438569475 
-1.9440005736485766 -0.5569686399162802 -1.888175029690735 -1.260914792532269 0.23011192280741335 
-1.5680302995346165 0.5207189541814465 0.7475553078119512 0.17976167530223716 0.8607547312354485 
-0.8327741611300882 0.5939294360199148 -1.4894646429112255 -1.067904688556636 0.3645681964038062 
1.1703821662327405 -0.5792568149426237 0.030131253506982144 0.47638164995077986 -1.1188769408088994 

-0.1753907803443171
1.0398395066330879 -0.6553681500641781 0.9057553308831263 -0.8899340195258247 -2.393753398846777 
0.19446017592487416 0.09732838588633955 -0.16756902158515016 1.4493780884641665 -2.30153409431231 
-0.9407252585740785 -0.28592269007312043 -0.18886862093860055 0.36443588872243643 -0.8239231507947903 
-0.6336350450675885 -0.07061268834563708 0.23557679558773095 0.5442466214003167 -0.4319137378785639 
1.6093649284669658 -1.3103445081604377 -0.22383178406949775 0.6113514920643727 0.6821384677647265 

-0.13849733579581017
0.9328153592863867 -0.6530185495043602 -2.9960868398875453 -1.690363405187774 0.17635419369854508 
0.9983882768003053 -1.2582868565080632 0.6600766189858625 0.09803580599867709 0.7940998532903615 
-0.47661998396837607 -0.8287179449422459 0.7520492829575542 -0.47179278371498606 -0.011498769688941674 
-1.6465281792921516 -0.4141481925974189 -0.23910076020614485 -0.4541138574199649 -0.9799203887641443 
-0.5060908602693494 2.1763883846952443 1.4438872661818867 0.5901754188551169 0.809726502434465 

-0.12230607833642271
-1.0285102447155696 1.924003038244614 1.2116723203949145 -1.544763018101122 -0.9645515724043057 
-0.10070259029511743 0.03368606322164694 -1.2180446753042105 1.4717121019424366 -1.0874814124170806 
1.9068812357610987 0.8023000536334026 -0.6432192574259121 -0.8768548335557634 -1.1176042848336247 
-0.6024565947977121 0.06314482689022856 -0.08293127585852617 1.7538591590948738 -0.0832639454393749 
-0.9805149489511581 -0.38565628259846574 -1.554573152673275 -0.14522451836821626 0.733929712541468 

-0.1209980880935014
-1.483420945287856 1.9499894867573393 -1.5031442313278487 1.0029213466687243 -0.6439487233733224 
-3.2334018814554133 -0.2993432461383024 -0.41677913802489996 0.4438441135797117 0.4828613183383824 
0.5069514798879715 -0.7818052053041852 -0.8395398128620855 -1.0023882878298058 -0.7761655471835832 
0.043396753160662715 0.9205114041956411 -0.034685126306674155 0.7207778306947736 0.8977231945998114 
-0.7649332710867698 -1.4021595569061127 -0.650734889710551 0.23979885772100873 0.35188463754632576 

-0.11592888339419086
0.7646083365429343 -0.43502663791782253 0.7289047468400525 0.5758895505993042 -0.5875724396583992 
-0.1102601653334673 -0.8206567977667988 0.6022150296925568 0.014315677915769093 0.4828525412104005 
-0.28704869156639173 0.8924653149556768 -0.7474644340205828 -2.072631682386531 0.21895065163407562 
0.8686015092842726 -1.5240146759090096 0.852935037504432 -2.0945600773958803 1.0895030507373202 
-0.47448404519146886 -0.19848050805256306 1.7911262117634945 -1.0799228960717968 0.052128805363291654 

-0.31048950657069757
-1.0456829558897436 -0.9597280576029925 -0.25749658192644137 -0.9392624518402833 0.5245664852194873 
0.7940139243930298 -0.39471399190650536 0.09828942964716769 -0.5570827038392776 -0.27614594320577945 
2.0162062700941883 1.040724805360471 0.6540631521986071 -0.8907958361092526 1.0070080230508496 
-1.2291349773154427 -0.5469069288679843 -0.8250744948017914 0.7750005168273012 -1.1272133993646039 
0.7189361803346908 -0.5306532148971215 -1.11738500930633 0.3953932342922305 0.6413102032825462 

-0.4758831299610104
1.1585045631072148 1.083220917144194 -1.1119983818754797 -0.43680182095036435 -0.33329897783675977 
-0.9931494899506594 -0.7138268806049562 -0.95316880248889 -2.3552735732273677 -0.1228741518946707 
1.2160360946327555 0.7487236518310774 0.0927129135407769 0.23067748423319073 -0.2393786385921235 
1.0833121420335146 0.4424322978007212 -1.729792200342527 -0.15500763685458502 0.8033967434004997 
-1.089681527940273 -0.09463588047154364 -0.10805140155077012 -0.7190626700390351 -0.3793938502761919 

-0.05549767293270468
-0.8792553473458296 -0.7484252991341822 -0.5204710904087212 0.9401055283102647 -0.8140078791985568 
0.3466444040676238 -0.2793993226990125 0.543880519268394 -0.5307943074447891 -0.5406154017402589 
-0.974464313945453 0.6882172853165484 -0.749866588315639 -0.5615278874231541 -0.7019599803733612 
-0.9565348084064482 -0.6114432415831605 0.3633375136542745 0.028952347907258407 -0.14413306301938614 
-0.2448713099159937 -0.31818780533599017 1.8382345616195366 -0.8987252870292362 0.9059926592965503 

-0.01294528603295232
-0.40576754194158265 0.23482052357258884 0.6271898169566608 -0.8884365934309517 -0.3145268213415144 
-0.577028113054676 -0.42313732103277596 -0.864384805449646 -1.3704889341850466 -0.17949851380590695 
0.70824330444878 0.7293675778717122 -3.0770365189093014 1.5094053447047602 -0.44194885445216253 
-0.641325818496596 0.38966306582799864 0.42938120976429445 -1.4660864646326222 -2.1477180244841496 
2.2548671736544317 1.1029591037851112 1.5944239926420471 0.21446723929631378 1.0509120482999417 

-0.28094992926867435
-0.3928475826908417 -1.5457105490716552 0.18401587624085555 1.4633136790255585 -1.351740433874094 
-0.9938471908928045 -1.2423862579653355 0.5048535143946128 0.5007031353892614 -1.2820036821569456 
-0.2317790593750936 1.3311664639766974 1.1958162911507793 0.3093939771930756 -0.44474882063555643 
0.7429040337119772 1.548184656183817 -1.5467480623340046 0.8431255503694829 -0.8833062530267757 
0.5407790262362187 -1.0743762807034152 0.49140394761662026 0.995345851255477 -1.0251948364438481 

-0.12116820605084827
-0.9383509157762514 -1.1452248731464623 -1.6861442921592145 -1.3987496962890733 1.4437963897083856 
-0.431214489188051 -0.31012638222841343 -0.3767261005058788 -0.4641954279908303 -1.960666155824945 
1.0785484503491558 -0.08509200200244572 1.2346930714791036 0.8587901805415131 0.049617205416360714 
-1.8701732580963761 0.44380339259570556 -0.144527372399768 -1.2276945371773749 -0.33678699436720344 
3.2113410266408957 -0.016264204987028887 -1.049366305856383 -0.9954028112724539 -1.1530067100526427 

-0.0923131424750708
-0.07034674126278043 -0.4773804437994691 0.5518473465953537 -1.3621627441541466 0.35123437293075077 
2.156694345635316 0.6573211892762861 1.9712168406229562 1.1759050723606155 -1.5339958116244814 
-1.7549347126768493 -0.41369089099504386 0.31769676717225886 0.08765204650682241 -0.8947711242519499 
0.0874809715024857 0.04270182794823217 1.0126925733734693 -0.784593751514936 0.2544062176631877 
0.8194966999468141 0.22547736245456432 -0.6439713481941801 0.6483098176728525 -1.1691515690336751 

-0.28624314874310436
0.8406906280796331 -0.5206160347642986 -0.28530554508655415 0.14009280379054254 -0.6426619003193456 
0.6088135083749169 -1.24828761592049 -0.48689559385251174 0.3305681655420531 -1.5651885267675019 
-0.03378598790150564 1.244408399350434 1.2613330510420515 0.9679215867330075 -1.0681171542106624 
-0.27207397017152385 -0.5554962500797781 -1.3443397788056242 -0.3116784839538884 0.7619002111712452 
1.0222771703384552 1.2987517642876967 0.923218455326936 -1.2739018948862857 -0.30009217440927693 

-0.040691205956331834
-0.9940489063449995 -0.8518120010313145 0.30930029076290033 -0.40834656075009845 0.03880313987609349 
-2.183607205938822 -0.5852250324927789 -2.4455524508242195 0.04913389507261038 0.5983849405478769 
-0.6119927050543736 -0.1338463364509694 1.5790989087666267 -0.8724694632732521 0.3013750371928427 
0.2897298184610394 -2.0100337827452472 -0.20844659986036163 -0.5033812730311555 0.19468791096225577 
0.8966330295923951 0.4099900744160168 -0.45657997516423443 -1.4400221391536387 -1.6208458848278435 

-0.10262269214811585
-2.5660265437656804 1.087557025850015 -0.061437297279268784 0.8935428254099729 0.10012796661557724 
0.04515655527984606 -2.7694123666872144 -0.32279588418926375 1.0630024152415776 -0.2942406417890836 
0.5753704777907621 0.12987791080733824 -0.14591281070485262 0.11639429839078322 -1.882630546487088 
1.436945464299251 1.254630509987831 0.13816135388320555 0.9763110858538805 -1.119072136678768 
-1.8277197233914166 -0.23253086952423319 1.0406255039400452 -1.3938846161282838 -1.2053876970233777 

-0.29815435322523914
0.17651752033809334 -0.8614879742577738 -0.15887527301237622 -0.7000979744926454 0.40073321208639195 
-1.4218901347677984 -0.5288763389627406 0.4272720934800439 1.6089319372759534 -1.221669727529238 
0.05638016808799339 0.5473635264582974 1.5109789520403678 0.210817231702021 0.47124613259596304 
-0.6450012092574348 0.8613058015064036 -0.4384524216226909 -0.06568055282757033 -0.8715357233626327 
-1.0281169149834892 -0.6297613486897162 0.271372303113281 -0.9424483483150876 -0.4147402044711672 

-0.15922149248444772
0.4297769900285544 0.8143411825176048 1.383546074579146 -0.27106610136387965 -0.503240273019268 
-2.617900808731559 -0.9996071221264347 -0.3097395755810099 -1.1835660979949014 -1.7747857425051732 
-0.38655336922968414 -0.7191208465419515 -2.3842390610974484 2.6401083532441234 0.7036734908187302 
1.06392538857846 0.6700456712211539 -0.5344392174006105 -0.1631531372847018 0.5894489385136409 
-2.1443026755658177 -0.37493050181865095 0.5481082756492348 -0.29828845301138 0.1718561466111599 

-0.12796808616622776
2.5609906255002395 0.37223296553740975 1.150805118111799 -0.2691617654438958 0.4444870661732435 
-0.4959952551244794 -0.5787729189180792 0.0052643646522949105 0.5529351842419123 -1.1887316834812538 
-0.5855591756279873 -0.29519478293174445 -0.0983841818891872 0.1252017774406018 -0.9643343801487788 
-0.9228663725904339 0.3760291860479523 -1.3957525148947003 1.9982639659832526 0.6408055780316461 
1.7907656587742953 0.45973844989135154 0.8581164397932858 -1.6202472761093503 -3.035704382243388 

-0.2633030518838292
0.38681906577432884 0.34745228345884166 -0.7221772729763 0.1848406854887492 0.5572080792518408 
-1.5143799924900139 -1.1220077857389559 1.1778830680707497 0.891388341270973 -0.037708209979004245 
1.0908778783607542 -1.4908887619388562 1.6663054213336155 -1.3862441466755722 0.09328054012025967 
-0.4357619244471173 0.41533216566302006 -2.26934715301274 -0.4993083786830043 0.8932921779114026 
-0.316211151083616 1.520358151306258 -1.2397210658035203 0.04501770388742469 0.7209608176945045 

-0.18923769217596795
1.3251297893528655 -1.6049291671190375 1.8684758328290383 1.3019444041452226 0.35347534828271676 
-0.7558064010142646 1.7860861587189447 -0.6370354242801549 -1.946879259281126 -0.08677147648137475 
0.45987559980082376 -2.0284262451892796 -1.1702488487340477 1.2023060367311562 -0.22472433570527592 
0.9243351151196105 1.2810010693643301 0.40642381166636504 -0.03230894267133845 0.239682390629822 
1.2132553989689276 1.046469869752933 0.6822195023177549 1.2260107949306358 0.686487190392191 

-0.014471636592045194
-0.557991658896825 -1.22919877118207 -1.4027913124096796 -0.6893029154728728 1.8590303175880833 
-0.12904104549586462 -1.1339613201124 0.7132011936933512 -1.7775934135400906 2.749216994114685 
-0.033771602817992324 1.9938734086208116 0.39601681891266055 1.0531962759626772 0.03998257130474892 
-1.239942661095231 -0.1436973662567919 0.5559335614364461 -0.9808061753085047 -0.14157360434890107 
-0.13359950700013792 -1.8420206278123905 -0.20426397749180336 -0.4653271929298295 0.21366565461623613 

0.12794317067222594
1.0654741300884194 -0.1367211592962829 0.931368899822255 -1.3746171610670799 0.8719311510986957 
0.5356656835627903 1.1107365603953363 1.7798501448436375 0.19310051514390433 0.2595553480936041 
1.3959620121681864 -0.9197959613101977 0.6800025432577482 0.22066273487699392 -0.679013435923391 
1.480045861145337 -0.697537365577802 1.291687094494069 -0.5122598869277675 0.26727684835454607 
1.7600057259763067 0.4142708206541902 -0.9857950452310262 1.3669600778999598 -2.002799223253689 

-0.04946671703836036
-1.1819357226676153 -1.7525357132224204 1.9911079103890077 0.04285898445675031 0.9426048937498973 
-1.3397385199774972 -1.0075990651120814 0.4841353314993785 -0.5557098321081941 0.31611053542775164 
-1.7738415857860006 -0.867550355425053 -1.253890270417175 -2.336362117905411 -0.16776125061463934 
1.1331034138980207 -0.5776595107023368 -0.7612020726985385 2.8536450533999975 0.28284462648223596 
-1.7700946746779815 -0.43442069364769653 0.4670738537014568 -1.741220615939401 -1.2531673823121285 

-0.06634668457429545
-1.6415920857770885 -0.9038659171258987 0.2983278539536296 -0.18075070738889693 -0.15145562003881852 
-1.5058350631069757 -1.8892624326452534 0.2667788207791902 0.5989823282436626 0.9266762446959345 
-1.8604146423534444 -0.5214453054475061 -2.973328802642118 -1.24930561856744 0.031591285117113926 
-0.3367945645606033 -0.12588528884843625 -0.6321275002533575 0.3672348313793934 0.5326176998127581 
-0.6653190682176531 0.6154480972128431 0.44460162740882225 0.544800370563645 -1.0396167773159715 

-0.2782734331961811
-0.4714314152764284 -1.4729250611628402 0.1770912842629223 0.06976882184764295 0.04377662313826342 
-1.0270869527471065 -0.6327779493219782 0.3402023844033625 -0.2681157419418687 0.6600638889405928 
0.22761846083275528 1.2424937706968369 -2.721928813994882 -1.2324290463123617 1.8767485111452862 
1.3454777158266917 -0.3479621692042635 -0.22612468962441049 0.40722244443862343 0.03638914415339614 
-0.7277213891383303 0.31876989472356354 -0.9355538568848774 0.415510528199144 0.486222231802283 

-0.08362872173938485
0.10147747202748215 0.8683977732030513 0.7704711545145404 0.5590304232675228 0.5684505331295314 
0.371569230934283 0.5605249526641071 -1.8770772749468356 -0.5077744242209732 0.5457542154410706 
0.6811845351754849 0.22682567786200597 -0.7117412350837745 1.5535910723916337 -0.27794406918129677 
-0.44598127488621925 0.00359856820577758 -0.9349750368293813 -1.9115680875872674 1.4889513363619733 
-1.1432453759451613 0.4307457886499158 -0.4616909513258914 -0.36719936783717994 -1.1543153907074917 

-0.14121639662245222
-0.7568064506940338 1.7922151960710995 -2.230414263665996 -0.9958397970589208 0.4282925605435983 
1.4572600375954265 0.08524761644511034 -1.214180112891494 0.25122182314021885 0.23968620531850482 
0.3171067828971342 -1.1466510396833993 -0.8310009409617816 -0.5772773904714174 1.8798271985702641 
0.16340117288263145 -0.15530810247454238 -0.6949276232880351 -0.507852341444314 -0.5956898197533979 
-0.6810936681525027 1.4832946502118556 -0.8624456943335687 0.5419221378131145 0.758210929382547 

-0.11576347035667474
1.9509285859935859 -0.38170937587138876 -1.1566802742889586 0.7536198441809105 -0.3827304889450991 
-0.19026664565681278 0.45004134104567833 0.0182634082928791 -0.6874749484249916 0.7514343372568898 
-1.4094042468262797 -0.14513139480012285 0.7981241847040024 -0.8485842470542997 1.0738535656134405 
-1.0981434819607392 0.5102758437989592 -0.7499494707795151 0.07298457797365634 0.1020346071394207 
0.07866484629105554 0.5653013874566215 -1.2444322299609543 0.09051285695973288 -0.21158578918495588 

