2.614114387571312E-4
1.4602306123420778 -0.2214388217898345 -0.7209462593514258 0.11822806025293857 0.213315163923643 
0.05366190284961391 -1.5352986180011843 -0.5194313766041371 -0.05446971268640821 0.1587968014496842 
-0.0660913981653424 -1.026675655918924 1.1251130199471246 -1.327519872448621 0.15918548802428678 
0.1381191543811217 -1.070577608508729 0.9857413243211832 -1.0340695927845898 -0.3949478012750721 
0.5427790347743305 1.0211423824402472 1.0457682873526886 -0.104758550696572 -0.504055122652865 

-0.012956698565560278
0.486005106927692 -1.6135281265171886 -0.6061260308629112 0.16931918767312248 0.3689112732404052 
-0.24332070486512958 -0.4206569799949673 0.3085195455320488 0.9677468664290044 -1.307212307139773 
-0.927018383443284 0.4964377262640392 -0.37206242299320486 1.076408998458187 -1.3758961422021663 
0.8660222965123058 -0.24241602651483715 -0.1175713737459512 0.2252295770000341 -0.8231959763790075 
-0.124479177586626 -0.21730261257372252 -0.7207389483675088 1.307210145783374 -0.6238224115083321 

-0.008900020106836645
-0.9170625147465012 -1.557455755268444 0.002468381978670838 1.8902481233756336 -0.6158182038617425 
1.8961548473223482 0.3879546753255451 -0.3484070905684769 -0.9220808023196008 -0.9714182623111788 
-0.11550768172547263 -0.8965367034908927 -0.4498327858195609 1.3025084575835486 -1.495740554909935 
-0.5080834869707784 0.5033167604419149 0.15178011075777187 0.24957535291308636 0.47629083354551327 
-0.7970924653492385 -0.6052976442597455 0.34568073703722624 0.593060209845403 -1.942790595657185 

-0.027775236606337697
0.10531357464760545 0.21974795086650045 -0.6572209058949351 -1.8444330572977157 1.0985113898394412 
0.001986762529546375 -0.6328798359927189 -0.623259230651107 0.27971151762210306 0.27332682677774917 
-0.5709461650284604 -0.3217854385192924 -0.2649905912963462 0.2984222415148446 -0.790745051552983 
-1.3829229386181559 -1.0231175081070722 -0.0188039951927618 1.7385472289944406 -0.2914681059815772 
1.6224183131139878 0.8532243662110635 0.08219867210154086 -1.8051481598371548 0.19644788985133063 

-0.02442347351625812
-0.5487644557491984 -1.3070448003149666 0.7712647357705884 0.6807739164886619 -0.1344412320997357 
1.212090578630708 0.21746718637888204 -2.083876467645526 0.6368555935120854 -0.05078477984753446 
-2.0662777997094977 1.0934313184101163 -2.256661422100888 0.7216371544510485 -0.8041103687650095 
-1.2908911999271957 -0.5771416009198083 -0.684418225221582 -0.24699401186355519 -0.24796316094781537 
0.879399117527912 0.6212435378654981 0.3262842367687544 -0.028034682044788803 0.3634365502920785 

-0.013455600694762248
0.31695476870484995 0.6489423520978651 -0.16009577144023332 1.2160811103060098 -1.9792530652563585 
-0.27571910071004246 0.7200596370123376 -0.21313371380770518 -0.013196838317844897 -0.2595829061004145 
-0.6938112157860833 0.7433470624187544 0.48311955339594154 -0.3641028440853878 -0.5986478586924149 
-1.5562205261894093 -1.6914865035229893 -0.524085214551552 0.07584701433127779 0.962072744066821 
-0.33514842638015757 0.06839449494946753 0.5209034686061857 -1.1759437034717666 0.5164335486747066 

-0.01300372945987378
0.5423232870153264 0.1954547406149817 -1.0589718568346118 0.3467436179134684 0.21206776898470273 
-0.0037799770694541177 0.7325459922340988 0.9611632044168346 -0.23732333109286646 0.008759048925316653 
-0.8188272474010143 -0.7045592825672862 -0.06571240437160315 0.18490382459356933 -0.7675690324301033 
-0.5065539171827734 0.3706056230521769 -1.4184964608520056 0.4384749961391791 -0.33706876767486676 
0.2647666252856143 0.5795716687960808 0.893950788959128 -3.104824524569406 -0.12780843787061186 

-0.020815828543892124
-0.6078465787499424 0.20695935697866874 -0.7549928543587858 1.025974548263257 -1.368767863857319 
-0.11306190648358946 0.593449741832237 -0.47333951518512746 -0.13700900747984543 0.1549188472928473 
1.1084778059197342 -0.002767746696127338 0.5939314352495831 -0.7175315042298694 1.179329983816118 
-1.5170498290887064 0.8383489727074525 -1.5044108269772194 0.8612224078021642 -0.6282818488378583 
-0.4834946162613137 0.030434045432668887 -1.7338398529634642 1.5617914330216165 -1.0865545167579824 

0.010203473417221618
0.1144381004942913 -0.5582232043694082 -0.5620915809918595 -0.4951932363412659 0.461986995665489 
0.649816269184588 1.1334434604040444 -1.091114640799647 0.09347614133097157 0.1191872417186119 
-0.8559181008948207 -0.3686821815687749 0.4770685071462252 1.019895061818255 -0.3620077961932654 
-0.8419213541174058 -0.37258618974936236 -1.773323716856573 0.411231252472979 -0.7765882467876548 
-0.03162788639249883 -1.154674432850902 0.5641523231463877 -1.0554765900113423 0.018915174534823158 

-0.016635062886474362
0.1827269662109842 0.7740078849386378 -0.9083089554435306 -0.7706342198146824 -1.032436052390259 
-1.2529461736359568 1.0349384043930956 0.17485443290975214 -0.674209964307003 -0.12152506275053684 
-0.3072464201836057 -0.08063517190775421 -0.4075372721967311 -0.3212311341882484 1.6390036736832756 
-0.5037817941957272 0.8449377310082723 -0.3501966609256702 -0.35015012007343066 0.3678600285825488 
-1.3023792289492846 -0.8915139250397313 0.14507834704653544 -0.3413671880066942 -1.2835550154311675 

8.496452831809672E-4
-0.5037917079324886 1.675347131652058 -0.28495686969939926 0.29562069665443585 -0.20377826530428608 
0.2794869639606735 0.3360497235016531 -1.3813443237178045 -0.6374680716849324 -0.23657174955431326 
0.24703742676984453 -0.5312971444476128 0.4605838152273824 -0.04757933105433629 -1.6767647804574377 
-0.5069199499317856 1.3949398216582063 -0.14907006140255705 0.41650837891580517 1.0894576012820734 
0.3697370766678505 -1.1290696086747596 0.0010882757598384887 -0.4780857026622014 -0.49548210781477847 

0.020861075336781887
-1.3057145022878143 -0.6646975991823568 -0.27489471486747985 0.23032525599880646 1.827669520549565 
0.8155795991443502 -0.04553205721127368 -0.6497659518593865 -1.2038977048653776 -0.28613514559643694 
-1.033376786094222 0.660309972795072 0.594333609387688 1.5452645459898255 -0.40557479456305956 
-0.19515809657178598 0.7437609124671085 0.047312017908708044 -0.13098000122774595 -0.4995632677610502 
0.586280329365141 -0.8025287873382366 -2.2783031764937807 0.5409407448402248 -1.1302131878408275 

-0.0381960514576479
-0.6187720387566323 0.5536493653535332 -0.05425826774797007 -0.7689856534801357 0.37690193660740634 
-0.032862260958461745 0.34346971644011304 0.1730733330923565 -1.0156768342924059 0.6191775281082068 
1.4390759718456836 -0.15834352249152267 -0.6530992810494983 -0.2281905451100282 -2.0551884692951012 
-1.4852197285028954 0.8233551790329406 -0.43778452860387834 1.2329190373223151 -0.7383936566920893 
-1.5011771366521613 -0.6494805903223632 -1.0868608432776181 0.5504530972068837 0.15841690668352792 

-0.0018614786590902552
-1.0200703847444812 0.8737034039813311 0.7137332801481087 -2.0038896324256013 0.7031547430756453 
0.6211541899221208 -0.10733346545103811 0.13698077138008913 -1.889706602041988 -0.47250557779977576 
-1.9053554993307744 2.615968100942216 -0.7232802239261876 -0.6062195743622131 -0.3835943215366266 
-0.6512235300845238 -0.4165960158074668 0.22489777369616698 -0.6306818650866874 1.4772267621065946 
0.8886108752507544 0.07578123410586979 -0.5649470442558758 -0.8608238346256915 -0.15974986025154003 

-0.01756985909721438
0.13623970367861643 -0.2935727637161468 -1.58334322971018 0.6439400198612572 0.9226041775955414 
1.6246258391398205 -1.1523494952073017 -1.980368033866429 0.0787586751498528 0.35175510253239267 
0.8982452933843895 -1.576862907705588 -0.28841454289356305 0.2821790118601548 1.0393447811255654 
-0.7125945041935772 0.5072802497929311 -0.2658964617727519 -0.6367503120127248 -1.5936788621197826 
1.4120554388593751 -1.2095129307852812 1.2709882250590365 -0.2613451408197363 -0.8395329924986898 

0.004194722506924586
-0.41754206622242185 0.925903969428314 -0.5857064274848486 0.4030604996877563 -0.09519724180544081 
0.562402570654607 -0.19726174323305298 0.22040952195399185 0.32846606943910006 -0.4333709166127569 
-0.719834800935679 0.14361061419659557 0.5710603966448741 -0.6329054201770001 0.1093609285586852 
-0.030382112335916648 -1.071480397982039 0.031551362915316176 0.7540622238761817 0.18930008495094683 
-0.07799071975851783 -0.1746106224616693 0.5336525130011314 0.6872279337186935 -2.337983422489593 

