-1.149467806537907

-0.3479044095702594 -1.4539394227369749 0.15473873221900242 0.6643307127607275 -0.9887686382231583 
-0.23501329860779133 0.48015328380262234 -0.8223733330719247 0.9586621184078952 -0.931971833623168 
-1.3590697298724126 -0.30653049198132787 1.624584476955334 0.9535682372985025 -0.5201571013316476 
-0.3693205874294162 1.4316158771528804 -0.10228848989137167 2.355360742629808 -0.3971418451251298 
-0.8060052356762987 1.5796978222309754 0.9896668624293156 -1.8393404305313938 -0.9249291735896488 

-0.2222830071933612 -1.5225167658891166 0.024414600668026826 -0.13044370818608203 -0.15251721771950016 
-0.6974411986690234 -0.3495877730571198 -0.9160575970215366 0.6459008090221204 0.9147503561721779 
-0.21215333986999993 -0.7059242891073042 0.5722526119075255 1.1901669923471911 -0.8713743145380852 
-1.1031193949130065 1.9271096102861658 1.2557994492020297 -1.2002981834409152 1.1275801335605051 
0.527164333613011 2.0150949446273603 1.722378543823324 -0.47228963855938066 0.7658251315496076 

0.5877296725537557 0.19939323662959602 0.34445453945198007 -0.2381930710085196 0.9849265633693801 
1.1393346062107466 -0.2075009657229673 0.20992897677282668 -0.20035234808942184 0.2488602207311019 
-2.6099160017285215 -1.4163859829435483 -0.219223212628207 -0.8231557003561726 1.4563764575830374 
-0.2756591845402719 -1.1106553735233695 0.663585169524082 -2.455048661065108 -1.3999226795261388 
0.5865041352981453 -0.591048089560893 0.28305547053455216 -0.8114472724423407 0.3792024721135287 


1.7299672336174845

-0.02553936498744877 0.157197092318165 1.1409581381398937 -0.6860631396521745 1.0833450185253182 
0.2889553572216193 -1.3494072981990837 0.5036752645748965 1.7779406823028416 -0.07019925884110773 
-1.2157987295951842 -0.27337305996289346 -1.7029851412704875 -0.1501898330915598 -0.3860913217956857 
-0.4888168071914593 1.7798330733588292 -0.6123336050152792 0.16737216739638971 -1.239712112334814 
0.3419692940318214 -0.264376193651636 -0.24199300430839077 0.7830662039682202 -0.13347019265888124 

-1.49341092876114 -0.9129508440945976 0.4474001438945594 -0.3651707526183506 -2.2592034566076764 
-0.28880193796623377 -0.528958584851501 -1.4146401571969915 -1.395402298693173 -0.6241231996343731 
0.6889185979749003 1.7974622643074705 -1.5122850976784092 -0.3865252130735464 0.8477415922418593 
-1.9944310956977032 1.3953170880594485 -0.5974507368397287 -0.3073788881592781 -1.0865479559631328 
1.1731774545450024 -1.2487281999343376 -1.5932539559217733 -0.289978890863462 -1.6502146258540848 

-1.0913189229449325 2.4445115019899437 1.1221955972374873 0.21958014812264495 -0.6481959704928627 
0.6064467910895199 0.19714293319736043 -1.5469251974654286 -0.6930550868328222 -2.2496425815320746 
0.9682431972205733 0.8128801201143954 -0.9308856146603147 -1.1216495056723543 -1.6643672923153712 
0.17249590733012832 0.7018585689907128 -0.5476037262173048 -1.15332523897005 -0.005692343131598261 
1.3019773327649056 -1.0558061402244903 0.49710720330783525 -0.0885823212648767 0.9268793055553763 


-0.5980725122446139

-1.0100741442805312 0.8279949592883132 2.3548637838747983 -0.2615552901443322 -1.3693473945912122 
-0.19184500557996148 0.3930486123376223 -0.01903174645177022 -0.18625795903446699 0.16358734387264834 
-0.570238273454437 -0.40536868966392975 -0.9575147141549667 0.5812001733333135 0.16817186537428175 
-0.9933037011384575 -0.28391834516314685 0.6983560204620772 -1.045075761963098 0.30458857663668665 
-0.5279524134852389 0.996087278244212 0.9901446757364938 0.2366706608782717 0.4905963578672808 

0.5164407540234406 1.4412455913422364 -0.15977329941959145 1.7500146691817284 0.44739769408161467 
-0.18053446268705986 0.7852150559855509 0.38807333602679045 1.2616482218343548 -0.7386153068142496 
1.2587098465744604 -0.5782402168668928 0.9874625197032167 0.3719021469461718 0.7771535973985031 
0.34038066331657924 -0.5462765137824395 -0.19577154254410428 1.0453347168983294 -2.363956705488267 
-0.003360205970654734 -0.5581529995697847 0.4851470393699804 -1.4330931656861179 -1.1713412961196814 

-0.5484394680550659 0.22802273260454115 -1.496198529014224 0.22290321776219785 -0.2507775588580027 
1.3010174907506116 1.5821900496702075 -0.1965113187645969 0.7887859881463894 1.1623593900715963 
0.5354105651328701 -0.4234436318751739 0.5036955249620534 -0.8706945739216618 1.6531366800961473 
1.4560170247893987 -0.5694393881708647 -0.8661131306044003 -1.4143512413843247 1.16453049693189 
-1.9738782350048734 -0.9554752780772204 1.520747262909078 -0.429832951163176 -0.2312933489278934 


-0.7390416872843518

1.272411484472574 0.3407200291622869 0.1414703561348229 -0.9863603948734355 -0.9081997792915718 
0.09657031315633237 0.4505287367817699 -0.13827191317891666 -0.6147251864797881 -1.0144773900398718 
0.1806174424376491 0.09210814162641758 -0.941904933713446 1.13241158738358 0.1786575976306847 
0.8589511524042547 0.4433000206838461 1.7506484667881326 0.5919576758851973 0.07886037402320882 
-1.352597622841755 -0.7051197410455973 1.324607469003868 -1.292142639108924 -0.31025470509805536 

-0.2041261660193808 -3.5089650343310086 -1.2416520285597237 0.1830214652090369 -0.10385058438011723 
-0.30497371604679374 -0.5737375585234389 -0.4530754717048083 -0.9533368921925078 -1.828067238441391 
-0.553758103150456 0.6549481712561452 0.9856346698705946 -1.0138050983874303 0.24454350280445147 
-0.4202619234311608 1.0461981268842577 -0.857029296113413 -0.010187829982037338 0.1909715733899009 
0.2186697154301471 -1.2271000797870406 -0.6309839488084535 0.2286255345894227 0.5732912023148167 

-0.24780907579464928 1.6672429154138582 0.14054291379847544 -0.7599082661857312 1.1670978727195487 
1.5336078973968756 -1.3504299595536478 -1.0116537867751942 2.1943234421333346 0.5766799020577124 
0.5147086952334221 0.0016954113535205297 1.107515587451816 -0.6921345022704081 -0.9876012299248981 
-0.36027737601961657 1.4152875908447842 -0.051923418710760075 1.0661480578811797 0.6765140991806852 
1.7292952496945657 -0.07270536453621852 1.554773299956438 2.4727344862784784 1.8023266667058215 


-0.6932537152654371

-0.3780743522664002 -0.3888463306353563 1.5065900404891295 0.40336504188303524 2.0919848997262203 
-0.056678854637123535 -0.399533335343624 -1.2945422959740442 0.9658456506755898 1.1440852147609222 
1.2726382656899042 0.4087318669684423 0.8273966574259521 0.05672014853335048 -0.005809140755010915 
-0.7884265392631457 0.31773120193684884 0.31224746640562 -0.17826703547024667 0.48258595270153365 
-0.667530752475991 -2.3981867565886765 0.5193569850819282 0.943284380772141 -0.6912908382101521 

1.9834952662293932 0.6969105429143817 -1.7292089517459281 0.3636073344093463 -0.21543130589412576 
0.5418812205761776 -0.16924663044512536 0.3263007055823693 -0.3105490222699987 -0.12861116693623154 
-1.764521541354023 0.9424318095465308 -0.6228038362658748 1.2720919829308859 -0.7015201267882964 
-0.3350978847454512 -0.38122890066021037 -0.574882735473266 0.30767799210450425 0.8999571006867386 
0.7934733153752865 0.46996439919197414 1.1884222738032617 1.004932628263366 0.20811089938388466 

0.2985996969571587 -0.932584318818375 -0.9454097953669965 0.6137347529702926 -0.11608881784940542 
-0.18073350072485472 -0.06214257844630142 0.13513060777151062 -0.5647174913880301 -0.25885467772796317 
-1.3527813918718417 0.13912738403701008 -0.26905658665110765 -0.426900049696541 -0.1463272348434986 
-0.07656886617938137 0.6803546932181935 1.0444656331243665 0.3106223672643813 -1.072828350715597 
-1.3196041838375991 0.28585375057794554 1.644209938991246 -1.0125666231455053 -0.22203814210822428 


-0.8488448105287536

-0.6799179324482169 -0.4931395741684709 -0.015064715851685399 -0.21461912817594933 -1.0661494630981332 
-1.0601392200538489 0.5172947827551418 2.2675542256193184 -0.2171594713215978 0.6809477398051819 
-0.7709097875893461 -1.9337331179920882 -0.7024682360025938 0.3036989316651817 -0.8652339301598415 
-1.1112289289554942 -1.0592565994353613 -0.6331243275813818 -1.664995247949483 -0.48335956854318796 
-0.7684953623242147 -1.0374101983791235 0.8099213545663482 1.040789138479692 0.6445035270720416 

1.8889038202265636 0.2627288195861902 1.7008460197130304 1.0400699293953481 -0.8701541927000959 
1.5387359370104112 1.3000204042970247 -0.08399738932820856 0.68382999063444 0.5414765243106052 
1.0712385080760727 -0.9677079781965364 0.5367179127524965 -0.28090913764330167 0.6213908690256378 
1.7088712933077097 0.5917675138229748 0.7223668928465764 1.57968653999719 -2.078311107040271 
-0.010639675089253738 -1.0931460263615103 -0.9409473835452775 -0.5285364168450122 -0.28512532357822756 

0.5040585462671614 -0.5182084787193529 -0.4912937350987031 -0.7787681086020266 -0.6754838819538413 
-1.7917066978256428 2.1879577871418046 1.468516476258186 1.725361799016271 0.20347924389451386 
0.3179018762394908 -0.5098967155196275 -1.9494760050962252 0.8290107617026428 1.0148997008986183 
-0.8528029996732485 -0.24358539759631265 -0.05592285824026257 -0.10232944284477542 -0.16553229268266642 
-0.4997183052982498 0.8145829155954285 -0.06997696579895088 -0.5213235145803289 -1.15823637999856 


-0.7644281369119021

0.019013280839840243 0.09462473430654791 0.742718350211131 -1.1036336189389184 0.9203521532668569 
0.07268343069066828 0.24820765523309643 1.1510281028190794 0.5971164234945626 1.395831554501522 
1.5337645086903884 -0.3392102637257104 0.3396854966050307 -0.6836232653508333 0.1166652625640793 
0.5497431354603303 -0.2249660234456291 0.3668388144519494 -1.1226132212981461 1.1801280874076272 
0.7388450120818357 1.0046957355227042 0.2700589041989856 0.011488826646582868 0.43030517095622084 

0.600643125750498 -0.03234850900256626 -1.1828055644617927 2.2039313172575583 -1.4355863965492006 
-1.1280666413362754 -1.2002962479612485 -1.2424904569647335 0.33345088116782556 -1.3433918174934136 
-0.32669167066148574 -0.7380911855760608 0.17475789945488282 -0.5646702948483939 -0.27566907033780164 
-0.634935163438006 -0.03410733036339777 0.598287722535857 0.4007367728551015 0.8521060657077216 
-0.6759403576449318 -0.3750225523105467 1.214620746888743 -0.5899829945800379 -0.25945722222723644 

-0.32093693613718993 -1.2663132780078816 -0.5740040052014471 -0.13301838070191904 0.9868013589112995 
0.5043294086874662 -1.1571027064799895 -0.8186232845916909 -1.02091892400754 0.5541125782830822 
-1.5712970269479254 -0.08051000143215675 -0.2064543126833369 1.1905195946637526 0.5593334588850543 
-0.4442080777928253 -0.033322499150576154 -0.9683476173745718 1.3323713792997893 1.4027586754189716 
0.020843716872499984 0.7377529570898995 -1.03060170058126 -0.7561445790581303 -0.24968100164336193 


-0.9469194919621722

-1.1278073103806492 -0.84369642865496 -1.149919667564365 1.1058018698958432 0.10918188784850068 
-0.2264090633711554 0.9007812102615779 -1.7166903333418428 0.7964404975107119 -0.1724331306444573 
1.7504741248978144 -1.9042396104701484 -0.8787593100814189 0.639407514589419 -0.2959577029221471 
-0.2642424819182985 1.395892109379833 -1.2960570729808691 -0.17131136592386437 -0.6551190631576586 
-0.04863318840087362 -0.6113679077254904 -0.1802862848783922 0.623021938721653 1.1576879484134668 

0.9946515130304262 0.7378137321091663 0.14764993346152983 0.2759855730978586 0.3508540904988521 
0.7875319970723333 0.6761142495668295 1.682138225504015 0.9243368507211518 -0.5981909096860942 
-0.6161652482986493 1.4726279340508097 0.4258071885802306 1.1338743550478076 -1.1157148641667 
0.1728112731132681 0.6681554713489615 0.4962892686375477 -0.10271901027002785 -0.09774407117296466 
0.32353297848599866 0.6480277342030001 -1.7158022088061535 1.3951110812736387 0.527637861782218 

-0.9489485636161048 1.2970493742039821 0.21918440659035343 0.29000168808835997 -0.3575251549565305 
1.0962590905330591 0.8273390047851557 -1.1086334947455327 1.508250545327404 -1.9842278659497876 
0.6916037687479353 -0.12155188578840743 0.8156827464766345 0.6428416242870566 -0.09088590263417318 
1.9064014777170497 1.166104283600651 0.39634797036689595 -0.6108149908618101 1.1098485007745602 
0.47429009982759407 -0.08149112036843427 -0.8273869223317128 0.6475098515545943 -0.26947636523928964 


-0.6980570861141704

-0.8782212114242081 0.42007157807982126 -0.48526263693571287 0.8662120216246761 -1.011126375288287 
-1.1885725408233625 1.9109069748569452 1.6195984524725553 -1.1695421547173364 2.1799098467873392 
-0.2816851920856471 0.2473151793944446 -0.9628240249144564 0.6733505306734228 -1.1580322898685391 
1.6535685623538108 0.6937368998783376 0.7474646609387751 2.4292038817811448 -0.5511567823843944 
-1.5272443310754187 -0.5414056987921395 0.8991772555610736 1.1010370870512354 0.26827997039517754 

-1.2142331264481385 -0.05320829357413307 -0.8363268706515486 -1.5900402459184495 0.14522560685383834 
1.6682106956724025 -0.18415856128876773 1.1005210615259982 -0.24353311178563755 -0.870312241147483 
-0.6839915871510261 0.08118521828515336 -1.0479934777679232 -0.27803745614893105 -0.3651695420014929 
1.0687837786201593 -0.3248416539239839 -0.5472235501293405 -0.713457310172633 1.089840510272953 
0.6251932914995824 0.31831572180591455 -0.8845136472729204 -0.15932284160337082 2.1070656141984783 

-2.060741872336727 1.069734862134852 2.3780547769021538E-4 1.7352496398132138 -1.0319490791189923 
-0.08905792798096492 0.17191334481919227 -1.4549806536507088 -1.1519129931670367 -1.2247078059319492 
-0.42715735717949166 -3.189652997944419 -0.253899825102597 1.451952616954348 0.7884003026646061 
-0.8788364690914978 -1.0608895824838536 -0.0013228593704858768 -0.09512771299215446 1.8983249255716863 
0.9643106273442791 0.023382550632536546 0.14942885584755405 -0.1951137066945766 -1.0330545367755242 


-0.944459419492573

-1.5120596386886924 -0.8614997486375199 0.5455402597523009 -0.5915299103355466 0.11301203000705377 
-0.17787518667988383 -0.01775256005979156 -1.1435748301063413 -0.14979177893464038 -0.8240844742001407 
-2.2566687098699485 -0.8014952141656773 -0.25680217567759067 -0.5236435156995968 -0.5167946404820675 
0.23461765171191074 -0.9364590086800186 0.12048878327224068 -0.965619370020647 0.5026346844700261 
-0.3989612075069065 0.33336064331118853 0.3321171727534462 1.558135231437868 0.7923823322154648 

1.9049877466138652 -0.577874721312351 0.33438917985746197 -1.9830207678476697 0.9309183456399251 
1.008161353025139 -1.7032367183975974 -0.4238032660018725 -0.990160427019289 0.2461593021772173 
-1.6511642930428958 0.5750021307789435 0.21565543733623216 -3.2134903253866516 -1.4690793032853822 
0.4617263758284635 0.8574241772173873 -0.21925366197283883 0.4415254957457893 1.0488531505432193 
1.3580162660608686 1.1198990569318636 -0.5006231844406855 1.483896836745416 -1.5910404999511292 

-0.11325150416533179 0.11850104788917877 -0.8037985665689791 1.163563650927087 -0.8303889036087506 
-0.32028286307578213 1.4204921940304958 0.31297158803562125 0.19894855993761024 1.210793972493938 
-0.4693031481780239 2.133522887654533 2.2084956653880097 -0.4384606009518221 1.0199712953103646 
-0.8111698415731906 -1.2355283846142542 -1.1832311146209198 -0.29948001347843445 0.6155667511994487 
0.9789519621094885 -0.4623402512045555 -1.3572361096171865 -0.19426179888839015 0.4818402291608567 


-1.0280650639775053

0.1640026913227476 -1.2625480049844422 0.290070521057182 -1.2982407177486042 -1.6620023625851807 
1.0445818618739553 0.46506684209727384 -0.8899258589239232 1.0185086847450264 0.14132105819236923 
-2.844573313251429 0.8814145947580048 1.1567719767336366 0.2087722625384901 0.5478320454970957 
1.31559936336241 -0.20085236002030038 -0.8592980114179986 -0.3465021050016945 -1.1566326824233324 
0.4073986817597997 -1.271332262355274 0.7798213892714121 -0.47226238390450137 -0.49154537702183365 

-2.502600069391061E-4 -0.96366865900273 1.1685265248985266 -0.6772864914469869 0.19195184535693274 
-0.5355679622941665 0.5729278722223285 1.4310034718044817 1.0757307655063666 1.156178339239091 
-0.13927687916758089 -0.06724559617782458 0.4564979018262763 -0.5222692780973074 1.333676258030312 
7.02030313723027E-5 -1.6241419109068789 1.7153377118308206 0.9015066277373027 0.7275210397921061 
-0.7053220707801571 0.6448333061454784 0.48267412705243984 -0.7669958170921412 -1.393378196424374 

-0.7485741524459504 0.2450819584377876 -1.7482020136090712 1.8761244906756667 -0.41521633641962463 
0.03113103631270894 0.7520476085147922 -0.2462225401458891 0.25485733062036536 3.156923810406712 
0.9397449496779354 1.1273013942383807 -0.4307870215217856 1.3276354256059029 1.296716591436236 
-0.05886479192295745 2.150174027407598 0.8464603319707703 -0.5741752004564017 0.14113030107750676 
0.4007752988851636 0.3548995184418963 -1.4599869317646317 -0.791458493958104 0.8858540474678608 


-0.6622096135912902

-0.46083285058675494 0.15653693297905602 -0.9686238110824741 1.4777278399783191 -1.6355476575869945 
0.5047637860244631 0.3505667211649311 0.9118144009376726 1.1168427917277235 0.6366220464897128 
-0.6041409559510185 -0.3705440640934912 -0.09405603984277863 -0.6028391932819098 1.2242970553237544 
1.4279993044875376 0.31608266177739885 0.5826268389173116 -0.07750574442263208 0.5288332283627174 
1.5184190428072841 1.5490292191671358 0.9994964427615354 0.15727484158697957 -1.6344587547826295 

0.5717759861492359 -0.07249036272447557 -0.052454073748098386 0.9596284443853194 1.11981039563361 
-1.6255509469995963 -0.6580179018346461 -1.072539097105456 0.27777317167894805 -0.362011837193962 
1.866729663966491 2.202512249169618 -0.536590755549826 -1.7132007025466205 0.3794956650678222 
-0.8783766685462719 0.6514531668067768 0.6598857560401691 -0.04463197768713571 -0.1604488133036724 
0.48942468146318896 0.33556651516551433 2.0951449845364714 -0.7432310318738374 -1.1053400456669973 

0.867017952867875 0.41559919819128643 -1.190474253919193 -1.493576409066835 0.3275647491449103 
0.12630671236068264 0.8414192668978387 0.2981488288153459 0.8146801289466362 -0.10402483040957546 
-0.22549990704310144 -1.8554435974036219 1.4762610437944281 -2.076464094393032 2.33031043542464 
-1.6515074232198903 0.2389511122377819 0.8450726548141164 -0.40768531396931756 -0.1680354591676832 
0.22653789607308342 -0.6495312408481215 -0.09938882487897426 0.6128026479222599 0.08541901239133176 


-0.721233689687925

-0.1354717292062043 0.29819819090181765 -1.309518913239459 -0.11326799819859647 -0.2831252832842761 
0.41584027663404727 1.3004672844389633 0.21821492713902954 -0.9012668197123413 0.5885575131365498 
0.1922101843170788 -1.8440458952334813 1.0805363240639871 0.4213249219361904 0.3167641924755992 
0.4447739631942359 -0.5179238797244301 0.5644379168146215 0.4612195914302453 -1.1320421060823354 
-2.237130034669884 -0.31738882914859756 0.04450895215997886 1.353669297231134 1.0992604616629962 

-0.060279939439862075 0.10683363122756911 -1.0611619133533594 0.737473912395678 0.9987466886971028 
-0.25710239429605664 2.4375503161222567 1.130605450348505 -0.4867797142567295 -1.1132621548482846 
-1.3394212600143687 -0.46729379842041935 -0.7844924657068517 -0.8924548682778549 -1.8295461265099198 
-0.2579386761486886 1.3179854503991384 -1.3671515847025426 -1.0741023368716585 -2.0332444318707132 
-0.21302626002114994 -1.751969021125618 -0.383821146768294 -1.3988652126641623 1.373242157670757 

-1.547152761087131 0.1050991235821187 -0.42969765837075524 0.6200890480359466 1.1668930376235975 
-0.07454319560594219 -0.25849940528978677 0.7788679961438001 1.5770608666200974 -0.3344710796392664 
-0.8574906524539017 -0.16569536976853955 -0.4899870559788529 1.4652585683608341 0.3295698672355566 
0.8529215267387449 0.2699563299007544 -1.2993742706561884 2.1319462314459896 0.04935246859617994 
1.2036927842471197 -0.5975295579307497 -0.8199005922488116 0.9290409278673936 0.7855582696421626 


-0.8472250018578411

-1.5350437675219384 -0.3395086367109755 -0.15845602300943867 -0.05225038466958491 -2.2810221229361156 
-1.919585829991636 -1.014049431629731 -0.561260954506028 0.03341429128968683 -1.1778740076078378 
0.4974927681630176 0.24288307582963942 -0.9801061385822156 1.8230686501408189 0.9421210558435198 
1.430279559443979 -0.6706126285757628 0.36036110505780206 -0.3930342868272962 1.723240470978558 
0.8545917038578054 -2.48396673810077 -0.5354589114195818 0.521046005914911 0.23413913098851483 

-0.3471486028960595 -1.7464669652272524 0.6712619163321515 0.6630093458274127 0.10373852072471355 
1.2221853069933466 0.7169928808338655 -0.1608543668307274 -0.8239256391136061 -0.25137295273933297 
-1.8375166245736485 0.03851653992843654 0.3655697258539456 -0.7134591421740364 0.8405655203139057 
0.4672190283375656 0.48220032799774654 1.109184174592077 -0.7113321310968407 0.30357086626934526 
-0.1980836334294172 0.10901437892399528 -0.10395226476184545 -0.7922241105305794 -1.2819976083566287 

-0.603883258413783 -0.09285415246797536 -0.27607857813648595 -0.19291415455196573 -0.267589086160723 
0.1836653912221264 0.22951148795669127 0.22862284221946177 0.08470679301911316 2.9457220326461253 
-0.6550436597737336 0.8680284714539016 0.632933467360048 0.28442928068164747 1.9979346253611063 
2.0733547113307327 -0.4400684077227812 0.9996997729596447 -0.7741536883509693 0.6179360953176273 
1.539920982182552 1.1370756727852784 -0.834620133424555 -0.016473431297379777 0.07727094961602074 


-0.7915155919210622

-0.555352151222505 -0.8102146387710623 -0.8573472333968855 -1.312739130634993 -1.6641556584745476 
-2.325922824220203 -0.2323645464204225 -0.5044826222248238 -1.6859614789209072 -1.1053604771126235 
0.9234722197931833 -1.8247637357464006 0.9408366496103786 0.1751475095546346 1.8097559189818015 
-0.42704854995768343 1.2947634072402097 -0.5463704496700746 -0.976855111926212 0.9490663804982581 
0.3786515799637022 0.5223175333724347 -0.6843276800070913 -0.23745832539767117 0.967306897072522 

0.8121183022559115 -0.09796842666754413 3.087759447483371E-4 -0.3575146766331169 -0.9088723298741885 
0.6074496975225304 0.7508998644075988 0.41895077614859855 -0.7409732751387905 0.8892851224828415 
1.2191844398404938 0.40403826237395196 -1.5770976372134662 2.9997533062138073 1.9081308945082756 
-0.13313590079351767 2.0082122547012116 0.8195716937719495 -2.855602429848009 -1.4019704056275597 
0.45190624253482264 0.3271148768326466 1.193632485452419 1.9410834574651488 0.6857810636119908 

1.2604260331539756 -0.5399419263772959 -2.3751376803750763 0.9697810649811254 -0.5921897690282951 
-0.4112092559999973 -0.14686876707395205 -0.5626340442034853 1.6137422093518667 0.014887435315909022 
-0.1561981810139047 1.075126429814718 0.3484653904194159 0.21644674730729724 0.2119503091485055 
-0.012333459123659915 -1.688509275184769 1.195453014230014 2.234545898748281 1.1990361984175364 
-0.14931985852129523 -0.8514634122061251 -1.0286091225372729 -0.44980795611140756 -0.7848198877119985 


-0.7322764825547826

0.7863307376277644 -0.22439453446370286 1.0186944022617501 0.5966205192093 -1.2287995184987837 
-0.42518250245577105 0.6784792486281912 -1.7864110975298404 1.4498912848716594 0.4836859469603464 
-0.09995455101798557 -2.5146607351101724 1.8757606390329526 1.5679356541558997 -0.6453928961200276 
0.6493685111093926 1.8694429340487508 1.3526890130174494 0.3890436407375362 0.06895392927364753 
-0.13697381282961718 0.7760583586785798 -0.8678079788283753 0.17235888704054675 1.0452977295824597 

-0.9014126164097251 -0.3044016482078727 -0.04823687751124003 -1.2060355730086678 1.953244528813822 
-0.3406473901693446 -1.3850990349257648 0.41788169480739107 0.16701863276395357 -0.9715972785545234 
-0.23318290409129794 0.1368996285126858 0.9052863384836011 -0.5240024043505795 0.09805286552213735 
0.03142456507953857 1.0501888978876643 -1.2030670053598391 -0.530837290960633 -0.6055168581693778 
0.14866720497674116 -0.8122682425956591 0.39906646375592186 0.017586221243652694 0.5023504261196945 

0.15926945336651352 -0.7012606914899222 -0.26585173695397946 -0.1278846283236898 -0.8594580967787195 
0.4096092429696252 -0.17655272359469615 -0.29404803281266834 0.29618694683151436 0.7178233161464886 
0.8161259507434103 0.12370772403316536 -0.44334959745548824 -0.5849604084318624 1.7665814512096787 
-0.067202142615309 -1.8574635617846282 0.6203674332360958 -0.24106620584251365 0.7234854953974954 
0.2953343177922421 -0.6826079291814985 0.35418913754198705 -0.38158114067055343 -0.15337734480740273 


