-1.1107069947709567

-0.34969165988181233 -1.4521579353009912 0.15841043450715628 0.6663711542618771 -0.9910238879951622 
-0.23118024412686522 0.4839355157375129 -0.8215517490307342 0.9611147219005174 -0.9355992130536385 
-1.3589894460446925 -0.30416415184995843 1.6335176194519454 0.9653071378282055 -0.5218880950944659 
-0.3745008518896013 1.4297182850972754 -0.09379639120035414 2.3561234883122903 -0.4000471898482399 
-0.8141137199036048 1.5798581982065107 0.993592600331272 -1.8427049092117398 -0.9250203458602723 

-0.22177000861150345 -1.520452637505228 0.026450631812279062 -0.13028519157390905 -0.15509532416944508 
-0.6933674457723238 -0.3459315935273136 -0.915939435550701 0.6464048884226884 0.9084394354179416 
-0.20988533884986882 -0.7034921092608762 0.5823991629979403 1.202198823555342 -0.8753589325229495 
-1.1062807413729534 1.9236167538100146 1.2652974787298843 -1.200435807962205 1.121937824956694 
0.5208701047899915 2.013662048467228 1.7279797145920017 -0.4756224195749892 0.760229918612736 

0.5885576884185755 0.19980891946738402 0.34639248757702834 -0.2375280826327333 0.9824944865771809 
1.1424949318429007 -0.20158421895905013 0.21226450224747465 -0.2003187137876956 0.2441260032620547 
-2.6079524490602473 -1.4155506941264262 -0.21182523339176393 -0.812494606964409 1.4509527534504827 
-0.2775759056096502 -1.1121930197666547 0.6686063957382818 -2.456112716292966 -1.4049812117375202 
0.5820449862718184 -0.589659677077227 0.28911742125643675 -0.8156269251419326 0.37741203196752715 


1.410641891651716

-0.053024297461646906 0.1251480068797225 1.1311378902585572 -0.6984349972786565 1.105447015071705 
0.2876967770056598 -1.3414290145132222 0.5188110376546646 1.812548733128936 -0.03159904478817135 
-1.1999234948616824 -0.2408252795176632 -1.7118887460559047 -0.1628360018765505 -0.3592799309047842 
-0.43372098580676344 1.8339833504143688 -0.6080365143007762 0.16410243451018125 -1.2440349144593774 
0.3728999885324752 -0.24516357193627877 -0.26520489342233156 0.7496041267524486 -0.17482966171109943 

-1.551927778006945 -0.95233044575905 0.4380384311452966 -0.37574305329427554 -2.2501138962025493 
-0.28806015833067855 -0.5138201987306499 -1.3998256870404777 -1.3743092843869842 -0.5781477296996144 
0.6835294318285949 1.840383300082686 -1.5198515275504894 -0.35816429335250777 0.9000352260413236 
-1.9567786755268803 1.4257281105676665 -0.634725880387866 -0.2973789399332774 -1.0784204653072245 
1.2011085030228106 -1.2444260499042958 -1.6255656933522604 -0.2749962004882187 -1.6290211673467652 

-1.096282563501997 2.436424586469328 1.124387363370375 0.2355271080531773 -0.5849896138090184 
0.6168853867943608 0.21396895954589948 -1.5784187223983315 -0.6864082678289526 -2.168421497720499 
0.9617265258819458 0.8369895261275956 -0.9481513977383635 -1.1177063444678632 -1.6214219770249718 
0.20759189050593932 0.7058949495887096 -0.5799498380491644 -1.1360194728036521 0.021811683715158403 
1.3280925443703333 -1.0677178406810461 0.44225501445392523 -0.10769218966709337 0.9254101981750794 


-0.738911150832859

-1.0168766432374743 0.819886778856738 2.348407769132635 -0.25649133467532703 -1.3610283332815296 
-0.21069116640729374 0.3736030341579136 -0.026747810389421988 -0.18069561081878663 0.16124362434826717 
-0.5854152080792067 -0.4086075579177474 -0.95001153562427 0.590953098346861 0.17213471949543585 
-0.9988576593459592 -0.28314210924855604 0.7032818671606771 -1.0475940571681017 0.3061688939354534 
-0.5266598786734769 0.985128655097863 0.983399918373323 0.23845350993711803 0.4944071413760624 

0.5047056287797711 1.4321699562263583 -0.163180803179348 1.7538271686680948 0.4477986251244551 
-0.20266116429840214 0.7637914405005916 0.38607522401400596 1.267447856716085 -0.7428376055344268 
1.2446216651648665 -0.5877537141511034 0.9909694886641608 0.3761355055498386 0.7806602794868505 
0.3369208854324941 -0.5419975875754937 -0.18671338962883585 1.0525348201958376 -2.366469391612125 
-0.0016919851883215175 -0.5565653159354704 0.49022118350646315 -1.41486052053674 -1.1642880281226706 

-0.5618125998283735 0.21504398119656043 -1.5011566030415164 0.22208379112250362 -0.2588010590012173 
1.281806300792768 1.5670396640845956 -0.19097134495092016 0.7973763245274862 1.1535163427946704 
0.5144484159578059 -0.4355358365663688 0.5136836133943802 -0.8572976943460116 1.6546835310853596 
1.4533313580002543 -0.5635741588006082 -0.8499737751945693 -1.4039341213998626 1.171172823774325 
-1.9643017775839537 -0.9472770232150274 1.535128369773005 -0.413484138528564 -0.22528126668701115 


-0.6927983099082409

1.2770875149500058 0.3415962252108158 0.14295827579232434 -0.9906440003293059 -0.9185311024925674 
0.09710016447442621 0.4527477616679694 -0.1409853962387083 -0.6196400498641443 -1.0214041557083664 
0.17509335278192767 0.09077212656310465 -0.9416637941585045 1.1316049181886598 0.1755404716963678 
0.8628283980308997 0.44799145522233763 1.7459484196673543 0.5911818201570415 0.08066278465500522 
-1.3444374271067436 -0.6938788759088035 1.321138537688594 -1.2994939519696644 -0.3123940847211271 

-0.19980501618498608 -3.51384877811262 -1.2493251612836163 0.17631194220806445 -0.113176770714016 
-0.3057892138827889 -0.5735079210238869 -0.45849202030243574 -0.9591936225780358 -1.8358015212162693 
-0.5522506962759094 0.6625194647501023 0.9848675741735707 -1.0130960355788472 0.24934099599550047 
-0.4119563515156682 1.0582928284256876 -0.8645503366118763 -0.007882428606670643 0.2025405373425168 
0.22644961235132888 -1.212847100586776 -0.6377807660887219 0.22011396056661708 0.5734770693842941 

-0.24296940655944524 1.6656400832223277 0.13689172126473986 -0.7647766343982411 1.1614906016894162 
1.53550025342529 -1.3479241296449793 -1.016039882272123 2.1902678387937664 0.569755615587355 
0.5141783197793625 0.010843437656859686 1.1070688854386492 -0.6879122368717431 -0.9842418661107092 
-0.3566429784799165 1.427340521584503 -0.05558589797890606 1.0662399770046198 0.6850264967483345 
1.7370011363212878 -0.05688968502385919 1.5529836022863734 2.46054618244192 1.8000438516045425 


-0.5527964235060768

-0.3780722511314796 -0.3776611391957914 1.5152021713240331 0.4141782648009926 2.1015657531147673 
-0.064926682893818 -0.4017029673458524 -1.2989123498895463 0.965672252267945 1.156107639906621 
1.2600708028059948 0.41547072978130295 0.8298708273167815 0.04900598788983996 -0.0033359311056094946 
-0.7954282165533046 0.32641615862092205 0.31860818751255704 -0.17933652642348255 0.4751870487827876 
-0.6682726819483759 -2.388146543085701 0.5276236108114033 0.94473235978489 -0.6960857388457659 

1.9867858847971325 0.7077736392857974 -1.7251453925627709 0.36955660478714814 -0.20576369334569658 
0.5403387352034473 -0.16253344953951715 0.3218934418820342 -0.31511781809664896 -0.13005953131905199 
-1.7665680806764446 0.9560955571885954 -0.6219258855263077 1.2671202900252792 -0.6978427172635387 
-0.3390412362007732 -0.36903535460478076 -0.5730297579942025 0.30811571234515944 0.8939225830119569 
0.7888707221563077 0.47332079167340674 1.1976161952134043 1.0105590238884976 0.20252378951788355 

0.2957789718228373 -0.9290933629079171 -0.9410186975135495 0.6245735578301446 -0.10342059674336121 
-0.19139134498035837 -0.061412968688306264 0.13342190297127154 -0.5642301751314256 -0.25089401994870325 
-1.35734202965544 0.1497940338031681 -0.26243153432371014 -0.42894239578487015 -0.14012975285922374 
-0.08603285613023069 0.6911062262808771 1.0535067964895188 0.31318318257125055 -1.0782318619648206 
-1.331708489065484 0.2924401540845388 1.6576002656078417 -1.0086842577581003 -0.2293432016909548 


-0.8204968921572278

-0.6754333855569723 -0.49651179712629195 -0.01135006638806526 -0.21148608533504773 -1.0637635622686203 
-1.0608793606683016 0.5133236650929615 2.265836541608059 -0.21664243659866608 0.6768337110661558 
-0.7782750780918213 -1.9356152840236716 -0.701308642985752 0.3119873645214619 -0.854814485830744 
-1.1165308861703154 -1.0686145610894313 -0.6358869172736097 -1.670091471145832 -0.4869747817038573 
-0.7680973139668815 -1.0446378867582633 0.8100683655476321 1.0393868742801495 0.6300740183477673 

1.892163355309523 0.25824905619769956 1.702781726461332 1.0395329598092518 -0.8718353009108649 
1.5408801349968857 1.2959320916810788 -0.08878582378350014 0.6796427099183303 0.5318449474085377 
1.066688900228522 -0.9680413235554521 0.5368088810159386 -0.2738818336334944 0.6332986518418913 
1.7055742066813524 0.5824762085668236 0.7223873840531599 1.5773761474943166 -2.076598000054307 
-0.00820624979598862 -1.0997472091275646 -0.9425361789668025 -0.529695378986075 -0.2914976210606377 

0.5095157923103363 -0.5206446985409704 -0.492406776359889 -0.7811757043880082 -0.6770530955946956 
-1.7897669775183682 2.181139918399163 1.4589852324635935 1.7186571692566408 0.19245570910025317 
0.31087939193012143 -0.513915541395586 -1.9503857425586755 0.8380385293674879 1.02929026045249 
-0.8556460238033378 -0.2508818251583065 -0.05250465952538394 -0.10329378974814939 -0.16112752821453194 
-0.49342276833944476 0.8114074942961101 -0.07097751876866856 -0.5271638400038882 -1.1695248007529253 


-0.6559373353774782

0.022815948243160633 0.09184258237914887 0.7396465406234525 -1.105747634422075 0.916984612798215 
0.0726834579483771 0.23983601075057684 1.1464121815918886 0.6016696972215408 1.404985477909693 
1.531016915499168 -0.34319936662603195 0.33187725934749845 -0.6868293576764833 0.12241832805157328 
0.5533335150023403 -0.22053836591070042 0.3601060209957524 -1.1194928199570648 1.1856618227686209 
0.7432464622902292 1.009934867063803 0.2710402309638487 0.01335483296543479 0.4292101389443501 

0.600602022687272 -0.034666575086768625 -1.184536206037814 2.199181250362097 -1.4405760470066349 
-1.1258897793029645 -1.2005032828968438 -1.245492074412792 0.33134209171604917 -1.3428538295115986 
-0.32870929082767547 -0.7397242055099214 0.1765478811604995 -0.5635314114469266 -0.2699451952062501 
-0.6353849164377997 -0.03373361883865391 0.5975751926025968 0.4074586344552003 0.8600075849539164 
-0.6744925478034647 -0.3753558430461006 1.2157444252210143 -0.5887492884625772 -0.2653711968080456 

-0.3235787455832291 -1.270201151896501 -0.5825232871499567 -0.13941242914001578 0.9842849766238347 
0.5060621400976627 -1.1591505417799395 -0.8206463561260976 -1.0196283076578025 0.56133745322588 
-1.571713863959991 -0.08398261517801012 -0.20516521896854698 1.1956978064101553 0.5680505623567581 
-0.4456553462097995 -0.03551681086072344 -0.9715989554844521 1.339687674945395 1.4108306647813469 
0.02376341399099056 0.7404342982892215 -1.0338255340713745 -0.7609230225296529 -0.2568120800719187 


-0.8431916313131345

-1.123006894255812 -0.8447119349919031 -1.1552034960077675 1.112535764715805 0.10908980827050883 
-0.2255565369797828 0.8992472544503427 -1.721511607402225 0.8036273149655104 -0.17105791365113837 
1.7543228502927881 -1.8988546368638002 -0.8809877714930114 0.6395391770757152 -0.29129663950004786 
-0.25532157059589894 1.3994850992095618 -1.2973582517006503 -0.17346040233821777 -0.657411938196968 
-0.03876773217246254 -0.6125807332024717 -0.18125439448362143 0.6270654531698249 1.1595492565382473 

1.0026098076370658 0.7367657234207443 0.14555967525472918 0.28575354272169284 0.34961166895272466 
0.7886852662185794 0.6737548551135858 1.68138422130784 0.9307161447118589 -0.6005411023982368 
-0.6121968021658973 1.4786738482513644 0.42510619489878015 1.133760465838388 -1.1108405826311052 
0.18589933278223467 0.6742429100724602 0.4956527228385455 -0.10464101271413727 -0.09842339966235994 
0.33622489148935136 0.647702327993306 -1.7192031806860786 1.3978144169464346 0.527502997837808 

-0.9414016398476588 1.2963604594585367 0.2157251169498076 0.29619753741621807 -0.3579357229051189 
1.1014055826604618 0.8279168808379526 -1.1097939726318182 1.511084762377899 -1.985784981465697 
0.6982931121366083 -0.11541500149305291 0.8159604608988691 0.640915200687032 -0.08483425042328807 
1.91763822308568 1.1679968399349983 0.39644851481284493 -0.6142593671615432 1.1068659180383214 
0.4902110344883121 -0.08381136511686217 -0.832119362866402 0.6495934785812687 -0.2715640052596857 


-0.6281525194994564

-0.8870654473551144 0.41616217017302454 -0.4856962121539276 0.8646131272907195 -1.0120055721318857 
-1.197828959440775 1.915829912694976 1.6270546752262582 -1.1719494505170478 2.182920821376228 
-0.2868092828687746 0.25421819062220075 -0.9683485574575574 0.6681241981023615 -1.1536925438125571 
1.6535422023372486 0.7086272110222087 0.7407691293425464 2.433790852151878 -0.5461690424185373 
-1.5301545905532143 -0.5323889937438441 0.8992638632178859 1.087236534548168 0.25508416253960914 

-1.2232885621674479 -0.051336641674617774 -0.8338843498133603 -1.5910900331461015 0.1464805671571994 
1.6584501342908053 -0.1794416705316974 1.109778414282907 -0.2460871908412894 -0.8686502890112232 
-0.6951916643659588 0.08634497207502195 -1.0425750157904319 -0.27467298378950217 -0.36521320350064923 
1.067396413699298 -0.31553694984887676 -0.5434893724686977 -0.7043284888721159 1.0880266131904746 
0.6194179358891185 0.32703875190429305 -0.8796721079432278 -0.16713533643033132 2.0996548251221765 

-2.0661826076326393 1.076540525193815 0.004029431015117293 1.7325121274692954 -1.0341737105485918 
-0.10058710812738879 0.17677982393967775 -1.4464780238545287 -1.158246654012001 -1.2249637716989128 
-0.44014063849017093 -3.191081188738484 -0.250357912198363 1.4593853155866698 0.7964757768437618 
-0.8823377270977566 -1.063935320901172 -0.004094114125621289 -0.07872618783650581 1.8949241675272401 
0.9666787307812994 0.03598880689221361 0.15081743283780896 -0.19509970503674426 -1.0413037153040412 


-0.8894365293741755

-1.5104962674957145 -0.8609462990978759 0.5476584292823794 -0.5891550704697148 0.11359591430066579 
-0.18004253513291338 -0.01830267306577703 -1.1434691262777883 -0.15122551382049398 -0.8178525914247097 
-2.2584687326719037 -0.7999579624346319 -0.26047639447790305 -0.5258303327211424 -0.5119309310213522 
0.2326343221869887 -0.9346840792786799 0.11629026217775701 -0.9500456072531093 0.5090865958435953 
-0.400381015156383 0.3296093342150208 0.33235993830650173 1.5684586342015667 0.7913680943200739 

1.9063080025127146 -0.5773582451476144 0.3368023253071124 -1.9826789902233022 0.9324828427698415 
1.003310626835637 -1.7056394519511286 -0.4257517155337128 -1.0001401786673105 0.24417544857778273 
-1.6536822008064662 0.5760942872538976 0.21184800093783993 -3.218552764025134 -1.464889739844573 
0.4653715989956621 0.858006280072952 -0.22751697708011412 0.45161997889339145 1.059396913895276 
1.3578416448598163 1.1178255726766801 -0.49841606558565665 1.4902754645202625 -1.5941358410656534 

-0.11277671890746976 0.11758443192622596 -0.8037464721222132 1.1661303868339397 -0.8258981599402151 
-0.3247577554174703 1.4197631916271698 0.3081473894799274 0.1918059362540406 1.2113862171400815 
-0.4697234136282337 2.1369064471235095 2.2037146238387306 -0.43987575119398376 1.0233615840535728 
-0.8071216499291164 -1.2336929456458348 -1.18917543038595 -0.2877660542511485 0.6238152672599317 
0.9816907185465997 -0.46779426271883545 -1.360204973167106 -0.18574454805355703 0.4787724151523625 


-1.1431329556800445

0.16889088356396295 -1.259283539198253 0.29505911044039546 -1.2902735474203182 -1.6536613922497774 
1.0489642895870679 0.4585814658409139 -0.8996378406146985 1.0070197045646405 0.13140114461925434 
-2.8459907444592236 0.8730160195287683 1.1514824920597333 0.20758082458242766 0.5452420667357464 
1.3170642870673177 -0.20105372512473443 -0.8582661581922197 -0.33868831606413397 -1.1545917227418125 
0.41549417003038 -1.2681772982362853 0.7766888046571355 -0.4677232975018745 -0.4939478063642581 

0.0029916596389770347 -0.9607138647183592 1.1749866836073541 -0.6682788670640545 0.19831686163159962 
-0.5311879644191824 0.5655499711013915 1.4204186461962995 1.0647539359119496 1.1442943966005645 
-0.13797039984638226 -0.07659501333995788 0.44820896755311457 -0.5240678982515277 1.3311612265819504 
0.0031876050239622424 -1.625858830502534 1.7136017270929607 0.9079038280313839 0.7314080769895949 
-0.698606211469496 0.6458703215828917 0.4789863696205576 -0.7620606401748129 -1.3920430310351688 

-0.7414341283357466 0.24925150321409098 -1.7411354752335957 1.8834696288728536 -0.4076047138719878 
0.03984412451736066 0.7464202179776535 -0.2544860441402848 0.24499582428818617 3.1456240997953717 
0.9418212931646698 1.118019858118483 -0.43836501808335354 1.3269839586349077 1.2941268052716353 
-0.05781364345067445 2.1470168440094533 0.8461715592509308 -0.5675059522476008 0.1425368044420481 
0.40625150484377726 0.3571768252199394 -1.462201589005093 -0.7864188678769138 0.8860215699045011 


-0.7287627975056689

-0.4586325651915017 0.16329048362051674 -0.9766392118132269 1.4767376271789678 -1.6376827850044142 
0.5083494702588639 0.3566499030872675 0.9016327841088096 1.1147688397609015 0.639609357282821 
-0.5961772382456865 -0.35941244258538896 -0.11107102123750602 -0.5917695168962859 1.2362761127435182 
1.4314231222020117 0.3201742998836768 0.5754087583128974 -0.07569550012111406 0.5255878153458905 
1.5130526924632162 1.5428740779915069 0.988192409133999 0.156113472312463 -1.6383009410259246 

0.5745570675707469 -0.06530157625231944 -0.05769250436363445 0.9559153618905559 1.1185611766307855 
-1.619358141043908 -0.6445973517048533 -1.0770319172808793 0.2737313005688398 -0.36673728887475776 
1.872386751774875 2.2160159787799762 -0.5449727794123136 -1.6990052861263236 0.37971768594587585 
-0.8732687636912503 0.65375507595936 0.656275526239178 -0.028207787962864436 -0.1597935892962118 
0.4883620085634606 0.3247920051405293 2.0836536404324946 -0.7379050127934133 -1.1101426643690713 

0.8682267535135942 0.4258612387320551 -1.1964516517329953 -1.493471185439463 0.3278300339262885 
0.1321615079149497 0.8525247663035821 0.2954545195720684 0.8152945517451808 -0.10338997145492367 
-0.2217621179096112 -1.8482637895297664 1.4631069990155343 -2.0662066200989297 2.329186231260275 
-1.6468806118338495 0.24432961870972647 0.8412804740813031 -0.39121683408557045 -0.16539520748041603 
0.22267294965002848 -0.6555150203267501 -0.11133517731295295 0.6215137518678692 0.0774224892344258 


-0.7420625817646314

-0.12519498478299368 0.3065127654730146 -1.3022537346020069 -0.10711858519735128 -0.2726660999335254 
0.4220049609822263 1.303872720516606 0.22503803529502908 -0.8969898638240369 0.5853239765026778 
0.20170588309600201 -1.8458963109812738 1.0820687455021598 0.4230691148799419 0.31515547094943636 
0.45533769615887354 -0.5216335115871094 0.5673007379211746 0.4616656384648813 -1.1342099070832479 
-2.2233787383910943 -0.320433441290136 0.027315898897379964 1.348183245076676 1.0963747643858013 

-0.054856833136793244 0.11381797073339936 -1.0523184908415957 0.747020805428292 1.0056286971170334 
-0.2544778826669328 2.4417751895551776 1.1348041659513652 -0.4827979173174943 -1.124128811605774 
-1.3252762356061158 -0.4622067454297814 -0.7834706263633963 -0.8880499740431966 -1.8275738696548105 
-0.24674132789216466 1.312811547699014 -1.3745115805249966 -1.0710185934802423 -2.0300430901992366 
-0.2070390878864977 -1.7633046112913524 -0.4000952288166329 -1.3896383929231293 1.3745615038115393 

-1.5471060262719771 0.1054426615478745 -0.4247880734883128 0.6284946502706791 1.1786444101929208 
-0.0750242655806567 -0.24794090209633723 0.787989250656866 1.5804191975546042 -0.3432990193812522 
-0.8533611091657718 -0.16034034178818457 -0.4844895243358535 1.4661168565844764 0.3219438537278504 
0.8467850410814266 0.2612494194296672 -1.2971868068852797 2.1361306164256817 0.05102253521161807 
1.196771366042162 -0.6139485130221144 -0.8286160573556166 0.9337941720300013 0.7880134636189705 


-0.8704392312130167

-1.53743975764811 -0.33832136109238087 -0.16044765466283167 -0.04447310544928327 -2.274589420869885 
-1.9150908589849915 -1.0117826969313524 -0.5642692211727375 0.03050545183680349 -1.1748899624488183 
0.4994212962853167 0.24372271172536103 -0.9747883414144172 1.8303997477052585 0.9398655828163328 
1.4309083468754455 -0.6708112038512416 0.3634222213266945 -0.3873555688928079 1.7222459275437738 
0.8607862313106562 -2.4833652154690715 -0.5400090106188534 0.5143133988391851 0.21878225788274144 

-0.35059035551623136 -1.7446797734070711 0.6738593983525416 0.6644101697139055 0.10598988640019873 
1.2258801956176488 0.7227874031952286 -0.15984540011214457 -0.8261217275982756 -0.25631503507119985 
-1.837868739748633 0.039239674902371964 0.37144522478281 -0.7064796330669805 0.8362748471758883 
0.46901536917450576 0.47382793158983816 1.1040154464512002 -0.705905407284143 0.30447240718204027 
-0.19140900125108468 0.10213852856052222 -0.11363583381030412 -0.7885305658537407 -1.2830138386388066 

-0.605580441531762 -0.08895925034452216 -0.2701155088317026 -0.1873702001678818 -0.2668835324347062 
0.19226387559678176 0.23663245398271032 0.229574480462075 0.08600982510044038 2.9431963832461596 
-0.6552109757410584 0.8644569465536935 0.6380419234665774 0.2968291123760644 1.9930345384670058 
2.0721553383515845 -0.45467708591665945 0.9911469823518265 -0.7659599553958871 0.6169268558588455 
1.5441578819467885 1.1264523148755712 -0.8486632458863226 -0.013524428373304967 0.07330357370004968 


-0.8693081161475015

-0.5546237698480168 -0.7983563547095833 -0.8434039503687207 -1.2972828513655905 -1.6515182175573118 
-2.331589036012611 -0.23823315585283628 -0.5118849455851974 -1.6923304662332919 -1.1188393385972564 
0.9247148287700355 -1.8269977875794192 0.9335089508525758 0.16909390546593198 1.7983099641597755 
-0.4268573567440605 1.3019088983434188 -0.5475003165912862 -0.9762406519057031 0.9535867386299406 
0.37424173585830006 0.5203899802529279 -0.6827091267991506 -0.23803519942741214 0.9680729647305245 

0.8105276598293011 -0.09069559740321272 0.00948512231574133 -0.34776086673979034 -0.9041514229087856 
0.6028324018577714 0.7433910360719985 0.4124931929278729 -0.7424463264028981 0.8818060336271175 
1.220994272953771 0.3972126424263435 -1.5873645218997392 2.9868103405627653 1.8947432219198337 
-0.1337980280772284 2.011206899788233 0.8172194838432087 -2.8604231375052667 -1.405225961451803 
0.4504476549560356 0.32911319638164355 1.1996719150267023 1.9471684588649127 0.6911471224183797 

1.2636679075737076 -0.5341131161798975 -2.361263963528801 0.988382922793225 -0.5806578026676109 
-0.4155358690151609 -0.15716471775594626 -0.5685038587605333 1.61381727556777 0.007961372999915575 
-0.15642692787828444 1.0669616247785616 0.3418625986250265 0.2078285207775013 0.1964634430930576 
-0.016306333813138278 -1.6838308411432956 1.1884813348453505 2.2272030072688427 1.191872520339611 
-0.15265474049607552 -0.8489813032242043 -1.0282790655103495 -0.44952022045609796 -0.7777262277981764 


-0.737582599597071

0.7865896898469792 -0.21950616413639493 1.0171484546809588 0.5978632718998834 -1.2296452233806319 
-0.42441740667188865 0.6795008111951909 -1.7838309871876097 1.4511728854127632 0.48475950202811036 
-0.1002722377666241 -2.511647376306248 1.8830496528957117 1.5774438130251653 -0.65002649676809 
0.6470405294867239 1.8779760726597967 1.3604442902573932 0.38920323061862566 0.0656558029095909 
-0.1420136357058644 0.783825239025886 -0.8631203581131894 0.166922871032797 1.0455545609604606 

-0.9010614605879425 -0.3008209367641862 -0.051820635063712366 -1.2073646792780888 1.9545729663572429 
-0.34131250622048126 -1.3820841569599385 0.4185112070972539 0.1658658297811671 -0.9695747731823049 
-0.23386468646498718 0.1419956082268357 0.9101870782755165 -0.5202798292229046 0.09378559232103911 
0.028157227166372208 1.054640807720515 -1.1980513474397487 -0.5350640074841446 -0.6058068484993643 
0.14156123394086528 -0.8101292452235842 0.40147213297680406 0.01217453571287801 0.5027975838683378 

0.1588012034921438 -0.6979713177041087 -0.2669538862901411 -0.12818591400183482 -0.8573757704983497 
0.40785317711065344 -0.17149546945488406 -0.28840843647653 0.2978672836883418 0.7208242083819983 
0.8126257612600202 0.12778290647229568 -0.44242658941565277 -0.5827768296509639 1.7591464101512315 
-0.07357197778427532 -1.8533490919057416 0.6184549911104896 -0.24419658750401513 0.7217251504119679 
0.2900395587191106 -0.6768331285746126 0.35555413108749634 -0.3886039768717526 -0.15395238983968113 


