-0.0056949906734352134
1.4541461620823415 -0.2138284028414407 -0.7234578243786429 0.1480065721759069 0.29152513728290325 
0.02145864533616479 -1.585064159387914 -0.5298211935512243 -0.013325069903618987 0.22107469402189472 
0.025883106866979734 -0.938817368711751 1.2653358582379541 -1.2194909839831518 0.27414764817050585 
0.10724928029943295 -1.090923682759035 0.9768711986847374 -1.052982724602249 -0.327070719902179 
0.43169707403782753 0.8536595556125584 0.8918776963043092 -0.23067742540082536 -0.5138841580990148 

-0.017727840195701304
0.4563552453659672 -1.6429544567449756 -0.6760119863467461 0.09039499377799237 0.2887401544607437 
-0.2739401701904195 -0.4458131208368667 0.2665821460366338 0.9164901221252869 -1.3516477592563565 
-0.9419245255703432 0.4756434839969414 -0.4329943612957927 1.0003623382942346 -1.4606064777330665 
0.8426699636898577 -0.25976301875851626 -0.17738656040050052 0.13388600329535988 -0.9078203800753003 
-0.1544057261179338 -0.23534324531528464 -0.7610678695302876 1.2265396104631505 -0.702552456374427 

-0.011359792098135384
-0.9130852609813571 -1.5743261202305827 -0.04384177084005573 1.8228380689176582 -0.6716594956425832 
1.8710001018508693 0.3414384345130628 -0.41046774993198987 -0.9879386723336863 -1.0260954202019232 
-0.1426716923805048 -0.9369539663441782 -0.5098439545543063 1.2347434309490024 -1.556006306603395 
-0.5314389524661518 0.4675908542695885 0.09224980873753998 0.18136405903977537 0.4185084504649487 
-0.8209101805375266 -0.6371463365751566 0.29751722445448 0.5370269340669975 -1.991186772302588 

-0.02309465681570354
0.09171445844225648 0.2090036050228786 -0.6681520711163706 -1.8584380952215949 1.0772235776854155 
0.002118679432352379 -0.6385404938774516 -0.627572722036682 0.2665252689262138 0.2604188832776719 
-0.5882546398495049 -0.33795104043979607 -0.23033694305399227 0.343242658565479 -0.7532774377925374 
-1.4107488772303773 -1.0530816520656074 -0.020119029728834597 1.7494317008588334 -0.28589432969845874 
1.5813897560875776 0.8044202316488105 0.058738638948188836 -1.8156925983504735 0.1914722441852375 

-0.027450190980424356
-0.5098341211621605 -1.2813864230644183 0.7821814158043919 0.6761106305882745 -0.11422416163721408 
1.2201066959579874 0.2168360414591225 -2.0707679839661894 0.6468394036616659 -0.02936874411051312 
-2.0624677198713695 1.0638519150167411 -2.285673896110188 0.6775861105216539 -0.845927743136151 
-1.2843691659085756 -0.603328897152491 -0.7140834092426922 -0.2971592745113675 -0.29043374045328885 
0.8829139660719902 0.59221232394139 0.2921144708663786 -0.09650342844504065 0.3133398940315372 

-0.01366259344781662
0.2857820046498432 0.5379180915490113 -0.2967660589540226 1.0987434112875067 -2.0852890686775045 
-0.30607031271982726 0.673411911586031 -0.23495606969784696 -0.0166063962846989 -0.23339828839556204 
-0.723825164719076 0.6831815643480543 0.42579831530958273 -0.3999152984836913 -0.6411581929670194 
-1.5800782883959237 -1.7337793952134501 -0.5716443296495126 0.05448116926034606 0.9346061196684452 
-0.34923065621985755 0.033088608139641096 0.4810845393246376 -1.1974824532717157 0.49240235926597714 

-0.015777917962887522
0.5288571073970364 0.20317367055799615 -1.0388940032774183 0.3659689951245601 0.2298300147780047 
-0.027028142250625706 0.7288883857698203 0.9586227175743574 -0.24601775716958146 0.006542012008198733 
-0.8320603374369792 -0.7001031092310008 -0.05913102998174084 0.16584797351675445 -0.785142272809057 
-0.5214589388272465 0.37754109780335776 -1.4170693312592053 0.4222737107139119 -0.35284092029155223 
0.25084737347338826 0.5807275742402324 0.8872997553179027 -3.1247919918796914 -0.14788043021746694 

-0.02184588142416227
-0.6149383659582812 0.17223226756240934 -0.8022119986115632 0.9760582355790451 -1.4216281591930395 
-0.11200172124656159 0.5831514907687781 -0.48465257725427785 -0.13784742511719728 0.1425038859992826 
1.1026857520977753 -0.0419628443652975 0.5347492917913996 -0.794959088518188 1.0616410205208848 
-1.5352554628748887 0.7861597882805724 -1.5631989657948255 0.7526894593672231 -0.7304856109102938 
-0.4896526113705161 -0.0065767576083804544 -1.7788603595387058 1.4718779081643176 -1.1871475760433106 

-3.087072894523201E-5
0.1764107693021111 -0.5279634994613771 -0.5533546154917932 -0.4919034111322834 0.4522324698078981 
0.6369646392032284 1.0752580390709394 -1.1620753011284752 0.0170110400851851 0.028756444936360155 
-0.8806488834875611 -0.44041550940959606 0.38023157648373773 0.9110520484242919 -0.4801190375321854 
-0.8665677025548756 -0.4317964085673796 -1.8522733566981544 0.3248459148257869 -0.8666294102925731 
-0.052824493837978825 -1.2073106857977973 0.5052916422766811 -1.1206806292430203 -0.039975143860338194 

-0.013955394705992276
0.1758822026605173 0.7423598268709247 -0.9519495021373242 -0.8098611359854914 -1.073364889584064 
-1.2737615971630936 1.038133454850053 0.1714488269486858 -0.6634651437372132 -0.11371379938883934 
-0.36750915992095184 -0.2536719186254002 -0.5014337949577464 -0.3012403384187708 1.5482173043298642 
-0.5405013151132622 0.7449727454670256 -0.41233418446620573 -0.309673551275943 0.3676683094195327 
-1.3223118393217852 -0.9792563404661782 0.024300383777513167 -0.35567741087805743 -1.2796146190465318 

0.0014325000852125366
-0.5234402451992638 1.6563940600519178 -0.3066203533726692 0.28312621031966034 -0.22018039030871012 
0.2573569360363762 0.30827370190530384 -1.4089831289102663 -0.6465632135971356 -0.24461306506779873 
0.21677959004106173 -0.5673491474251293 0.43436597057449317 -0.051910009588117687 -1.6724843239075855 
-0.5217668169836165 1.354820807370111 -0.19693436897555894 0.38455822040520704 1.0675436091842239 
0.34749537097287664 -1.164542519839096 -0.05074263207628071 -0.5119893368833334 -0.5247347276062001 

0.00747484348348915
-1.2780244170785382 -0.6263828503693162 -0.2630633953985352 0.20583460904828893 1.7766595697712237 
0.7907333996603086 -0.0655782329486138 -0.6819735068192619 -1.248569772390123 -0.3491169888154366 
-1.0281222681875422 0.3817813215498856 0.5401271863632764 1.4164708951227114 -0.29489512299527115 
-0.18558071113759797 0.4851940695221892 -0.036292217084584216 -0.29646738776563586 -0.5038918781752058 
0.5916041444965962 -0.988736732100542 -2.2563659227547417 0.36397105693432064 -1.253742341654834 

-0.03234250319039254
-0.6297522099139635 0.4948738638377752 -0.1106402476236546 -0.7876707923862422 0.3692204254181484 
-0.06685979407119799 0.284938800970441 0.17752430182802967 -0.9214589127995589 0.7261386893804523 
1.4030998727416875 -0.22164578807550106 -0.7252785166098773 -0.21156950777758352 -2.0012813425928524 
-1.510103139842586 0.7447803187140668 -0.5428542026385528 1.2088828740522328 -0.7168979781807434 
-1.5188985469141678 -0.7316424931167826 -1.1747516180002007 0.5376227907610943 0.19082451961776598 

2.452500605753019E-4
-1.0266372797661556 0.8634907457498547 0.7206228109610741 -1.9982108999478863 0.712765513243208 
0.6078862395162293 -0.11935582602812835 0.13896221467116865 -1.885984790937676 -0.4613389577035223 
-1.9252971597240047 2.5713499840441405 -0.7315224794058806 -0.6497462252248187 -0.45642239382571836 
-0.6707316349010797 -0.45389002602204903 0.21144709488555527 -0.6743295144670024 1.4212399026780347 
0.8690180967263673 0.04353320308383101 -0.5781099307630966 -0.8970143044124743 -0.24266947666374958 

-0.015444366605833117
0.12885085024627974 -0.2878008843914498 -1.5809020471303752 0.6293541059474185 0.8949016403951113 
1.5848904333820897 -1.1781899092171781 -2.008213724555522 0.0335815239157456 0.2892515336188302 
0.8475231557566538 -1.6074429273120783 -0.3176130219118402 0.2323130932406908 0.9752048346449624 
-0.7546263677872108 0.47494084460004304 -0.2980637115763894 -0.689614626275157 -1.6451630821733967 
1.3752647250418444 -1.2363727703273057 1.2410908373532188 -0.3090384551052211 -0.8877621222746833 

-3.135528383487334E-4
-0.3724124965891558 0.8671756848556899 -0.6487820402523096 0.4195174474326473 -0.061121716435664906 
0.5878753445214561 -0.3009430600984752 0.14273255574729435 0.4019941055354875 -0.426226473729947 
-0.7006032086463987 0.04379838895 0.4590897213717643 -0.6700245066457725 -0.04525841687842067 
-0.010808471776091686 -1.1216559440041047 -0.014608091943920256 0.7228093320455314 0.16173867198562678 
-0.06793016679539655 -0.21979935984283439 0.5032029148529574 0.6875638574133484 -2.2808797550892685 

