-0.07348028697551141
0.5674660539132744 1.025081477820475 0.12505224366895987 -0.536438824180225 -1.3014275847890362 
1.647943998749189 0.25716196297632365 0.6823701347676261 0.041606182072041475 -1.7788314545649075 
-0.45410535330989066 -3.2783260967754684 0.12996186025173234 -0.7913389602816452 0.9417954779231208 
-1.0195128102686493 0.8261727717542002 -1.4751440015767734 0.97197608717888 0.1536206033590637 
-1.4970455809813497 -1.2428677655198759 -0.1383363460799594 0.6418622670018791 0.029690452644705434 

-0.05246087186653917
-0.7737538460962505 -0.7920039687434435 -0.5601170497179294 0.15772434283988226 0.7616873685345152 
-0.2389002428636796 1.092056947384851 -0.9317688926803404 -2.2571337653543564 0.9490075114068385 
-1.6075599038018769 -2.536369800805909 0.847890478404414 -0.4252074113358104 2.0350317157007045 
1.0981723976063154 -0.3579700598810514 -1.6471790213406428 -1.9536087941234737 -0.09725412341538767 
-0.39827946397665287 -0.6225887692433216 -0.5200562116597817 -0.6692150396978335 -1.9825010488171249 

-0.10007661392804967
0.5318815046776831 -1.1834094350545141 0.9722358520474329 0.5691945169210525 0.5401112410255423 
0.02729753484297659 -1.7464311902967555 0.5578901495129536 1.6756605195872611 -0.09458362289684802 
2.1053627460948485 0.7937565224108888 -1.1068864366791482 -0.9481339124868884 -2.026436450754816 
-0.277021275572013 -0.21731978157517415 -0.2729535222860071 -0.636614509195334 -0.987498893531063 
-1.3870332476714327 0.9057558628949695 -1.2594151779183314 0.28605491178802517 0.2919002293262575 

-0.2228083321968788
0.6515083186167633 1.768830437974881 0.7787600302234874 1.4564260903530224 0.3821370392179596 
-1.9848883476618366 -0.5259800037974869 -1.8573219337837892 -1.2474712675264927 0.2412158677716461 
-1.6070561957378313 0.5447287945822586 0.7706290160757328 0.21870255086714768 0.8970320031877316 
-0.8703520676868316 0.6121359147652776 -1.4708014734113857 -1.0420556374060765 0.38573677629898684 
1.1315721956091698 -0.5541069597563237 0.04941866442693978 0.5064419397463343 -1.091222545956543 

-0.19070076912739647
1.0370159910203984 -0.6578679128754784 0.9026684130630096 -0.8932945085594108 -2.397300274942597 
0.1917822616639232 0.09520911662550785 -0.18121306733048273 1.434918844559344 -2.3134310453501783 
-0.9484194245782226 -0.2908160653236421 -0.2068978453324743 0.3575649884067901 -0.8186530503376447 
-0.6416176855155937 -0.07606741310893675 0.22681709686200766 0.5395247646626176 -0.43202935006748777 
1.5997087698651207 -1.3169690907022402 -0.23743550038193578 0.6055630963532095 0.6742458211347288 

-0.1215374274982132
0.9586296008629421 -0.6347399501303786 -2.981786910808416 -1.671616119187143 0.19449424880363178 
1.0147225572433956 -1.2746245071759648 0.6761775997845888 0.1125538266003431 0.8165506332382676 
-0.44194228320736356 -0.8280257640462887 0.8013085066186426 -0.4241803781447006 0.02672516794639254 
-1.594915845518812 -0.39049239121225454 -0.17922907215907505 -0.3866653528435237 -0.9406819445217687 
-0.4347687610459052 2.2338233608132683 1.5207896324810934 0.6567945323087259 0.8635802360699356 

-0.11233473971557696
-1.027015716476751 1.9325242185732652 1.2210582594041772 -1.5342906195521204 -0.9579873095647792 
-0.09765363438522565 0.04661189894415101 -1.2084044141648014 1.483418840617222 -1.0765483567630851 
1.9226156244563137 0.8289571415092722 -0.623314817973046 -0.8549422679879909 -1.09407329262853 
-0.5861482877268019 0.08699652980858585 -0.06112492416888603 1.780148977940675 -0.05612926451200162 
-0.9703562173256888 -0.36234116680613454 -1.5331932451591852 -0.11499037456151318 0.7609152740556709 

-0.12411184742286437
-1.4826152205636762 1.975251549492032 -1.49030719569549 1.013848432974782 -0.6349124403817901 
-3.232049574721386 -0.27823786937191597 -0.4254566729013601 0.43006834209609496 0.46505453022501986 
0.5085309864106101 -0.769224980711473 -0.8458750841490642 -1.0158624819080284 -0.7994987338286818 
0.044774160416829585 0.9317974951485621 -0.0367645007701875 0.7029701507082883 0.8723500160696879 
-0.763558270948835 -1.3906668266203779 -0.6526300860261027 0.21958143197355665 0.3275938712611507 

-0.1213113652242043
0.7652695773125394 -0.43215102236855096 0.7509137415103113 0.5926040112450304 -0.5839696825908234 
-0.10930396114651181 -0.8201631306632235 0.6067750451543925 0.02207330267965596 0.48380637875648785 
-0.28725777988214063 0.8931489610563819 -0.7508968308099315 -2.0746833339981916 0.20851843467162667 
0.871370390415945 -1.5210960066428758 0.8525373658583671 -2.099280116602963 1.0749791811568188 
-0.47532222806299873 -0.1983148438872733 1.7859956397101657 -1.0765379404181137 0.03465594837876135 

-0.24273034418374279
-1.0679804878255703 -0.9871044334452107 -0.28628756822136137 -0.9693819754236461 0.4855624816455052 
0.7285473031659863 -0.4538336599190696 0.026698896463363278 -0.6304839907919315 -0.3635812441545377 
2.153871183998279 1.1424297664045042 0.773026795747499 -0.7815264556936649 1.0750853915632321 
-1.107597603756498 -0.4217664662209964 -0.6897335399318912 0.8830449676418992 -1.0240914765090796 
0.830828827119193 -0.39343775452467933 -0.9835167409816848 0.5346344659195165 0.7542368310986924 

-0.3295691647260991
1.1595630969515005 1.0834170331389736 -1.1090027037190817 -0.43513739626677317 -0.3349650069649027 
-0.9887377187577507 -0.7111029399681638 -0.948644991983846 -2.352045682545033 -0.12274452324769385 
1.45521777723707 0.9977499715803754 0.3546852072410993 0.4922805666313555 8.044931993470446E-4 
1.3270892210204899 0.7002939319678826 -1.4757738357120378 0.08441928013322349 1.038668089220833 
-0.8572780682493307 0.15260962511284298 0.14625481375324745 -0.4651229352054178 -0.1442322008655935 

-0.06766557364403798
-0.8778566613335919 -0.7454964725046103 -0.5054821649402714 0.9523448737873468 -0.8027839228441205 
0.3478992457552201 -0.2742269097900587 0.5561515557131577 -0.5200445920183081 -0.5313906391282447 
-0.9726171099521752 0.7022668101642228 -0.7620238541630239 -0.5601828092110193 -0.7030876882245541 
-0.9546064052296791 -0.5980721173718959 0.35895272974965486 0.029987287381278722 -0.13911321578870356 
-0.24287867551104603 -0.30965088250026207 1.8314904866486712 -0.9088404154397894 0.9089839338367519 

-0.10630711458835149
-0.4063667434624138 0.2358511800672463 0.6259763957977293 -0.8933759046900382 -0.31978938173453964 
-0.5657378022109841 -0.4095099900906688 -0.8574039662641303 -1.3661511991500872 -0.17532142725390282 
0.5812226446535409 0.5870331685004218 -3.210947579130096 1.380162651936214 -0.5773607426119308 
-0.7963601325688442 0.22751479743988576 0.3097865523569547 -1.5823329908160493 -2.3014631881678493 
2.096296631564385 0.9566703957865469 1.4714260583773862 0.10252419621250494 0.8919118728857405 

-0.29558517084920005
-0.4099545230987816 -1.562934698959514 0.2702886223226286 1.5388528523651266 -1.2842934448944083 
-1.006134612926276 -1.268778667274221 0.5675537285050687 0.5551157631090733 -1.2308147727860435 
-0.3261577068547096 1.215729992347215 1.1946931174130893 0.2754556067322419 -0.4583554042217553 
0.6413800924595512 1.4336322108078927 -1.5687318122909086 0.7883317391158844 -0.8876301137203558 
0.4179599688090417 -1.1865350859415476 0.4763251455816742 0.961512305176908 -1.0297852710125572 

-0.10581803491052841
-0.932983665492277 -1.1397811532798252 -1.6817160347706521 -1.3945174170262333 1.4477762002024368 
-0.42632163388164246 -0.3051790273393326 -0.37240453595034334 -0.4601649775724228 -1.9570287817404515 
1.08825762862473 -0.08477301462836771 1.2505184121813715 0.8612175776541877 0.04682325777910681 
-1.8747402813447647 0.4412493875396585 -0.14015890924591928 -1.2197360113642397 -0.3414820951606429 
3.204455687845815 -0.013742311942667519 -1.046064785853915 -0.9793947933263645 -1.1602495933131196 

-0.03245301138506549
0.041670371350347804 -0.4416256580491611 0.6601717469684953 -1.2933366864982163 0.3834090715108791 
2.2143159810655213 0.685145928152536 2.0278187798496714 1.2202782421878742 -1.5115152977076376 
-1.7105267895275476 -0.41429068922072537 0.36954721395545004 0.13595929877660576 -0.8278936078929525 
0.12474811695245704 0.029330993647392924 1.0602487611111386 -0.7321755386227973 0.33504831327631507 
0.8590535114643456 0.1744680048817128 -0.5997186811391495 0.6802918560230033 -1.1218270562550057 

-0.21380977650057129
0.9534083601598822 -0.4177966583894402 -0.17907619491885957 0.22183569272799158 -0.5658478130339286 
0.7087740432844487 -1.1514134453890479 -0.38784154772682333 0.4124318146751129 -1.4887748971304908 
0.1289116225089878 1.399564807102379 1.4165114350316588 1.0918583381469078 -0.9661829402154678 
-0.1415881718485556 -0.42375666424327807 -1.2040694482077026 -0.19433726648057126 0.8553712505748553 
1.1661475073627718 1.393097095927065 1.055263952265391 -1.1210461715300615 -0.21639431392082578 

-0.041422081557393645
-0.9942595736847726 -0.8510206825515 0.31135642841386574 -0.4067373273150613 0.040195286226777566 
-2.1843863140488815 -0.5851434853515003 -2.444260800768824 0.04994763579098406 0.5990543007930442 
-0.6147796759045013 -0.13611370101124332 1.5779860590675294 -0.8739992904912594 0.2990022692290552 
0.28663859988756185 -2.0124485616074814 -0.20950898924122419 -0.504854995717701 0.19218177252753055 
0.8934561068978509 0.40773365080788554 -0.4577795510684404 -1.441127601400493 -1.6231414614824622 

-0.10212633482672959
-2.5677862490121313 1.0885176773377099 -0.05668626748869083 0.8988110359181116 0.10457056143319113 
0.04492292812714113 -2.7669109231537843 -0.3180860744797209 1.0674178602964668 -0.2897594492305106 
0.5721365642729006 0.12619152464927688 -0.14559795458910524 0.11329431089785792 -1.8839906579681478 
1.4351251347443674 1.2495948733539333 0.13616785325215672 0.9726771212415166 -1.1197339600103713 
-1.8277544791282458 -0.23314183080352688 1.0398013993179582 -1.3959398080081065 -1.2052599581784291 

-0.2955693806296389
0.17661937420147575 -0.7850633974117392 -0.1246504400955436 -0.6806276285517493 0.4188301256379643 
-1.4259872382788483 -0.4893251961645309 0.3873918671664519 1.5631971046785977 -1.2467335444026355 
0.048981916004733936 0.6226591479989138 1.5179063490341822 0.20566849751337204 0.48310367513244046 
-0.6505753473427291 0.9386494660302793 -0.42321494442507923 -0.06266083539437346 -0.8741162593415119 
-1.0332331347258357 -0.553068938091926 0.2850087271942718 -0.9354589538155239 -0.4127150934315326 

-0.20815345071956712
0.43101918863349264 0.8145253534975909 1.3819200679745995 -0.27181589740129053 -0.5043798902467136 
-2.6164757864804713 -0.9977938768079911 -0.3100909299295799 -1.1833403241925518 -1.778771498830132 
-0.38297426240036064 -0.7102441575446043 -2.3899977139011743 2.657498967723127 0.7257941623345003 
1.0624735598356436 0.6829507664706255 -0.5296233955915378 -0.16011682443212602 0.5971073194400099 
-2.1491284321619357 -0.3763804671587285 0.5492758455062347 -0.30337644924042634 0.15453349333857236 

-0.12134022197190758
2.5724516015975403 0.36115907038347167 1.134298771457373 -0.28023215276890406 0.4328866233688448 
-0.4823643812267068 -0.5656098883184153 0.023371638575452703 0.5565611780971289 -1.174921505977935 
-0.5857077359727535 -0.28832475303573163 -0.094833525326577 0.12647934567344982 -0.9541163334267361 
-0.9333526921151194 0.3795290054191892 -1.3982825205123912 1.9923693570505447 0.6402275394509336 
1.8048433911364743 0.4473230288987046 0.8461004338818234 -1.6127158895961813 -3.0279394255465717 

-0.210965991228382
0.4025399978248325 0.5035103549980708 -0.5842577882989094 0.31470077844712935 0.6807894876960126 
-1.4572403688778173 -0.933541547026763 1.3403741632503896 1.075212470540998 0.1411881486290497 
1.1019421008281087 -1.3508560985677787 1.7955678567868345 -1.259190357281243 0.18804235995198265 
-0.4336282299582003 0.564863753027453 -2.1306822468933553 -0.36775599949298304 0.9574941024278322 
-0.28679153400068697 1.669444860031603 -1.1280356897160693 0.16594293959477996 0.8042817073237309 

-0.21662269693697073
1.18082817157887 -1.8283751411517672 1.6462716467970764 1.0510287471167645 0.09694878163331232 
-0.8694826990669808 1.5806154181669445 -0.8394429445746155 -2.1592905213402473 -0.2986921441736949 
0.36115367888180644 -2.1861230107085596 -1.2544500215933814 1.1253435464169368 -0.2925607782592693 
0.82993866089079 1.1523223375442806 0.33705183395487204 -0.09577362932169074 0.16564539640003761 
1.1570883356052253 0.921263490103352 0.5795488807356459 1.1718605426860866 0.5956560718543416 

-0.02869194494562149
-0.5273015098365014 -1.1832176978298365 -1.45203192839479 -0.7598614560159699 1.7779438476989895 
-0.11195786676932991 -1.1424529960492844 0.6021261181921715 -1.9257945620932477 2.6193350650707803 
-0.01502418865454407 1.9858457363629078 0.30473051720085054 0.8941863524649326 -0.10648253133444471 
-1.227655592162062 -0.16017533159206074 0.4842742865578101 -1.080400078355804 -0.26933910889724294 
-0.1208221997476206 -1.8602160134078751 -0.2741400617605738 -0.5590096835432212 0.0870972653560989 

-0.07673663353886415
0.7143148195700412 -0.47797022305361464 0.7021944456571876 -1.6297263571109617 0.5966037108114645 
0.15197153544099268 0.7031867296768859 1.4690954663015894 -0.14931827165222045 -0.09428001962635482 
1.0083477044581306 -1.3186405191916768 0.36302315752163267 -0.12544640222187373 -1.0087177898178756 
1.0651953371024787 -1.1069741910934172 0.9752660240948153 -0.8414835027586333 -0.06022081593741236 
1.3340026854738853 -0.040611585221862694 -1.3073487874130951 1.0454791113517088 -2.3224093240217636 

-0.040947952171283566
-1.1796146893646384 -1.7517654552256974 2.014479876508389 0.06455130381592608 0.9580540189528419 
-1.3369559015690036 -1.0059690122095644 0.5009887913860893 -0.5434630657374379 0.32465367013458035 
-1.770890990689138 -0.8660508346013325 -1.2364228268593542 -2.3306239131478343 -0.16131042003629306 
1.1360566223748139 -0.576523176289602 -0.7397954545647322 2.858252518775291 0.2843221134378205 
-1.7673002093382941 -0.4334100684342993 0.4834322087468695 -1.730081773489999 -1.244165700294039 

-0.06613594183192144
-1.642303833441346 -0.9047443237726939 0.2995653634812393 -0.17977289743261424 -0.1512504396976213 
-1.506184478722121 -1.8897335908341817 0.26785607279651835 0.5996110266930399 0.9270738001489331 
-1.8605075567635414 -0.522725190766627 -2.972733921543176 -1.2488627722781063 0.031497888635211024 
-0.33694961712622745 -0.1270309581177776 -0.6306854748752001 0.36789010927804144 0.5320134454731148 
-0.6657537060840324 0.6141269980032233 0.4452957382301206 0.54518845868684 -1.0398396148728601 

-0.2530536041770648
-0.47559637008284233 -1.4840604563748505 0.1314471447281695 0.01416683159790714 -0.02791344543644333 
-1.0421482358001277 -0.6424830381973449 0.30286364235941904 -0.3074475086479334 0.6038000274103229 
0.2823673178024271 1.2999583882437693 -2.6685426233628284 -1.1920760763578333 1.8688178787555614 
1.3777207841920887 -0.291051306927073 -0.15545997995416586 0.4544557229466437 0.036115236084222825 
-0.68332532726301 0.3823553480113171 -0.8772205977244469 0.47683307870122593 0.5022671200614622 

-0.08976205399331515
0.10483565361204177 0.8361809664270751 0.7329755399983973 0.526932526450111 0.5428248854465217 
0.3849200379802748 0.5456265591126421 -1.889012334326251 -0.5255781409138772 0.5235831737188472 
0.6821076823051002 0.211269161520716 -0.7183572459834129 1.54238325945529 -0.30225402575447685 
-0.44895721169650765 -0.012510173544878841 -0.942189959974242 -1.9306755489016452 1.4657647433298286 
-1.1418485373764593 0.4188475248076233 -0.47257494766980174 -0.38099655667067495 -1.1690592414581311 

-0.1476254389260308
-0.7820605424241578 1.7676454862222126 -2.2470892883837443 -1.016229617539179 0.4034963831778957 
1.441358150607305 0.06936127912010569 -1.2243350314532275 0.2405589189042312 0.21353217034397817 
0.3004673816049826 -1.163494798212276 -0.8382166671246899 -0.5911825029574682 1.8479466676877192 
0.14468363734973538 -0.16462569516680214 -0.7016927936199956 -0.5262090582408545 -0.6268417657080357 
-0.6934465744991833 1.4773068281589936 -0.8753348766942127 0.5303536357855922 0.7276433549296577 

-0.13257320953481583
1.9639209210291635 -0.3711990955248132 -1.1511107302320143 0.7579736116125853 -0.3819389918736056 
-0.17797160952024474 0.42176394428513475 -0.016003738240364204 -0.7217829857962881 0.7202566224580698 
-1.401171985918406 -0.1764919207072107 0.765337059467476 -0.8842704887382329 1.0378114327258103 
-1.0887109528090804 0.4835681884878606 -0.7730373550505096 0.0401993024309354 0.06636567942731644 
0.08931689665811676 0.5443996143693057 -1.266283158098035 0.05717844023608965 -0.24645380589646562 

