2.4743445720285727E-4
1.4600714194253264 -0.22148744162297535 -0.7210468441313266 0.11810779336539873 0.2132490482315036 
0.053643965906103284 -1.535339026756514 -0.5195092619139985 -0.05457138923150904 0.15873461414271164 
-0.06641036341681474 -1.026972561964919 1.1248493149082428 -1.327908834557073 0.15878528973976574 
0.1377723300249476 -1.0710276063053 0.9852662545975333 -1.0345433437009304 -0.3953853790779442 
0.5423200217219883 1.0205673715258525 1.0450864501347152 -0.10547594163444339 -0.5047073860456989 

-0.012957243932125422
0.48595486243188507 -1.6135552320063873 -0.6061600618242644 0.1692876233784452 0.3688819444171868 
-0.2433661240625519 -0.4206593942215597 0.30853774402136835 0.9677793801326864 -1.3071727033546006 
-0.9270258109426701 0.4964517028483767 -0.37206919970326613 1.0764250823018084 -1.3758881779047434 
0.8659989588109892 -0.24240908829199054 -0.11758356549485634 0.22520127465287076 -0.8232220389339945 
-0.12450690874058291 -0.21729066515837822 -0.7207208361329959 1.3072006861506 -0.6238393687866672 

-0.008905090966272186
-0.9170613955182004 -1.557476708022451 0.002320971580268117 1.8900147520579085 -0.6160130588901715 
1.8961443696504858 0.38791057664794937 -0.34852795318768004 -0.9222472233311567 -0.9715636031581278 
-0.11554026844850585 -0.8965698754367146 -0.4499602348820977 1.3023167403251432 -1.4959216324547733 
-0.5081223712947482 0.5032770729589273 0.15164004665994754 0.24936647986298252 0.47608910105552305 
-0.7971348779910142 -0.6053381022893461 0.3455661301506552 0.5928814856163489 -1.9429711951940425 

-0.027766997907013
0.10532771855191249 0.219772399507493 -0.6571978849430405 -1.8444198144210466 1.0985148973347543 
0.0020319792925245317 -0.6328218368089924 -0.6231867051507511 0.27977226640275676 0.2733820409128889 
-0.5708525833063158 -0.32164535380854137 -0.26482038199892144 0.2985892784504705 -0.7905788742208925 
-1.38286280327933 -1.0230117867111395 -0.018672354954924152 1.7386811033585166 -0.2913273863797052 
1.622467642484034 0.8533058096921956 0.08232132393168302 -1.8050123246664869 0.19659025173838346 

-0.024417703042963774
-0.548704862456111 -1.3069565838962611 0.7714155990274678 0.6809465438861961 -0.13428123915323825 
1.2122136168179207 0.2176243641755805 -2.083673117236194 0.6370735939709048 -0.05057447339557147 
-2.0661760640749574 1.0936014519944097 -2.256390611240968 0.7219177125331128 -0.8038511098541399 
-1.290803057346752 -0.5770013281325939 -0.6841890609711554 -0.24675514644529245 -0.24773032640894344 
0.8794874711872124 0.6213682570630085 0.32649102544629965 -0.027832115394182257 0.363660156903801 

-0.013454388024461975
0.31694416062359543 0.6487202463421415 -0.16029846492538924 1.2159183148450032 -1.9794172984397354 
-0.27567986940834716 0.7198769706095299 -0.2133064848469016 -0.013335666770994157 -0.2597144528092451 
-0.6937776166303261 0.7431909922187515 0.48296931663678044 -0.36419900966706836 -0.5987746877384842 
-1.5561913128063831 -1.6915637943771842 -0.5241688892930011 0.0757970084025795 0.9619896441823474 
-0.3351147623514876 0.06831548944460772 0.5208069178513121 -1.17600400306685 0.5163315526714345 

-0.013003336905169936
0.5422966143918029 0.19547986088793573 -1.058922995603637 0.3467904383398096 0.2121100995852355 
-0.0037956931921014577 0.7326247539540107 0.9612796669096207 -0.23722066906144676 0.008870830276311857 
-0.8188409843532788 -0.7045017068604504 -0.06562960431585299 0.18495949049026444 -0.7675078866329327 
-0.5065746922359494 0.37065329055837437 -1.4184319604139792 0.43851519469039374 -0.3370328087839989 
0.2647416821427296 0.5796138775703101 0.8940126482131336 -3.1047809629846372 -0.12777188221563848 

-0.02082483279786624
-0.6078647659902502 0.20689632765569327 -0.7550779268060992 1.0258811704108868 -1.3688706527156813 
-0.11298742292741627 0.5935695190975516 -0.4732281324157146 -0.13685566434756488 0.15508267983062846 
1.1084653221274363 -0.0028870990075997396 0.5936401513877656 -0.7179664342194613 1.178942521455515 
-1.517069008915163 0.8382033553479522 -1.5046754006742802 0.8607175096884675 -0.6286451705263696 
-0.48349487236720023 0.03031970708585826 -1.7340158843699156 1.5615212791394264 -1.0868668721127464 

0.010185224215350761
0.1144052358317627 -0.5583063175302132 -0.5622164807256239 -0.49532853540157723 0.4618429313045919 
0.6496575119812507 1.1332077580979523 -1.0914010129710252 0.0931727919333982 0.11886969188994988 
-0.8560863836635448 -0.3689400427191596 0.47670334759212146 1.0194997425520138 -0.36240602847077436 
-0.8420887576761106 -0.3728295307116881 -1.7736746489505812 0.4108320929904812 -0.7769902297398028 
-0.03180855618235772 -1.1549325936636574 0.5638064041061549 -1.0558755455118631 0.018509743537063843 

-0.01663867012825624
0.18272053144375935 0.7739577846952616 -0.9083938796653429 -0.7707240974471302 -1.0325387126995205 
-1.2529303554753082 1.0349154357732473 0.1747818626254113 -0.6742871950966043 -0.12164147276308124 
-0.30726097617982806 -0.08081392278510091 -0.4077234619816598 -0.3213505103275076 1.6387013947867581 
-0.5037965144140997 0.8447982781396287 -0.35029151923547286 -0.35025096155319824 0.3676528901013949 
-1.3023957695134174 -0.8916882928892742 0.14483329564950487 -0.34151003212756864 -1.2837642954061137 

8.494201369583003E-4
-0.5038973926066508 1.6751918299018358 -0.2850908531444032 0.29550438484839375 -0.20388419583955425 
0.27938080971823426 0.33591048628306375 -1.3814582199722454 -0.6375535858975349 -0.23665658990034932 
0.24698899670802052 -0.5313327839860624 0.4605456992964342 -0.04760732595038657 -1.6767639348383943 
-0.5069523585113737 1.394878359020601 -0.14914578851412721 0.4164331299597382 1.0894016376828082 
0.36969973124514977 -1.1291213223227343 0.0010228655377786194 -0.47814599911671396 -0.4955481051679119 

0.020924942154302184
-1.3056828238193852 -0.6646657308885818 -0.27487614929458404 0.23037157830711275 1.8275821825838683 
0.8155796372638443 -0.045535069367246245 -0.6497249841971832 -1.2038337003310458 -0.28617532434634146 
-1.0333913540364483 0.6609864035879482 0.5969327284520815 1.5479298725140191 -0.4031132328714698 
-0.19516199916725918 0.7442689132422671 0.049253682079384735 -0.12888996957400317 -0.49757418243223317 
0.5862739352495852 -0.8022149444011482 -2.2769396768030576 0.5424930731438603 -1.1286383978088428 

-0.038178412273864766
-0.6187609453570561 0.5536073474238922 -0.05426625255872646 -0.7689573756771162 0.37690467450762455 
-0.032841157054063264 0.3435402077851211 0.17317617241142047 -1.0155747387993983 0.6193010585137442 
1.4390931148440453 -0.15827443173294767 -0.6527896453151086 -0.22768415861593236 -2.054655829068507 
-1.4852068456455723 0.8233803427839661 -0.4375423025483452 1.2333607737707286 -0.7379142068145018 
-1.5011597433076374 -0.6494586601814172 -1.0866528576910621 0.5508425476289601 0.1589156181845804 

-0.0018577578376720676
-1.0200127865169957 0.8738073596598009 0.7138728414037976 -2.0037545144590285 0.7032885241408816 
0.6212576637162617 -0.10717764459728012 0.1371716497882359 -1.889516170920285 -0.4723163179378266 
-1.9052729239308646 2.6160252741837153 -0.7232150860624058 -0.6061337862322185 -0.38352488455669065 
-0.6511360060487686 -0.4165343149069319 0.22498634534220094 -0.6305752680711925 1.4773110454164227 
0.8887076642408535 0.07587825220137621 -0.5648254139837339 -0.8606868766317023 -0.15963279935072028 

-0.01756619692500169
0.13620765793500295 -0.29354153000228483 -1.5833114352550908 0.6439492951791066 0.9226024728640977 
1.6246186894067187 -1.152307237063729 -1.9803214199803245 0.07878186374794259 0.35176235512325615 
0.8982286017653938 -1.5768139024962837 -0.2883440764265479 0.28221511969366087 1.0393650810929076 
-0.712623369997098 0.5073125929492791 -0.2658404728905706 -0.6367254594688999 -1.59365444362077 
1.4120194435875069 -1.2094766101924501 1.2710470727803538 -0.26131562979596673 -0.8395022755271894 

0.0041584167185068945
-0.4176188061980605 0.9247815521457814 -0.5874319005137774 0.40160823218960723 -0.09663964280445833 
0.5622878039617453 -0.19836705794665285 0.21855077378562016 0.32685684804271325 -0.4349946800286238 
-0.7199456261912043 0.1426815211238995 0.5693278670794376 -0.63456437761621 0.10741377749854185 
-0.030441456616613113 -1.072225811875435 0.03008398612554444 0.7524631372367927 0.18774675341693015 
-0.07806604867917961 -0.1752460995943768 0.5322735148344031 0.6857604399094452 -2.3391447699214996 

