-1.1494284364173932

-0.34791701054993757 -1.453985143168182 0.15473413186541454 0.6643189737709188 -0.9887877015986303 
-0.23504159819512316 0.48011280903226794 -0.8223732305630634 0.9586675426924145 -0.9319745745601857 
-1.3590795535076328 -0.30654724539658473 1.6245682734926519 0.9535473522909823 -0.5201367999054191 
-0.3693310085012628 1.4315877888205537 -0.10229977454547895 2.355378888781248 -0.3971268604643111 
-0.8060048712410849 1.5796813503839737 0.9896858669143987 -1.839325150634254 -0.924907022077748 

-0.2222870237728852 -1.5225540880347264 0.024421593053243713 -0.13044520938055104 -0.15252670418635916 
-0.6974638325521814 -0.3496153273410332 -0.9160506472961686 0.6459068778446438 0.9147605149218367 
-0.21217280288165435 -0.7059425792445001 0.5722340753923727 1.1901520107842825 -0.8713287406782825 
-1.103136528341886 1.9270808166105784 1.2557948957056377 -1.2002797065148914 1.1276001331491508 
0.527164419880831 2.015071562614963 1.7223923206995124 -0.4722896537890622 0.7658525643715961 

0.5877104902398284 0.19935515316603375 0.3444586728035823 -0.23820256113277768 0.9849126687900988 
1.1393124606911307 -0.20753343376321584 0.20992605678313028 -0.2003491358823195 0.24888201265780416 
-2.6099219343941744 -1.416397200889871 -0.21922519466186943 -0.8231548655552076 1.4564255632329206 
-0.27567891518787935 -1.1106837127372615 0.6635940063893979 -2.455013043041941 -1.3999009618992366 
0.586502878711888 -0.5910661452812016 0.2830661943553758 -0.8114436384844972 0.37921170791397246 


1.7333893737981831

-0.025328777595965732 0.1574402537114532 1.141207013075628 -0.6858435226133943 1.0832361625508353 
0.28887358171061467 -1.349542068406641 0.503599661311274 1.7777052174617682 -0.070472394476638 
-1.2160152121707646 -0.2735993578254109 -1.7029211521613654 -0.1501035075249846 -0.3862364217200287 
-0.4891420353556999 1.7797399178481486 -0.6122447026466407 0.16731920174488746 -1.2397387242255589 
0.34171620549571025 -0.2644036978013767 -0.24196277053553517 0.78319205844251 -0.13346348474670996 

-1.4931590824314667 -0.912832043001372 0.44753873792387044 -0.3649647642795416 -2.2592876201327514 
-0.28892555577738593 -0.5291965038184812 -1.4145603254505652 -1.3954480408451289 -0.6244509977449519 
0.6888515587121558 1.7972305866740867 -1.5121326132356705 -0.38659539187720093 0.847418021718245 
-1.994706429899287 1.3951897958308874 -0.5972517694586469 -0.30732767634067665 -1.0866163972602296 
1.1730263210135752 -1.2488097563720617 -1.5931557735915431 -0.29002308038865565 -1.6505219165307912 

-1.0910263904678088 2.4445251185118675 1.1221616015818423 0.21962537666629017 -0.6484807685041072 
0.6062967912379379 0.19693752941855897 -1.546734145940113 -0.6930355820336992 -2.250072982078128 
0.9681652529701945 0.8125638004706385 -0.9308436079468732 -1.1216725026522858 -1.6645715908382197 
0.17225152289832793 0.7016307981352153 -0.5474943520310128 -1.153354600314139 -0.005858537163304067 
1.3018260118289018 -1.0558559507824545 0.49726763326847573 -0.08831614581694806 0.9266721993454976 


-0.5978706872732554

-1.009997451036883 0.828069928525641 2.354950408929117 -0.2615586621090936 -1.3693434568514156 
-0.19174752541137088 0.39316633536779083 -0.01893626451982157 -0.18629540654444426 0.16361577142863887 
-0.5701857069731623 -0.40533460698873014 -0.9574518615910883 0.5810996127214112 0.16812109088902322 
-0.9931589145359269 -0.28387270710029505 0.6984279894058282 -1.0450602809391223 0.3045643428614314 
-0.5278610732636959 0.9960953443986035 0.9901862961212553 0.23663827941860885 0.4905561362059967 

0.5165084587267886 1.4413236271632397 -0.1596793495726546 1.7500128805827748 0.44743120735501135 
-0.1804575131435995 0.7853296188971723 0.388130984445373 1.2615945721504616 -0.7385895962960565 
1.2587062768834807 -0.5782315815676852 0.9875329263400409 0.3718810050998351 0.7771177939935006 
0.34046248859686135 -0.5462576294971361 -0.1957134802688607 1.0453597586699324 -2.363949811000478 
-0.0032963727008308913 -0.5581608118787006 0.4851746644267611 -1.433199393780577 -1.1713687390410819 

-0.5483730664739491 0.22811487536694192 -1.496115610813557 0.22290302475410462 -0.2507449209532461 
1.3010479553348164 1.5822382645649822 -0.1965168450969597 0.7886852509007012 1.1623356721776923 
0.5354236618727574 -0.4234983592520465 0.5036970341439311 -0.870790706919174 1.6530928513039103 
1.4560854360037059 -0.5694564937609288 -0.8660987958896009 -1.414341330754668 1.1645550617169025 
-1.9738373528555893 -0.9555147582207285 1.5207312764717504 -0.4299280440215233 -0.23126603076830451 


-0.7393060937873949

1.2723703788625056 0.34069640326805994 0.14140550970730825 -0.9864193177115667 -0.9082317864341295 
0.09650292601778108 0.45051626381228005 -0.1382491030732983 -0.6147273312966908 -1.0144759612088652 
0.18059631031794998 0.09209069049239592 -0.9418690014761705 1.1324515266585182 0.1787014083165809 
0.8589133388364699 0.44325866843056444 1.7506432122259006 0.591943997852331 0.07884633302000639 
-1.352632371723309 -0.7051630677480679 1.3245912577823116 -1.2921518032673396 -0.31026822375976554 

-0.20415433893202278 -3.508959080755295 -1.2416754570470319 0.18299264498224602 -0.10385991108693825 
-0.30502648018186 -0.573743011282751 -0.4530392147654324 -0.9533356983830068 -1.8280609118636784 
-0.5537757281174726 0.6549118788184977 0.9856592021081538 -1.013787128913445 0.24455856279976645 
-0.42031219869318304 1.0461331059176975 -0.8570140605944344 -0.010198122982385382 0.19094646172457547 
0.21862263787828506 -1.2271526240827149 -0.6309735556800452 0.2286273709976126 0.5732851080488967 

-0.24785269572823185 1.6672559795995585 0.1405127297212775 -0.7599291318835932 1.1670827823972605 
1.5335076328723858 -1.350462908116566 -1.011632428748197 2.1943367699641496 0.5766960398669224 
0.5146494034602125 0.0016437398675483005 1.1075283544748364 -0.6921169388268094 -0.9875660662006028 
-0.3603229794280264 1.4152247936488866 -0.0519103901467285 1.0661355046009156 0.6764930638948393 
1.7292640952444829 -0.0727942174588878 1.5547588126681513 2.472744824466816 1.8023116834249595 


-0.6942024047243234

-0.378049157527228 -0.3888726335190558 1.5066164633785544 0.40338685477909914 2.091981293839972 
-0.05665105040903822 -0.3995543709691461 -1.2945163926727692 0.9658712215394335 1.1440611146001145 
1.2726841467035392 0.40864673722409944 0.8273762807740925 0.05673662570821772 -0.005846282101041858 
-0.7883495217641966 0.31766153632875105 0.31220110977020593 -0.17826890459586126 0.48262667000744464 
-0.6674646838829628 -2.3981917174601164 0.5193446112449582 0.9432671409517501 -0.6912600217892172 

1.9835181207924066 0.6968935912930063 -1.7291741171224502 0.3636532035042531 -0.2154196117848375 
0.5419233680898926 -0.1692911111249854 0.3263272115994156 -0.310503254034452 -0.1285802638047525 
-1.7644682618596852 0.9423463161825787 -0.6228177208895938 1.2721115648832257 -0.7015404641055757 
-0.335025686835193 -0.3813166005132899 -0.5749362131233438 0.3076678130509022 0.9000026088630773 
0.7935513011019385 0.4699530325673708 1.1883862158011274 1.0049030638951004 0.208142230151821 

0.2986312312852173 -0.9325810326450377 -0.9453815303923057 0.6137511720975461 -0.11611444681620338 
-0.1806694021363635 -0.062183967764720925 0.13513708032439947 -0.5646991493779095 -0.2588714210646706 
-1.3527176289080929 0.1390442977965608 -0.26911116129550855 -0.4268957382516517 -0.14634653099581735 
-0.07646474943464077 0.6802732602752496 1.0443720421891207 0.31059800341802024 -1.0727877674950914 
-1.3195005085589617 0.28580709868005844 1.6441297529233336 -1.0126059841658814 -0.22199927161986796 


-0.848792300925151

-0.6799272235707563 -0.4931165429136344 -0.01509955307158509 -0.21464579391804467 -1.0661346485615628 
-1.0601368900629433 0.5173144313255436 2.267597012291666 -0.21708917784684134 0.6810160716695755 
-0.7708877966781521 -1.9337501659423935 -0.7024909697129671 0.30366614413760884 -0.8652385265297903 
-1.1111665488387479 -1.0592363540324843 -0.6331766930402218 -1.6650373778583347 -0.48337415716690896 
-0.7684526130671302 -1.0374080033675719 0.8098804645225073 1.040793364719109 0.6445594904389821 

1.88889539414214 0.26276561593365994 1.7008255028911619 1.0400738433403045 -0.8701241224397824 
1.5387086338905616 1.3000367289695918 -0.08396875513132966 0.6838931344409771 0.5415453886664658 
1.071219221171028 -0.9677322974608139 0.5366831984064943 -0.2809464801964376 0.6213728775107326 
1.7088998324035773 0.5918119811119704 0.7223167123947611 1.5796495698468849 -2.078331142252476 
-0.010616091136831948 -1.093108921256508 -0.940975041427177 -0.5285315166203257 -0.28510309584893545 

0.5040583188958322 -0.5181863725099061 -0.49128585967884836 -0.7787723369863675 -0.6754718362501523 
-1.7917498785289014 2.1879310156008307 1.468541815546798 1.7253909786808974 0.2035144832805626 
0.31789751101804736 -0.5099346447171946 -1.9495011349619216 0.828960942838906 1.0148729008625323 
-0.8527739418441954 -0.24358169603023486 -0.0559785289067318 -0.10238677822945742 -0.16556605922392953 
-0.499705728853825 0.8145688941679602 -0.0700212362735032 -0.5213448405327218 -1.1582115666080421 


-0.7644389157344237

0.018994393306865816 0.09464177448214 0.7427583228769831 -1.1036120252480794 0.9203279872326755 
0.0726732995379439 0.24820830959471776 1.151027027901393 0.5971057489209123 1.395795756029968 
1.53377177654251 -0.3391884735615638 0.33972825349940017 -0.6836052396594163 0.11665926294225329 
0.5497288536621061 -0.2249677369736323 0.36684483761833975 -1.122628642467675 1.1800976432802 
0.7388311695315826 1.0046713019112257 0.27003605892434196 0.01149145670322628 0.4303117999300355 

0.6006447001342385 -0.032364241461638646 -1.1828107554367635 2.2039599161949965 -1.4355913855303748 
-1.1280732426026685 -1.2003106456257802 -1.2425311411594728 0.33346124514584785 -1.3434053577835798 
-0.3266918177975717 -0.7380750363567516 0.17474461668181812 -0.564657838146782 -0.2756821121162803 
-0.6349430685938005 -0.03409041619036138 0.5982845557913825 0.4007360106736115 0.8520998154821517 
-0.6759637224468517 -0.3750366866383059 1.2145958848779188 -0.5899690307542793 -0.25943526713322357 

-0.32093216841897404 -1.2663317523226518 -0.5739983123490248 -0.13299900417733598 0.9867944165117011 
0.5043110384000803 -1.1571039185780378 -0.8186590055120229 -1.020926388150761 0.5540938623158175 
-1.5713129438769935 -0.08047224721088862 -0.20647153528491682 1.1905188062164582 0.5593208102001277 
-0.44422305338835794 -0.03329634037609031 -0.9683434521533868 1.3323634950758707 1.4027513659262818 
0.020811502790592646 0.737747052556382 -1.0305986988558375 -0.7561269097494767 -0.24965936394387378 


-0.9465666419850598

-1.1278196640857459 -0.8436858013240973 -1.1499053241878339 1.1058233716079031 0.10916190010152214 
-0.22634207967647102 0.9008358790779101 -1.7167120750559217 0.7964238681291986 -0.17243478149227504 
1.7505427121404136 -1.9042244436521718 -0.878782966658881 0.6393883906420342 -0.2959636000961508 
-0.2642253613522091 1.3959114914390263 -1.2960734625395491 -0.17133310694398843 -0.6551374177196103 
-0.04865738266501149 -0.6113521664788217 -0.1802867973792688 0.6229967184520236 1.157641805964289 

0.9946400807657658 0.7378438858632969 0.1476465595922236 0.27599904175404033 0.35087617836924084 
0.7875895020564254 0.6761643280529123 1.6820885359916187 0.9243081888787964 -0.5981819739314073 
-0.6161075859928549 1.472659146008618 0.42580147689398695 1.133864546368799 -1.1157241160303013 
0.1728165196315625 0.6681935666086841 0.4962832638531675 -0.10272945869855424 -0.09776422415130868 
0.3235126727718727 0.6480484007303107 -1.7158266634069037 1.3950812696027435 0.5275910441856557 

-0.9489530158916646 1.297054395494889 0.2192044158185516 0.2900276191114477 -0.3575328717842224 
1.09629481217806 0.8273699448152398 -1.1086543903289405 1.5082620293810318 -1.9842181845208993 
0.6916462824150289 -0.12152191022188388 0.8156730323656598 0.6428349042226839 -0.09089943330217888 
1.906406202551933 1.1661482674861852 0.3963318786749353 -0.6108428594425964 1.1098265574280801 
0.4742620556609698 -0.0814658995651106 -0.8273893285030649 0.6474835338988456 -0.2695204405367736 


-0.6984978723108564

-0.8781846173392476 0.42012331810140524 -0.4852729845238871 0.8662101457509165 -1.0111357458859598 
-1.18857140761658 1.9108896310065713 1.619555969961555 -1.169565457108426 2.1798863303843 
-0.28167963213673847 0.24731506701529155 -0.9627404930364678 0.6734156024850173 -1.1580207559334617 
1.6535846921443806 0.6936998854609742 0.7474546093302754 2.4291689922473783 -0.5511898070878846 
-1.5272526128557593 -0.5414364827887244 0.8991572655695949 1.1010838975586699 0.26831002995421493 

-1.2141699404570014 -0.05317221495052789 -0.8363419372170307 -1.5900228069870683 0.1452423373435026 
1.6682345541359311 -0.18412935720690546 1.1005029583956731 -0.24354792955773621 -0.8703124563193528 
-0.6839486414365225 0.08120265191941536 -1.0479579251480613 -0.2780487695159375 -0.3651754005944794 
1.0688172821185196 -0.32481955656847294 -0.5472256880438098 -0.7135017177168547 1.0898195737698622 
0.625214193995968 0.31830148970510874 -0.8845566688178566 -0.15930209755834193 2.10707204625767 

-2.0606846726695047 1.0697663350581286 2.6979087887346446E-4 1.7352735752352577 -1.0319258741773407 
-0.08899666815549337 0.17194606282632635 -1.4549977002370866 -1.151919989607795 -1.2247009271535614 
-0.42708976347004857 -3.189608749478206 -0.25388427659632173 1.451938668159779 0.7883901992849908 
-0.8788113197938551 -1.0608638411170561 -0.0013475612312816606 -0.09520734922791155 1.8982933857505764 
0.9643194402900312 0.023331404503252235 0.14938813305539977 -0.1951119453277827 -1.0330270462815248 


-0.9450681851782381

-1.5120709175379388 -0.8614815309470325 0.5455600686618239 -0.5914889930668492 0.11304727838406937 
-0.17787877040553943 -0.01776942048066949 -1.1435772649405096 -0.149753767737273 -0.8240949216776953 
-2.2566480430453635 -0.8014991785920803 -0.25677510200437725 -0.5235894905718123 -0.5167900459993986 
0.23465251649595248 -0.9364529829096944 0.12054082626460869 -0.9656570490309311 0.5025932677614592 
-0.39895991143317555 0.3333911445377257 0.33212168594942176 1.5580806065780817 0.7923730409758895 

1.9049928391892557 -0.5778644475950029 0.33436877149430777 -1.9829975067243868 0.9309186597549082 
1.0081897923809304 -1.7032428306366019 -0.4238100885740315 -0.9900995002117456 0.2461491206372762 
-1.6511230188286639 0.5750084501973569 0.21566731567575223 -3.21341860883067 -1.4690851423456328 
0.4617261197286311 0.85740622006604 -0.2191932643998828 0.4415528609668275 1.0488296505654215 
1.358018991112102 1.119893870702452 -0.5006386098391273 1.4838457189259582 -1.591044324955158 

-0.11322598979855612 0.11850021100106939 -0.8038094111916645 1.163569847928531 -0.8303949984167037 
-0.32022576604712066 1.4204804223298193 0.31297667719689876 0.19899410289059166 1.2107843346761584 
-0.46925207173753075 2.1335069650544862 2.2084926071090347 -0.43841839552106693 1.0199690496890752 
-0.8111348316023782 -1.2355329429362354 -1.183196292801128 -0.29948239152844713 0.6155149514720076 
0.9789626373590159 -0.46232093780728356 -1.3572267606650208 -0.19432520746531043 0.48182403369668053 


-1.0280019282352266

0.16403823702601905 -1.2625169621275636 0.29007798006504726 -1.2982240074805005 -1.6619924469644496 
1.0445365116356742 0.4650524930349965 -0.8899343315779789 1.0185218333039296 0.1413032127234372 
-2.844598870480155 0.8813883594719267 1.1567682474861658 0.20876247123865335 0.5478149404838284 
1.3156034644891499 -0.20088535259794757 -0.8592940441215264 -0.3465221576736196 -1.1566179006375061 
0.4073831036033998 -1.271338724662749 0.7798391190527987 -0.47229067170798317 -0.49153225084364627 

-2.1836023030326806E-4 -0.9636404446527865 1.1685255091813767 -0.6772741043784737 0.19197129803787819 
-0.5356229800067951 0.5729122529307478 1.430998253763514 1.0757424805073026 1.1561680039386166 
-0.13931283214078638 -0.06726602644414545 0.45651608454947984 -0.5222834053689582 1.3336528183881526 
6.047103187141E-5 -1.6241743436548863 1.7153755430099562 0.9015179644188309 0.7275328144269669 
-0.7053491756701972 0.6448223909575341 0.482704087958735 -0.7669921312589574 -1.3933620258876047 

-0.7485510310445721 0.24511553648484208 -1.7482196228360853 1.8761244065290295 -0.4152220129813901 
0.031077062582776722 0.7520396926203672 -0.24623489201927082 0.25487625109359224 3.1569185221984037 
0.9397128606029287 1.127294555610497 -0.43078034866893433 1.3276238313133102 1.2967121727001818 
-0.058857229524628414 2.1501509325283275 0.8464831844242264 -0.5741892811788842 0.14115994695738102 
0.40075973244245455 0.3548883916825038 -1.4599664076812602 -0.7914807235003996 0.8858696345092912 


-0.6611464559407282

-0.4608351676766316 0.15652731155876495 -0.968581606525538 1.4777587957448906 -1.635543598687422 
0.5047652037221917 0.3505670862983095 0.9119259282219853 1.116915864379235 0.6366056244962381 
-0.6041674542514608 -0.37056595704896345 -0.09400096044977238 -0.6029367565757467 1.2241576671011394 
1.427976740525358 0.3160766827657011 0.5827059795922167 -0.07753589824157579 0.528809268486446 
1.5184386630817959 1.5490497002170698 0.999658437216032 0.15723439811851772 -1.634547528318093 

0.5717681015535518 -0.07250846825314952 -0.05238620977124978 0.9596943708438391 1.1198801454864828 
-1.625567420665301 -0.6580559212529072 -1.0724523870081417 0.2778388660181845 -0.361980601841314 
1.8666939065340344 2.202445171947328 -0.5365657095587576 -1.7132887912018129 0.37941181154258036 
-0.8783793815832573 0.6514695668408502 0.6599760742789414 -0.04474626244880681 -0.1605146288870834 
0.48946049030674116 0.3356288164054701 2.095305949874379 -0.7432910214858651 -1.1053816633892988 

0.8669989301567081 0.41557964812950976 -1.1904094918711214 -1.4935540642740586 0.32757663334568865 
0.12625108429228687 0.8413884648017486 0.29822740965367117 0.8147222471709927 -0.10402850850833795 
-0.2255294573695728 -1.855435272611323 1.4763414816877425 -2.076521819004092 2.330239246921709 
-1.6515068235933723 0.23899878910982983 0.8451963132858273 -0.4077911856655697 -0.16812205980037748 
0.22657538554678786 -0.6494572937954519 -0.09923650881702813 0.6126940643812476 0.08538845821978444 


-0.7208076113546256

-0.13548582852378258 0.29816959473926286 -1.309571461769006 -0.11326631457224079 -0.28314548233764275 
0.41583311789492133 1.3004204940213666 0.21812180306115014 -0.9012360691421407 0.5886077691061125 
0.19221441698529784 -1.8440626152803135 1.0804227063694443 0.4213443896386479 0.316798743350623 
0.44478633962331654 -0.517942814941674 0.5642952406416144 0.46116638513467945 -1.1320815496048322 
-2.237149648698856 -0.3173909975777809 0.04453581020782717 1.353723270198821 1.0992572619768017 

-0.060278342033963705 0.10678945605023077 -1.061261044862853 0.7374416864991029 0.9987000683865246 
-0.2570630960071057 2.437530806133057 1.1305057524726259 -0.4867789843596743 -1.1132271801957099 
-1.3394505955840692 -0.4673240929212614 -0.7846079660726305 -0.8925090553081069 -1.8295580805563252 
-0.2579522802528614 1.3180094052675406 -1.3672045960480463 -1.07413026772138 -2.033260530409624 
-0.21300671033515295 -1.7519675007406361 -0.38380563946291313 -1.3988615045563413 1.3732358982630877 

-1.5471497612516565 0.10506117650942828 -0.4298004271158886 0.6200483992197808 1.166847631034166 
-0.07452016087037922 -0.25853177940636907 0.7787420704574883 1.5770198436261809 -0.3344526685605054 
-0.8574677869712543 -0.16571166683278768 -0.49007820665722795 1.4652357070594482 0.3295978922006548 
0.8529932751004351 0.2699475677329958 -1.2994464630061322 2.13192498644595 0.04935028982358213 
1.2037533901848874 -0.5975077600593668 -0.8199055244625528 0.929042344815803 0.7855597345815182 


-0.8467885139420502

-1.5350405181324596 -0.3395313602822375 -0.15848069325763203 -0.052254987320334664 -2.2810229990548163 
-1.919665629541371 -1.0141214940441636 -0.5612938955685963 0.03341242804206025 -1.1778998371941882 
0.497492668664669 0.24285242635710635 -0.9801296672469639 1.8230456194889286 0.9421391239122906 
1.4303246603429203 -0.6705871799910229 0.3603313779406503 -0.3930501964360796 1.7232803664217895 
0.854615722007725 -2.4839475046532162 -0.5354643747502078 0.5210339555707938 0.23416540157028842 

-0.34712701383967415 -1.746465679653585 0.6712129004574953 0.6630002721533019 0.10373282205540338 
1.2221317459913457 0.7169385411120227 -0.16087021414819241 -0.8239181697236213 -0.2513564996400305 
-1.8375033016553084 0.03849944927278465 0.3655490044735367 -0.7134818829062082 0.8405888299599055 
0.46724924789612354 0.4822392593317036 1.1091785750249803 -0.7113029398866367 0.30360361396154245 
-0.1980600407688463 0.1090369541459935 -0.10397874422486925 -0.7922356380838239 -1.28200068255412 

-0.6038679321361415 -0.09288903374642371 -0.27615114089617043 -0.1929339803846443 -0.2675967288862668 
0.18358239972840246 0.22944043305430184 0.22861975153246047 0.08470469410669172 2.9457068205395966 
-0.6550335936923392 0.8680302208294167 0.6329634717107773 0.2844093387772323 1.9979701741197042 
2.0734012306414726 -0.44002574131653327 0.9997214664427796 -0.7741473398452654 0.6179906202338497 
1.5399680984091313 1.1370955552785562 -0.8346459436824578 -0.0164989391064917 0.0772677847345202 


-0.7905653049881747

-0.555359672237094 -0.8102053925126372 -0.8574464827533287 -1.3128095201058103 -1.6642334476982168 
-2.3259211090641556 -0.23233561827912186 -0.5045020402642666 -1.6859601743246617 -1.1053693185123663 
0.9235274160261199 -1.8247477419671407 0.9408362564324926 0.17523342542560477 1.8098563455444105 
-0.42704370341212794 1.2947108420599014 -0.5463959236109033 -0.9768149476153676 0.9491139860469496 
0.3786662921928955 0.5223071673062638 -0.6843510668593853 -0.23744574011498143 0.9673330179088506 

0.812137850286704 -0.09794639104702905 2.0890387337002038E-4 -0.35760101464025956 -0.9089435830333027 
0.6074683153382827 0.7509449259933729 0.41893490227502295 -0.7409883490742599 0.8892744543997564 
1.2192399655642736 0.4040865743830021 -1.5770888005777535 2.999879450984029 1.9082890110745099 
-0.13310646206687884 2.008180584881245 0.8195428150220859 -2.8555627862752933 -1.401869881547002 
0.4519193960553279 0.32708835481366333 1.1935716484875696 1.9410497687308435 0.6858017705661699 

1.2604319177870742 -0.5399275818086893 -2.3752747031428285 0.9696565096959421 -0.5922909634808481 
-0.4112004494812083 -0.14680619035884235 -0.5626404943373369 1.6137572236259368 0.014903537902005574 
-0.15615537137186714 1.0751820955763265 0.34847382611621763 0.21656254662622723 0.2120903172262281 
-0.012310587086467274 -1.688542385664194 1.1954659839659354 2.2346050710818153 1.1991694955345307 
-0.14930855177225036 -0.851501543044701 -1.0286370860982479 -0.4498130569576949 -0.7847779568428633 


-0.7320747559237076

0.7863214773682734 -0.22444226343740148 1.0187043639922089 0.5966079532810988 -1.2288286150588743 
-0.42517601678844247 0.678451322743987 -1.7864478998565185 1.449895208397817 0.483689324442962 
-0.099941054845503 -2.5146770052738643 1.8757024865993879 1.5679097121173322 -0.6453454355783405 
0.6493704701884675 1.869405479329995 1.3526219214579323 0.3890795946844835 0.06898340859987868 
-0.13696684515972446 0.7760265102866288 -0.86787773894043 0.17238128391445512 1.0453012487391162 

-0.9014208704378786 -0.3044438774728147 -0.048240299341564784 -1.206054647008659 1.9532179992157668 
-0.3406445823302022 -1.385124201201313 0.4178634658489756 0.16701897082719502 -0.9715971868923414 
-0.23317814514945687 0.13688654419732246 0.9052420380461584 -0.5240305743716558 0.09810762974740159 
0.031428389949981136 1.0501593546844863 -1.2031312487459687 -0.5308076382035931 -0.605503231003328 
0.14868325343848643 -0.8122811766995979 0.39902881471612595 0.017626325299680806 0.502354510406346 

0.15926327176627555 -0.7013033364328184 -0.26586614598397507 -0.1279184560200566 -0.8594961735015583 
0.4096212176730147 -0.1765797767512043 -0.2940849027156035 0.296173749456625 0.7178153739276383 
0.8161507597350787 0.12369225997227563 -0.443374352279534 -0.584971321709941 1.7666247557502701 
-0.06719998738816861 -1.857509956000076 0.6203439925459018 -0.24102340534005887 0.7235007065657703 
0.29533006127749506 -0.6826462350600059 0.35417175116927874 -0.3815308542989487 -0.1533703822675032 


