-0.06674182673524147
0.5665881124060663 1.0249841285636594 0.1255470289646276 -0.5355469871490641 -1.3002676331488665 
1.6486910728379514 0.25883642923716216 0.6801198501686678 0.03580984622028958 -1.7836347798574004 
-0.45282250079768754 -3.27658274404949 0.12276879369897568 -0.8005730850244897 0.9252645185414128 
-1.018376878077954 0.8278492255169452 -1.4911606024496182 0.9640239881266507 0.15441484404923514 
-1.4960065937080465 -1.2415355237939407 -0.1457408391699312 0.6338860691588483 0.035351759050189266 

-0.05341781641746479
-0.7737627133537609 -0.7941508694465594 -0.5634736806467955 0.1546663047695968 0.7587118936889458 
-0.23825993440192 1.090588382414769 -0.9341781230090934 -2.258960243990967 0.9471674348196324 
-1.6063232593060763 -2.5374471660896694 0.8459254694976146 -0.426989517686015 2.033742671467131 
1.0995020709695897 -0.3590394727738575 -1.6494508362305431 -1.9554378420373537 -0.09822251045771985 
-0.39694668256310384 -0.6238166072376815 -0.5220695778823418 -0.6710399515958305 -1.983683480555526 

-0.09779967883029193
0.5272248022758864 -1.1901853361257668 0.9803167639821452 0.581497775517789 0.5516797653362637 
0.024401437478224396 -1.7499899306618805 0.5692313710145055 1.6877472056345033 -0.08479436979757253 
2.1069817302014053 0.7933913882792456 -1.0975892928696105 -0.9391859160784127 -2.017844982478572 
-0.275724207464544 -0.21901678631903326 -0.2692202329259932 -0.6281254013845734 -0.9786350482555527 
-1.3872108138597077 0.9050965836118688 -1.254962216324791 0.29358564482926913 0.2999369648451013 

-0.21566212282513306
0.7188411898352988 1.7682770913651613 0.780620384603857 1.4657199752942813 0.39319676434185075 
-1.9440578515281972 -0.5572097844579104 -1.8884093756824374 -1.2611518047019454 0.229855260310215 
-1.5680796879884895 0.5204762490657843 0.747331105930473 0.17956196838998048 0.8605388649718377 
-0.8328256601173477 0.5936846929431353 -1.4896805936632709 -1.0681084384407982 0.36433292181336757 
1.1703274719376542 -0.5794806367279943 0.02991432968397017 0.4761585160249311 -1.119104530313964 

-0.1754307076646287
1.0398359367776018 -0.6553712598457965 0.9057434589661757 -0.8899451295564896 -2.3937641926291855 
0.19445852285910786 0.09732774682143672 -0.16765023229272658 1.449294209751429 -2.3016051020683013 
-0.9407341980667826 -0.2859318397813954 -0.18895650445177797 0.3643462160996156 -0.8239962308337033 
-0.6336454994066403 -0.07062249730084379 0.23547913096358253 0.5441349984915108 -0.4320164301248985 
1.6093563187930071 -1.310354980519985 -0.22393267979044976 0.611247076019906 0.6820219138656882 

-0.13849886637527842
0.9328398134355033 -0.6530015095625791 -2.996074291900698 -1.6903448877666598 0.17637108577650024 
0.9983305414138315 -1.2583777888488115 0.6600802421416553 0.09806228206503052 0.7941382708506232 
-0.4766407599940678 -0.8288568257435751 0.7520218522475368 -0.4718016519034457 -0.011483311221554915 
-1.6465233908387218 -0.414265352568511 -0.239053620701787 -0.45407088167082493 -0.979890385223208 
-0.5060566220974613 2.176287312685623 1.4439174814091542 0.5902030033164586 0.8097651340553669 

-0.122309244132841
-1.028526196604015 1.9239699512240866 1.2116473697340777 -1.5447819415764008 -0.9645814785204677 
-0.10071420948216972 0.033652829370486075 -1.218071351133805 1.4716908923001015 -1.0875033233017675 
1.906902774628165 0.802308226020216 -0.6432243607037436 -0.8768583703472961 -1.117608194232195 
-0.6024256089869279 0.06315530347521034 -0.08292974508187827 1.7538501407841476 -0.08328420116071758 
-0.9804946573849801 -0.38565952304272466 -1.5545760404142384 -0.14523698294958032 0.7338957055114088 

-0.12101802001053946
-1.4834179883392404 1.9500101612218281 -1.5031294256542949 1.0029343862274318 -0.6439403821856586 
-3.233397662232463 -0.299322061478668 -0.4168039580040821 0.44381885334973054 0.4828186774482295 
0.5069558675700746 -0.7817963874375459 -0.8395746718475222 -1.0024298122242519 -0.7762290524552136 
0.04340079742632897 0.9205160790953223 -0.034715679447120014 0.7207070794282219 0.8976377071654046 
-0.7649295208140037 -1.4021559601370088 -0.650770257770858 0.23973426794641328 0.3518039633624249 

-0.11593583846663603
0.7646037418184436 -0.43501978992006174 0.7289344382544403 0.5759234217669557 -0.5875471679957639 
-0.11026606912453127 -0.8206510387936595 0.6022118724521631 0.014327155358730468 0.48285316501118525 
-0.28705229274385735 0.892470047671583 -0.747474585177794 -2.0726477609912517 0.21891566568890417 
0.8686021484463092 -1.5240040425130053 0.8529332281150132 -2.094572102787383 1.089472587185777 
-0.4744867707287925 -0.1984664110778253 1.791106386147241 -1.0799382050293882 0.05209083607180441 

-0.31044110699499694
-1.045684788987888 -0.9597307308315725 -0.25750402380339327 -0.9392665939746899 0.5245598049629906 
0.7937774615938148 -0.3949346133101992 0.09804056005027272 -0.5573418917333177 -0.2764025895395862 
2.016297635324188 1.0407856487736213 0.654116845044279 -0.8907197133254284 1.007031402844067 
-1.2290613098828636 -0.5468326375801216 -0.824983794972586 0.775109344306762 -1.1271351776410876 
0.7190164075295443 -0.5305640708098022 -1.1172783569179987 0.3955015308982495 0.641355559432014 

-0.4758809397978221
1.1585109722699016 1.0832243055454867 -1.1119942176848672 -0.4367981234586061 -0.3332961624580476 
-0.9931435460495108 -0.7138230642812518 -0.9531656841428079 -2.3552700939271567 -0.12287103007136821 
1.2160126656355879 0.7487007697120662 0.0927121466473628 0.23070007474017773 -0.23935891803153989 
1.0833058383609722 0.4424149947837522 -1.7298008537870113 -0.1549958945610998 0.8034090813251799 
-1.089700234342932 -0.09464983022293724 -0.10805305042003077 -0.7190724840945063 -0.37940083955901527 

-0.05550611001225127
-0.8792539791243479 -0.7484226989299702 -0.5204792276817983 0.9400981862300035 -0.8140156433156007 
0.3466458833941585 -0.2793948624822517 0.5438626053063234 -0.5308076942408855 -0.5406276303840265 
-0.9744628799788763 0.6882722669959587 -0.749883629940088 -0.5615123237835331 -0.7019292468122631 
-0.9565336174803954 -0.611379820747959 0.3633372190427834 0.028974029930327612 -0.14410142731408776 
-0.24486989437190498 -0.3181402851715461 1.8382131416507401 -0.8987373736041238 0.9059953717633729 

-0.013049038483388165
-0.40579916068567057 0.23478673478743037 0.6271445687590744 -0.8884893414865301 -0.3145714329117872 
-0.5770405159862856 -0.4231402412794808 -0.8644005878948418 -1.370501865412545 -0.17950864328792407 
0.7081310697132386 0.7291923606614144 -3.0771965604730003 1.5093075145681436 -0.44204643465459387 
-0.6414943740877064 0.38946753309137777 0.4292529805494158 -1.4661566828014452 -2.147842301242288 
2.2546755217120746 1.1027595864468567 1.5942914093991867 0.21439889192907147 1.0507488339823852 

-0.28094306254517587
-0.3928792378124677 -1.5456989490361919 0.18424891906321236 1.4635418091258579 -1.3515397257310253 
-0.9940109137723239 -1.2424822930554718 0.5049775598767209 0.5008285748927559 -1.281901288077353 
-0.23201338706802346 1.3309875619197535 1.1958650869471013 0.30938178972044955 -0.44470040056027754 
0.7426666026093004 1.5479930484970288 -1.5467295814708502 0.843092888850359 -0.8832492684748323 
0.5404944528994361 -1.0745822145509867 0.4913693073277913 0.9953586305154675 -1.0251502555452479 

-0.12110912224871753
-0.9383419920696819 -1.1452162148489442 -1.6861399397025612 -1.3987453451894805 1.4438002306747686 
-0.4312070196395587 -0.31011892053434326 -0.3767220546006258 -0.4641906923581104 -1.9606620109785626 
1.078630300606079 -0.0850215205649349 1.2347742559871104 0.8588333186807254 0.04966163844228743 
-1.8701258747590086 0.443852204461393 -0.14448282188174377 -1.227636678694421 -0.336732959016497 
3.2113819537841435 -0.01622144439672675 -1.04933621779589 -0.9953325783437874 -1.1529556168497166 

-0.09234244430528343
-0.0702879836476834 -0.47727584039851545 0.5519920223837254 -1.3621036039668448 0.35124810434312626 
2.156577571389554 0.6573492442887734 1.9711978778267014 1.1758635992786373 -1.5340316962647635 
-1.7550576152895296 -0.4136922923656553 0.31764251181348285 0.08757590048905545 -0.8947209438064716 
0.08731744913554641 0.04270867040752292 1.012674635494762 -0.7846019597387126 0.2544607949598755 
0.8193017791882683 0.22539803800753216 -0.6440840128142861 0.6482943651425238 -1.169116923533891 

-0.2862408966203368
0.8406037410607893 -0.5207076908237873 -0.28538469592579974 0.13999490004766257 -0.6427696944210278 
0.6086885310497925 -1.2483766001319725 -0.4869859078359356 0.3304596587217806 -1.565308050241032 
-0.033721139475904896 1.2444356436738204 1.2613542099664479 0.967891481514917 -1.068130153950649 
-0.2720718383968383 -0.555516689032316 -1.3443414582464448 -0.31169160949700175 0.761884989746491 
1.0222484404741865 1.2986933993424563 0.9231943936605354 -1.27386561968106 -0.3001340287060486 

-0.04069390723161307
-0.9940488324340733 -0.8518131779204102 0.30929944956368816 -0.4083474757014892 0.038802041020045135 
-2.183607080478477 -0.5852272735562626 -2.4455551690716697 0.04913165991357355 0.5983823357521328 
-0.6119947809165774 -0.13385182806283888 1.57909379189416 -0.8724749331375522 0.30136879169959696 
0.2897270154220635 -2.0100391981728762 -0.2084511689155224 -0.5033857333063019 0.19468186627930129 
0.8966297301348228 0.40998442520866313 -0.45658484759515644 -1.440026214940467 -1.6208522225209605 

-0.10262939094968258
-2.566029917209385 1.0875493786698738 -0.06143486716533462 0.8935496951559181 0.10013437712685 
0.04515460579323466 -2.769415727319485 -0.3227933467884696 1.0630065932911588 -0.29423723235360943 
0.5753438144380635 0.12985040339071696 -0.14593100285874339 0.11637705812344924 -1.8826447709562404 
1.4369224220502128 1.254610882616972 0.13814300043393246 0.9762908238753352 -1.1190827641629995 
-1.8277369245345236 -0.23253845320585 1.0406133466190852 -1.393901905375274 -1.2053979391321632 

-0.29810861089813867
0.1765179028577562 -0.8613707420531322 -0.15875697249546122 -0.699982412251973 0.4008281464167818 
-1.421886871957191 -0.5288411563058188 0.42727182172850986 1.6089366174125184 -1.2216515816427223 
0.05641751652517548 0.5474593126328686 1.5110715719098056 0.21087114672560486 0.47133319621599357 
-0.6449608189322735 0.8613976499016358 -0.4383386084818814 -0.06558902210542536 -0.8714635826691146 
-1.0280881922916578 -0.6296919733266708 0.2714553159325522 -0.9423582688417064 -0.41467444809502607 

-0.1591527274036391
0.4297778063085466 0.8143332133525556 1.3835176879729072 -0.271084966788312 -0.5032604317078839 
-2.61789933096428 -0.9996118720293425 -0.30976029588463216 -1.1835823317554661 -1.7748035561503823 
-0.38653423618727006 -0.7189243409451276 -2.3840640230029697 2.6403161309962684 0.7039063437712346 
1.0639296366233337 0.6702545391514996 -0.5342566088901477 -0.1629595059072967 0.589678123244114 
-2.1443051133133326 -0.37477400362980373 0.5482813424709208 -0.29811258853414163 0.17201973874483467 

-0.12798630813731696
2.560918465241572 0.3720983875326369 1.1507031034507604 -0.26924782771072286 0.44440136713315337 
-0.4960731185257418 -0.5788396924021725 0.005258827317635769 0.5529216838327204 -1.1887541184635857 
-0.5855948583080728 -0.295218532854671 -0.09841385611328139 0.12517918510325093 -0.9643547865304252 
-0.9229473835067972 0.3759692476523385 -1.3958064153657233 1.9982031919292023 0.6407479895989152 
1.7906933171777908 0.45965346839425014 0.8580448531548748 -1.6203024040393306 -3.0357538738278143 

-0.26326949115921455
0.38678388221450494 0.34739658195265993 -0.7220660710423219 0.18491729166043916 0.5572575551572685 
-1.5144053621380933 -1.122035338025831 1.1779362276528116 0.8914389502481083 -0.037681503250749974 
1.0908338156201927 -1.490936029439016 1.6663366668848318 -1.3862126215393729 0.09328173011294594 
-0.435810475085302 0.4153013342301413 -2.2692705137473044 -0.49927778298104586 0.8932731859993791 
-0.31625255205458713 1.5203379335515617 -1.2396334172201078 0.04508138285510056 0.720965669224075 

-0.18945770010134336
1.3245297497641044 -1.605644126142467 1.8676694464414438 1.301152927800603 0.35263459825785226 
-0.7563007092793229 1.7854873936253344 -0.6377741678017377 -1.947592074574581 -0.0875352305329957 
0.4596548087229884 -2.028719627796743 -1.1705948061088454 1.2019149753887237 -0.22509400203552246 
0.924088267383773 1.280716268087114 0.40604790741043434 -0.03274828051305593 0.23926823256000374 
1.213030308090249 1.0461935140426915 0.6817941541581429 1.2255758802561805 0.6860568733138026 

-0.01458819678965846
-0.5579060229313254 -1.2290601284776022 -1.402993864018582 -0.6894866339099855 1.8588161026610934 
-0.12897283299279474 -1.1338795947889435 0.7129085688080186 -1.777904926157071 2.748930089401321 
-0.03369674692718888 1.993930373591087 0.3957210278307411 1.0528127611072295 0.03964271008783777 
-1.2398751645737638 -0.14366584464833115 0.5556873204517945 -0.9810639462748654 -0.1418935875453238 
-0.1335365733032084 -1.8420199362823209 -0.20451770846518905 -0.46558547685980767 0.21335362680611222 

0.12766734619598147
1.0650819374948461 -0.1372346137280187 0.9311150909908654 -1.3749248141248418 0.8715167198125409 
0.5352414699856151 1.1101495947887625 1.7794372384325452 0.19263797456918355 0.25911306130586736 
1.3955034912623998 -0.9203487791051118 0.6795356179488669 0.22017103309496022 -0.6793698516576848 
1.4795034734360755 -0.6981218181815225 1.2912482584397522 -0.5127176255948871 0.2668521785668945 
1.7594010564122378 0.4135605742236086 -0.9862655362303862 1.366480840374475 -2.0032680883905574 

-0.04944865780240001
-1.1819316664632136 -1.7525370665008233 1.9911522439899603 0.0429135547614165 0.942645212148011 
-1.3397330495598343 -1.0075986197705793 0.4841651120519352 -0.5556767453146573 0.3161302250407304 
-1.773836062935586 -0.8675489286585135 -1.2538600627706558 -2.3363565052494173 -0.1677540440659443 
1.1331087186713806 -0.5776583732402447 -0.7611600252140152 2.853663933847924 0.28285561724879354 
-1.7700895862889752 -0.4344205933663829 0.4671042637671731 -1.7411925241147967 -1.2531397978751477 

-0.06634733001076625
-1.6415908682924343 -0.9038664466447751 0.29832626571005655 -0.18075176112054542 -0.15145800409850152 
-1.5058339600578647 -1.8892630493945166 0.26677777789774165 0.5989808058226069 0.9266724926884677 
-1.8604134810503938 -0.5214457000378331 -2.973328845822445 -1.2493056262139173 0.031587945654593524 
-0.3367935834791218 -0.125885711745647 -0.6321263638169023 0.36723491021926236 0.532614546435935 
-0.6653183406160383 0.615446882180823 0.44460141877001363 0.544799665001567 -1.0396180217677637 

-0.27827102968285994
-0.471439186098034 -1.4729451333621226 0.17701092010764508 0.06969239343132687 0.04367754448255531 
-1.0271151879106035 -0.6327994348570632 0.34010922830900486 -0.26818418786907255 0.6599434945522897 
0.22761322328767 1.2425033360645403 -2.7219562721446007 -1.232433955807962 1.8766337350976967 
1.3454409299370118 -0.3479589225893856 -0.22611862775462907 0.4072205114271806 0.036333180253183 
-0.7277414925558169 0.3187848647303164 -0.9355725705775788 0.41550764308424165 0.486159930921089 

-0.08366278672649279
0.10142833278987286 0.8682555644949843 0.7703500787842739 0.5589065743463354 0.568329355687757 
0.3715599796205594 0.5604138488788384 -1.8771618284973952 -0.5078785540393524 0.5456335120094531 
0.681187512416931 0.22675516587627 -0.7118040087346312 1.5535088332760576 -0.2780425255189255 
-0.4459844826491153 0.003519963575095916 -0.9350317816124081 -1.9116377022821094 1.4888987358926125 
-1.143254946517785 0.43067223710601665 -0.46175085094593676 -0.3672571573854012 -1.1543632020545553 

-0.1412874861387328
-0.7568749129894915 1.7921331845752102 -2.2304802344879304 -0.9959078558115588 0.42821226750222574 
1.4571284883450166 0.08511020059110729 -1.2143260622998602 0.2510658491214649 0.2394927680515433 
0.3169998803355404 -1.146786146567018 -0.8311370268974271 -0.5774521496875211 1.8796156931296433 
0.16328658410968475 -0.1554480504616535 -0.69505497627237 -0.5080205207200115 -0.5959006956597134 
-0.68118711108975 1.4831660816031478 -0.8625716938308271 0.5417718700186204 0.7580063686930414 

-0.11581779031000547
1.9509533718538026 -0.38169424061254953 -1.1566636417714156 0.7536213210348708 -0.3827458626313528 
-0.19024040084320512 0.4499583158890999 0.018158292539505287 -0.6875777756434938 0.7513218485298121 
-1.4093900679304208 -0.14522516241174155 0.798023026411123 -0.8486912003562286 1.0737457243525927 
-1.0981266098959752 0.5101846717770311 -0.7500273391667757 0.07288915585888557 0.10194735137921304 
0.07868941978163341 0.5652254205409623 -1.2445050670838707 0.09044111956341458 -0.21165658508181442 

