0.0015052593320176496
1.3797807472848866 -0.2685319510820919 -0.8036367372781946 0.06040306986385108 0.1687195187222039 
0.07540537981900637 -1.5235647312228273 -0.5425600531379288 -0.05641302595346477 0.18715836579759373 
-0.006327281225679827 -1.0066556919463803 1.0970379090678868 -1.3394568043923027 0.15488181756239475 
0.2593701526482587 -1.0195324430401667 0.9289413268413632 -1.0571083619915342 -0.38339925759806415 
0.7346854800488232 1.1104818841675537 1.0426341877716938 -0.10407172807980442 -0.48127075957716875 

-0.012830474035874659
0.48591237540501814 -1.610769386717282 -0.5982430631231427 0.185785712882616 0.38135277327698464 
-0.24793642792531773 -0.41287216258318904 0.34212607849400073 1.0023208172382847 -1.2744095407258 
-0.9214214327224072 0.49872555226479987 -0.3657931581738222 1.0767992935782977 -1.3856145187575015 
0.8671734245436279 -0.23987817499548966 -0.10919850757734868 0.21951521425092566 -0.8372435538438288 
-0.127764856796626 -0.2133906759433992 -0.6967893934879318 1.3091308577943115 -0.6302561277188803 

0.024443521399971798
-0.9346829580455357 -1.578399558704414 0.0292447693406316 2.0105903371590066 -0.5487784135116178 
1.8866979717345749 0.373516460170548 -0.4679234829965229 -0.8637361776949342 -0.9366497133625804 
-0.14803939651807355 -0.9319274140381271 -0.5356171302234886 1.3466651801748604 -1.4772670755035622 
-0.5447737942336337 0.46619115775632214 0.07642795977081882 0.30820433781054707 0.46395089320311644 
-0.8305513893802474 -0.635949127041623 0.288256728224707 0.7076417899821388 -1.877697865475127 

-0.027953016747256948
0.0932852319778935 0.21005734219752492 -0.6646512621564282 -1.8486815260017495 1.0936212610379408 
-0.006676030783531629 -0.6417241825622447 -0.623915915847185 0.28356248289889235 0.27720326478897617 
-0.6029606806248167 -0.34915529306642035 -0.26414506964982765 0.31459780743417903 -0.7806532411116318 
-1.4122640778121323 -1.0488415650443774 -0.024581037870593046 1.7446183528625512 -0.2869288991127335 
1.5948428929603884 0.8270210820240612 0.08076560101457637 -1.8070902649172 0.19834036156890658 

-0.02727469347167213
-0.5249928806254044 -1.296728856553185 0.7427640767922058 0.641531091256907 -0.17721461134211394 
1.2306020215461475 0.2246233248889583 -2.0888994430270644 0.6207457086377312 -0.06444771841436145 
-2.0527128478767818 1.0858763938101719 -2.2881884570460516 0.6803074116048049 -0.8478658819539334 
-1.2767503642711826 -0.5854881162080416 -0.7154636926443354 -0.2951353829399173 -0.2959597850610638 
0.8916249593815396 0.6123548483777521 0.29748068446286885 -0.09112783725854112 0.3122065082096234 

-0.01263699235098523
0.30747142500216806 0.5542014173590404 -0.2560519138824336 1.131396642930658 -2.058151026022849 
-0.2780804503825217 0.6963219666817885 -0.1859314962791168 0.024530994301789226 -0.19996540239385713 
-0.6980443561596451 0.7054972795575568 0.47846009789259597 -0.3541482279595683 -0.6007088657733666 
-1.5589966981182242 -1.7123685357685001 -0.5205328361040362 0.10202649156226201 0.9726152553916513 
-0.3383382212214385 0.05367395918087115 0.5240203556946436 -1.152892181140284 0.5342612653093985 

-0.015203071480339987
0.517000141600009 0.1793330099364804 -1.076758145973429 0.32744473199335516 0.19307763977764167 
-0.029103332754986614 0.6918187452264553 0.91383515625499 -0.2856735870239392 -0.0394453132633322 
-0.832680293710694 -0.7200570311540512 -0.08819644402450766 0.1533900779674148 -0.8010326208740501 
-0.5217021552528871 0.36061130235308836 -1.43742136572159 0.4081437006452528 -0.37106576326649976 
0.24869724325859882 0.5637872091656637 0.8707972038230256 -3.129809689415101 -0.1622096672952061 

-0.027895113900045256
-0.6042004292397318 0.19976114847186208 -0.76760700277469 1.0134053186118477 -1.3844574402777727 
-0.13025962886853173 0.5578064183015361 -0.5118721499884846 -0.16865598949586028 0.11360920837817964 
1.0697267812611688 -0.06978167618264253 0.5102903064750576 -0.8220325278363094 1.0534807158158181 
-1.5408122540133695 0.7867563575385488 -1.5608669054126423 0.7568064079856389 -0.7253606097591799 
-0.49758029924372266 -0.009790596142029841 -1.7740788750770797 1.4855617684958176 -1.173356974811429 

0.006866704938478872
0.1363199917073546 -0.5530842202405404 -0.5604899485801147 -0.496544856411989 0.4580306255679936 
0.653407709687727 1.1157207550084025 -1.1015178822474794 0.08227650306004282 0.10487356296087294 
-0.8475656942834939 -0.384173314433208 0.46341959980798614 1.0022478608126966 -0.38088688481811683 
-0.8416563124874074 -0.390301337059722 -1.7931238293147942 0.38318517515096023 -0.8114172262930084 
-0.0367583460281605 -1.1809075044556738 0.5350030925092637 -1.0921000977306778 -0.024891696364713178 

-0.020484176333296272
0.19626810487157717 0.7821723721045548 -0.909255982171985 -0.7697811859891943 -1.031354434195782 
-1.2448195368143307 1.0386054014709567 0.1663062319713675 -0.6728958284053737 -0.11831714166866825 
-0.32380806436921156 -0.17745331857183902 -0.4340664929568685 -0.28026860756303007 1.6548381436316626 
-0.5132918529395656 0.7785289257539764 -0.3274756198972402 -0.30535283767509963 0.4170775996375465 
-1.3142288857384041 -0.9585890364195316 0.12726758877292893 -0.33914513563604304 -1.237772385530706 

6.467114371739263E-4
-0.4973583239885963 1.6720332669297924 -0.28907579978045184 0.28870990811538905 -0.2141331805687468 
0.2784067478847145 0.3184102882530804 -1.3928084710398982 -0.6431039458547797 -0.23973622759197386 
0.24090068400171014 -0.5456808458199641 0.46026456767820656 -0.036971942098393974 -1.6630133446844009 
-0.5022510855155701 1.380312703596045 -0.1618138752176591 0.41176848394979737 1.0880538747871684 
0.36638665205805016 -1.1476430160667046 -0.019393841855408205 -0.4841969582322009 -0.5026382385963044 

0.005139624067215409
-1.2982720019206153 -0.6490437625090075 -0.30142974761949815 0.1648774302927794 1.7257443974630544 
0.8147084472038163 -0.03557907930924653 -0.650969468780889 -1.2264873270434344 -0.33134152084919055 
-1.0201837695205953 0.45505224665562893 0.46640112474694234 1.3531952288549338 -0.46829779993233606 
-0.18283160551345823 0.5492019813417928 -0.05467403823574351 -0.29303924014023963 -0.5603032793252473 
0.5981186834573294 -0.9290283154031146 -2.2675347946950817 0.42170108218361313 -1.2297936140657242 

-0.033802366733804545
-0.6291198115174881 0.510549689894786 -0.05781022295373275 -0.7359169134277078 0.4130724996817838 
-0.07248674452920176 0.28204354649309576 0.19789490525927217 -0.921848466279174 0.7106470236698812 
1.402104402589249 -0.2112543907222132 -0.6665107424191427 -0.17588615134136815 -1.9923244413421572 
-1.5094199304644285 0.7812566271458713 -0.4457817641780625 1.281128523952371 -0.6748247762334495 
-1.5219666090545143 -0.6941963284503623 -1.076212702499122 0.6144973528879705 0.2429217316733824 

-0.0032531833899793845
-1.0374410335481916 0.8583458274121191 0.7051970086995258 -2.0161803400197025 0.6872482771402222 
0.6216325244486127 -0.09791565094412391 0.15286964901742078 -1.875447840017994 -0.4595477798897817 
-1.907961259508602 2.5893121088198354 -0.7421096255881968 -0.6424961275415643 -0.4530231072543657 
-0.6566418739475774 -0.44164040194809995 0.2079337582090928 -0.6664498964429864 1.4259540774122677 
0.8855999826747663 0.063732947556536 -0.5729430644373145 -0.8796011275353771 -0.2145141615844216 

-0.019348766371683025
0.11615833341607416 -0.3055748590009137 -1.5914626693268605 0.6201414183433863 0.8893570849093994 
1.6241449324719046 -1.1496177234357574 -1.971830562954139 0.07322718856792064 0.33390954151495034 
0.861272119192425 -1.607320908862665 -0.3044414086910873 0.24809850837748335 0.9996834277510636 
-0.7532168903559205 0.47122785362962766 -0.2917396649750359 -0.676524629905131 -1.6294682140091288 
1.3807456439132173 -1.2377853195596402 1.2453486561976714 -0.29830093084525483 -0.8705501022641172 

0.0024054768538516024
-0.41139140348490494 0.9108151787721928 -0.6051456184016122 0.4093640586965114 -0.09893121591786108 
0.5610625812037554 -0.2559620793476142 0.20327793658126098 0.41562024475853176 -0.4381549775610361 
-0.7179411096482309 0.08131900238606095 0.4984608891000251 -0.660222933647767 -0.04579767703911065 
-0.023578162850692884 -1.0899444076052234 0.017714089199168004 0.7088402608534615 0.14506298242383758 
-0.07784233040278632 -0.18981732693982592 0.5305693512563987 0.6730555954474977 -2.2970930554257736 

