-1.1122865681606888

-0.3505658339837973 -1.4520166951999602 0.15628967355149967 0.6652167039601035 -0.9885655808559951 
-0.23377982604218459 0.4814686802191881 -0.8236886366576751 0.9596927338629346 -0.9348610606617548 
-1.361061319867425 -0.3051970674216524 1.6295801884169465 0.9545707255191838 -0.5283578000413955 
-0.3729223479109625 1.430730846500464 -0.09855143796505375 2.353818515491163 -0.4027759815208781 
-0.8175823381401827 1.5764891311185725 0.9956807292808224 -1.8361057367864948 -0.9232315515840638 

-0.22359941409364253 -1.520708634531214 0.02658371435491699 -0.13110698989645586 -0.15417466024113566 
-0.6957955721524154 -0.34854054152668057 -0.9154035663542942 0.6486674350329241 0.9114592000209697 
-0.21217349226188714 -0.7038600525223258 0.5786170266092001 1.192190579355745 -0.8788756903266105 
-1.1041241699332398 1.9271809739976615 1.261791646598811 -1.2034461752714727 1.1193304038821632 
0.5177391408959869 2.013329802138743 1.7315264212703134 -0.46969873434759557 0.7628573536821693 

0.5859203232791187 0.19845173210623493 0.34771316596945623 -0.23637024171245194 0.9850706107361958 
1.1410043171114284 -0.20487363232891265 0.2129800731743597 -0.1976044009307077 0.2450841037413354 
-2.6084631590070444 -1.4135429418844108 -0.21295729729456245 -0.8200689159777043 1.4491867160506302 
-0.2737978450984235 -1.1094298758982755 0.6664366957059805 -2.4569611896256127 -1.4066508016093309 
0.5816893819797581 -0.5930533227437639 0.2875483906087802 -0.8107207924581945 0.3810307007433055 


2.4941635065650827

-0.05218424303689491 0.12809469568364903 1.143748155188734 -0.7064620378402497 1.0868363636934704 
0.30830281950125316 -1.323387886138937 0.5042527519412924 1.7732740336977555 -0.05386831869670734 
-1.1567100759655375 -0.21007694434177948 -1.6751396546643416 -0.14862580367988762 -0.3575739703588519 
-0.4090464124823495 1.8415012443873806 -0.5892480605177589 0.16875805609184755 -1.208991935774463 
0.38786230490401175 -0.2675766215974429 -0.25406901837114015 0.7265944711767277 -0.13741035222076656 

-1.5480127725349593 -0.9305082619318775 0.4471958730163205 -0.3742201964447893 -2.2585467286252268 
-0.27752334999951844 -0.4921362066659963 -1.418421634862302 -1.4027925493134852 -0.5984156497908188 
0.7254851486321517 1.8519919658550972 -1.4921645962820909 -0.3685053035555453 0.8695603346561094 
-1.9282190557317844 1.4412892538387405 -0.6009032162724335 -0.3056921985955299 -1.0811391930432 
1.1935574867603742 -1.2555546216290354 -1.6017025070113635 -0.27937630488454385 -1.612731070213611 

-1.1201197421257039 2.4439834605378206 1.1451309440788076 0.22651632958800094 -0.6086618388317602 
0.6233275036507797 0.2240026835845624 -1.5759538099176889 -0.7122699589945168 -2.209030000483027 
0.9996468162233548 0.8335026719772639 -0.93185908095614 -1.1214424013031195 -1.6475455902792109 
0.22575098646442912 0.724450637553528 -0.5500205791739838 -1.161564508655862 0.009489994930137406 
1.3264209341531914 -1.0750924015818395 0.4754715590163146 -0.12402291805406723 0.9616480147951559 


-0.43612779957149883

-1.011509513125136 0.830292189852382 2.356805498403959 -0.24941692004758148 -1.3642568171993195 
-0.20120362214801338 0.38486919730610203 -0.019922495096238883 -0.1793728635351362 0.15895902827479044 
-0.5816269131099775 -0.41584988851483407 -0.9538324675261248 0.5850037538085062 0.16845152434236121 
-1.0010299440244133 -0.2815715501677951 0.7056685932490344 -1.0477685971158233 0.30363128488311547 
-0.5389482187711225 0.9907472459588441 0.9966934726186627 0.23112303490972377 0.4890065189877116 

0.5119150268001987 1.4442830324511278 -0.15481785532109726 1.7619790062360028 0.45060239970413174 
-0.18912136018023354 0.7772805628935505 0.3976284663589741 1.2736074902482533 -0.7422830392873478 
1.2537855278361394 -0.5919442167323145 0.9892408603883218 0.3664620107904978 0.7728379078265933 
0.3323402796865555 -0.5454569443937571 -0.18876932730539445 1.0397243516409276 -2.3722723507186325 
-0.017135113361899476 -0.5592741185155298 0.49943845481590093 -1.4293791906487363 -1.1762608397189958 

-0.5581467164134947 0.22521335645861426 -1.493125627571894 0.22998075388445355 -0.25571755472560387 
1.2970735415039614 1.5812055337506998 -0.18134611103859707 0.8043858683154324 1.1607693773981584 
0.5270775308833073 -0.43641709272259943 0.5099743581289402 -0.8665733033772653 1.649381119001837 
1.4488400704948123 -0.5679759493368343 -0.8569116822541499 -1.4149062854510674 1.1596654586576318 
-1.9799690583359992 -0.953979082973388 1.5380842913180932 -0.4258767024820888 -0.23603148466558208 


-0.6322830574162751

1.2712194956925382 0.33652755881540586 0.144072750211178 -0.9852494038149592 -0.9125928511976122 
0.09432895907215574 0.4456475007140853 -0.1416609066822514 -0.6124297148446877 -1.0218462772628558 
0.17472377534083816 0.08941443970067363 -0.9448255848824684 1.133831264369913 0.17038922446782634 
0.8618147736766507 0.4530058740087503 1.7550562578380928 0.5950477498177397 0.08341732869622634 
-1.3487653068278165 -0.7011341846267946 1.3288972603981188 -1.289541032800037 -0.3058903016468628 

-0.20479127793102636 -3.518573216607969 -1.2472565307323982 0.18076352643561422 -0.10807770841531837 
-0.3041276069236712 -0.5780818535153683 -0.459710863832053 -0.953988801660987 -1.8340755884315842 
-0.5530742729749967 0.6594515564962983 0.9856742023536614 -1.01011181419791 0.24452253942196833 
-0.4131090666974241 1.0578004497331766 -0.8563598295912811 -0.007472874308797716 0.19849386705459743 
0.22390646181016774 -1.2226419831104725 -0.632536093358236 0.22804144566836676 0.5774297023196983 

-0.24622891494911295 1.661408696479935 0.13983718072862905 -0.760174148458146 1.1661081847150319 
1.5367528586467682 -1.3546066309969222 -1.0161543187979953 2.1968420301857905 0.5701511355957828 
0.5200149838239625 0.007412854048578155 1.1073302792232114 -0.6819214461432326 -0.9893479629019527 
-0.35085069344397735 1.4280322598917532 -0.055244667836598885 1.0686126714026247 0.6848371304272761 
1.734848782715053 -0.06584612947330233 1.5509379603182165 2.4681366967073837 1.803861024842835 


-0.5877346325070723

-0.38177844808679373 -0.38606854785941874 1.5081094021844033 0.4065049080108506 2.09635536164109 
-0.06398576359718056 -0.3972205906516784 -1.2923551512751184 0.9684620180810656 1.1462779805786951 
1.267227756358147 0.41897791779340016 0.8391145220239757 0.05971071622872767 -0.0064371505133835535 
-0.7921034363717308 0.32531764514091693 0.3257357700416762 -0.18300432297897987 0.4733266630643434 
-0.6738135899696919 -2.392546034929353 0.5314050897413116 0.944413947252325 -0.6957238593547079 

1.9839598844168862 0.6982666614307965 -1.7288846124238884 0.3645261807415258 -0.2127008486707261 
0.5411112770596529 -0.1636410452656486 0.32569062219338535 -0.3100349381223337 -0.13162877911595897 
-1.7671627505552905 0.9511929464408874 -0.6175563095898833 1.276974180933241 -0.6951702702726432 
-0.3394431399254225 -0.37559430771739327 -0.5654948508579101 0.308605926187014 0.8964493281102336 
0.7862988126786343 0.4686742003196598 1.196723055071286 1.007223724068436 0.20349833811113477 

0.29475529037305676 -0.932572734720724 -0.9428908927699742 0.620934912953272 -0.10887342960180052 
-0.18883130660918113 -0.059093450483532095 0.13463882795991344 -0.5592481897500146 -0.25371428959764797 
-1.357627213974103 0.14246066351884368 -0.2652671499329707 -0.42124920425193874 -0.14224660275659745 
-0.07808348669694463 0.685520751059966 1.051029641882526 0.3118441965533595 -1.0742467564573737 
-1.3276907349667553 0.2919042107791272 1.6471818432228686 -1.0132192894396959 -0.22291696872241995 


-0.7735191111069495

-0.6761093166423073 -0.49241168256458145 -0.00692819068882376 -0.21007611772551868 -1.0639531761596321 
-1.0622599388665404 0.5264453971105045 2.2706584359377042 -0.22160719263817602 0.6803876914310631 
-0.7723436994820806 -1.935119394465376 -0.7136272651978288 0.2993384572775101 -0.8620134027576124 
-1.1136259603201772 -1.0636990788792655 -0.635896351424999 -1.6666987126367643 -0.48733598287122554 
-0.7673705142370035 -1.0386469680977177 0.8167117305617231 1.0402106899262415 0.6332452065104985 

1.8907921334733653 0.2623286626715464 1.7065816857783116 1.0410088656080616 -0.8723999134889088 
1.5422942417397285 1.3086883982022803 -0.08094497306740134 0.6799363229351709 0.5370602290434576 
1.0750833375133462 -0.9693626733076421 0.527128805246615 -0.2820768566688911 0.6263144713495953 
1.7081543454753128 0.5832370059360373 0.7209303614740816 1.5806716096664128 -2.0794590030193074 
-0.009423787983623907 -1.0975690970485246 -0.934967588269316 -0.5273058303374883 -0.290604613991765 

0.5075733097234153 -0.5192318768705988 -0.48674381862687743 -0.7769015095902932 -0.6759620916487853 
-1.783511597330967 2.1971013812982974 1.4698816026777544 1.7217662754228114 0.199106949607372 
0.3212394035376702 -0.5155095139691865 -1.9580406362280462 0.8324807971775061 1.0234811281811076 
-0.850899434349124 -0.25054895529513715 -0.05626796973143334 -0.09990200324437933 -0.1639883104223304 
-0.4917386573718389 0.8156211962327948 -0.06562755257387358 -0.5273333635070416 -1.1680150149057573 


-0.7196585029519498

0.01871996985812721 0.09114457836423072 0.7422757779313669 -1.1048001021863016 0.9195703308291255 
0.06849408846839677 0.23996122388118254 1.1494838001006917 0.6001405393354126 1.4013599227168603 
1.5275430513491886 -0.3464453234777628 0.33582143436892653 -0.6861301682168353 0.11710414355006966 
0.5494413608647745 -0.2225600190840301 0.3661931444759157 -1.120200007609661 1.1816235225279867 
0.7412670916759895 1.008682190396089 0.2741336237579292 0.015491146043434116 0.4305732893134435 

0.5995942222445249 -0.03142536290781484 -1.1822954059307766 2.200091584352157 -1.4359659183060751 
-1.129595688362051 -1.1995930627218143 -1.2415372287529398 0.33005611025302395 -1.3412140467930458 
-0.33100528927447614 -0.7383437704962016 0.17973766894067605 -0.5655311596847691 -0.27563081087033503 
-0.6358959094126954 -0.02993866974201204 0.6028023981871343 0.4027985735086998 0.8535701557086375 
-0.6764121406935748 -0.3747592622344025 1.2188005583698005 -0.5889103404743572 -0.2639066679868527 

-0.32384026915416575 -1.2665962998750997 -0.5766889777397755 -0.13664648014056188 0.9879084436234451 
0.5030682303850188 -1.1570746976324922 -0.8158317024563443 -1.0192097771925686 0.5615953344429211 
-1.5741918580730314 -0.08212197845647938 -0.20221546808064214 1.190684387978763 0.5615117031387917 
-0.4450055263420678 -0.03100928258926465 -0.9663545284804961 1.3348942818015104 1.4054831774603074 
0.02187788579722377 0.7400873758978183 -1.0301440059311195 -0.7580679400115131 -0.25469007295910756 


-0.8991878384280745

-1.1241953641966975 -0.8435842920500205 -1.1527095223753563 1.1065448428033564 0.11156363887435758 
-0.22932742057857186 0.8963596530169499 -1.7190113197781962 0.7999505692023338 -0.17049332079272989 
1.7500950528551704 -1.9050542465035987 -0.8816793266813734 0.6447748542948147 -0.29448452696989946 
-0.260205219014708 1.3965312463079949 -1.2988038983610601 -0.17369923448448968 -0.6588378214391862 
-0.044540818437545586 -0.6124553721408806 -0.18040835155983784 0.6254453614086684 1.162439950578125 

0.9988912065006774 0.7368899456180925 0.1470570415519003 0.2779096975318939 0.35112439193834527 
0.785639609158636 0.6721625547444842 1.6837076314374537 0.9272357648303162 -0.5981124405033913 
-0.6158630135834983 1.4718593480558448 0.4237538234159669 1.1399011635857417 -1.1128014862194355 
0.17979468693969433 0.6698538518735563 0.49275203136573376 -0.10484036350526085 -0.09967757202639935 
0.32944002647291365 0.6465207153258373 -1.717496876840587 1.3962051073429838 0.5321495531882389 

-0.9444690594972733 1.2977633486860218 0.21681701833488537 0.2913526346529573 -0.3573114020886558 
1.0968826701892522 0.8261798780446105 -1.1081492712030727 1.509677105124922 -1.983705612144247 
0.6940894566070238 -0.1215817789997032 0.8132164102117516 0.6478504362225199 -0.08640500813922454 
1.9142292109618033 1.166717254040461 0.3918227986883225 -0.6115523918173994 1.1095697647381995 
0.482583759775587 -0.08394957913317722 -0.83191896139844 0.6479045202257036 -0.26553357915230236 


-0.6084408348853353

-0.8941627944917347 0.41207413986533653 -0.4835408145360681 0.8655465059337988 -1.013231823218598 
-1.199907878441301 1.9110834537364922 1.627265885021501 -1.1657671139705195 2.190707171610522 
-0.28497041511246624 0.24833800133663309 -0.9711957883324428 0.662418273632176 -1.1559172088671383 
1.651888261123785 0.6933523147781471 0.7413279359232778 2.427843885892582 -0.5535255033377146 
-1.5269565489188996 -0.5396119986507243 0.8986075130922803 1.0926104398337915 0.2624720100155601 

-1.2275813640177309 -0.06071238313076529 -0.8333542013203058 -1.5909458496456954 0.14317786147158296 
1.6579452402646162 -0.19317529227144153 1.10720782755788 -0.23855915507014894 -0.8625592792118038 
-0.6899435005713902 0.07177675831705181 -1.0452246247904788 -0.27416446141151535 -0.3601878220534323 
1.070111485288859 -0.332066333589648 -0.5451897856083042 -0.7029587061272727 1.0909640486692738 
0.6255866621014959 0.31886583088253 -0.882581174614796 -0.16003221871480722 2.1095938200754083 

-2.0725349791059355 1.0659280737316454 0.00725687382414895 1.7403623717405619 -1.0320472662888043 
-0.1039851283193404 0.15880175614565434 -1.4476219543042508 -1.1471445706762433 -1.2195805908747948 
-0.4354634334651635 -3.2034333716122796 -0.25382064797627446 1.4534769239569876 0.7921313540720595 
-0.8792467943260823 -1.074715857651847 -0.0039610627708627 -0.08217212508568991 1.8979809537186387 
0.9714010636912725 0.02849670309625874 0.1504713591625057 -0.189529668064167 -1.0305929455879435 


-0.8464226564339852

-1.5109610799876916 -0.8609863446138312 0.5456281481626853 -0.5927442535496598 0.11144381585941594 
-0.1776563028736848 -0.017064395558680338 -1.1449426605483235 -0.15077568609490735 -0.8204281924642297 
-2.261765934258031 -0.8043542777998398 -0.26248579280756273 -0.530224652987684 -0.5187797607099084 
0.23188330985977595 -0.9352628596339562 0.11611561714437427 -0.9600329566582532 0.5088670266794276 
-0.3983785298031939 0.3321205452274182 0.3321358531100046 1.566788493335862 0.795295193484556 

1.9073634539163107 -0.5749800250675864 0.33710435818524714 -1.9831301396434857 0.9316357312271739 
1.0049023889412585 -1.7043102544688304 -0.42700553256247864 -0.998801055803763 0.2411197577366592 
-1.6593732444931744 0.5725452006769919 0.20821320935665216 -3.222439466023669 -1.4708231747468 
0.46341123311674925 0.8619218215631252 -0.2260324388928539 0.44380431118085417 1.05865230569629 
1.3600155586121718 1.1223293063433613 -0.49962865610970175 1.4877541463149753 -1.5934690674514387 

-0.11188789198784144 0.11916697455215806 -0.8039710770683982 1.1633236864674807 -0.8275795994387967 
-0.32366113976416877 1.4214912217028588 0.3091139196218127 0.19222575987649196 1.209651920028823 
-0.47657165029845794 2.1338853829182454 2.20181966214445 -0.4455886699557198 1.0164906125576552 
-0.8095950935950529 -1.230017953931294 -1.1861050808271771 -0.2946662841591586 0.6249106165629531 
0.9826526670581234 -0.4626047208465945 -1.3604549057735975 -0.18996554006768573 0.4803044471830758 


-1.090127793366342

0.16457769908071554 -1.2633523590580524 0.2931596536379666 -1.2936044493334171 -1.6567501581692183 
1.0472371218918652 0.46004806323801506 -0.8939861101506265 1.0126418832146686 0.13518810704987355 
-2.8439927343280442 0.8794440557041875 1.154375880665896 0.20543933693780825 0.5454872611578226 
1.3159593772440077 -0.1943458582119494 -0.8572213966669191 -0.34428682122242305 -1.1567657753814968 
0.40870859707513285 -1.2664923821259342 0.7784512695381562 -0.4721608047106626 -0.4947289961709754 

-0.001209830039313861 -0.9648426531006825 1.1722889173861388 -0.6728226778594354 0.19468344371475846 
-0.5338532471253028 0.5689704631469799 1.429064925233623 1.070921750894658 1.1486206372912793 
-0.13932312974069713 -0.0697287033445997 0.45407165427433244 -0.5248538800243399 1.3319085420407097 
0.001338214167209266 -1.6176830632078931 1.7173218677113353 0.9043170290939896 0.7286453201167981 
-0.7046013035594075 0.6483842781510493 0.48303395719499803 -0.7660592876063298 -1.3955474753552342 

-0.748186776042157 0.24352607164463877 -1.7450348716879838 1.878371318373892 -0.411651857961909 
0.03264197139300178 0.7464116175487585 -0.2473043679768881 0.24888237603008712 3.147068133473728 
0.9405571103531084 1.1258290949006853 -0.4312299623549907 1.3261724733041063 1.2931859813530895 
-0.05792555970359442 2.1574211513285304 0.8513922716643844 -0.5693350889164418 0.1411950598447183 
0.4002429311204353 0.3589001216960755 -1.4582326485225887 -0.7892498432627885 0.8837532938843021 


-0.7062011227556252

-0.4587231686759144 0.1608643732404655 -0.9709524583838808 1.4774744625689642 -1.635999332524138 
0.5082031549103202 0.35633656425472376 0.9017642311295243 1.112336797158837 0.6377684077222681 
-0.5991575081436258 -0.3649715460979895 -0.10740137345170751 -0.5999279846824913 1.2309633787804817 
1.4289315650108356 0.32233626164999946 0.5754474955372595 -0.07770355441887951 0.5261601845924143 
1.5127272222228731 1.5537404092513232 0.9934719151197087 0.16056110994601044 -1.633023467201339 

0.5738938396471839 -0.06712098854293952 -0.050649653996910134 0.9603945370006746 1.1199361855277379 
-1.621994947191042 -0.6486241034740016 -1.074871885241685 0.2749014703182999 -0.36697100577645875 
1.8713055239849226 2.209435845853789 -0.5420694959046288 -1.710384754535242 0.37482298197397484 
-0.8770121541582939 0.6539397365262444 0.6565022758849308 -0.035912464770460464 -0.15981560846540166 
0.48277249190714144 0.3327917101992336 2.0926710320033455 -0.7353647357534594 -1.1065911497209076 

0.8679748790920959 0.42330774560841034 -1.192668658245419 -1.4912072864423858 0.3283369853231895 
0.13150792845687037 0.8509405668920076 0.29408288208771216 0.8153506442323853 -0.10421408239812986 
-0.2224969121856519 -1.855103369880248 1.4660833502133976 -2.073684491320619 2.3251181681829025 
-1.6510675011335625 0.24045026179976078 0.8412355109305604 -0.3979676919965809 -0.16734636162339156 
0.22200174496866287 -0.6509801650878574 -0.10274826179660596 0.6251314388528595 0.08519331065622832 


-0.760876061120242

-0.13121340670702933 0.3032732197220149 -1.3015194424002323 -0.11037585560003356 -0.2767474421440097 
0.4228811292263731 1.304602197940018 0.22458314318139974 -0.9009146350740168 0.585663041805246 
0.20261975040003125 -1.8414694208900722 1.082404692628925 0.4201865052406227 0.3148368125967837 
0.448503946452056 -0.5160933834941703 0.5695666406075817 0.4600648367296027 -1.1345541508788883 
-2.2306500941101572 -0.31986873737209176 0.03398559615178432 1.3466500258248504 1.095447788329717 

-0.059057215842392964 0.11156364121010558 -1.0519524438137293 0.743072571759708 1.0034707222289716 
-0.2542501814043124 2.439582227879391 1.1376697757693583 -0.4840993093937687 -1.1212306686958688 
-1.3274286123403611 -0.4634535844445778 -0.7779999541742677 -0.8852544355426384 -1.8258036477987505 
-0.2514949143510843 1.3145739193389596 -1.3721605351600963 -1.0711952900493231 -2.0303782943353434 
-0.20783182091033642 -1.7583596641440322 -0.397473052869839 -1.3983836204346296 1.3711320083823035 

-1.5488843022873628 0.1029310201161053 -0.423366956321958 0.6251338234016086 1.174567632312115 
-0.07133327597097999 -0.2512619742630938 0.7889617231676738 1.5807167213035955 -0.34106195869921874 
-0.8500888898081035 -0.1601177672681969 -0.4838403176984234 1.4701067026982493 0.32313419346978856 
0.8495822433293891 0.2651205619236681 -1.3025893761336895 2.132264957417398 0.04989841243714487 
1.2023598253406345 -0.6072482642663605 -0.8311790949806724 0.9235234699300289 0.7836864688114757 


-0.8912919158559497

-1.5349517579254066 -0.3364701425307012 -0.15632593308826767 -0.04693113816849572 -2.2730078122955475 
-1.9154990881443987 -1.012226850147587 -0.5646084593056048 0.031882087928470776 -1.1745305913360837 
0.4997784521856691 0.24527287970461195 -0.9816329187382534 1.8215827354337084 0.9411468317428896 
1.428436466014621 -0.6706528986799692 0.36137512465562693 -0.3914676892987576 1.7227776741974787 
0.8554410430188508 -2.4868243590348174 -0.5396423823206522 0.5199710916795074 0.22505276839094682 

-0.3506943422493413 -1.7450878196885267 0.675096888239626 0.6635856391825833 0.10861088376449422 
1.2279754577996995 0.7205953632875987 -0.16263136429501326 -0.8248950049062483 -0.2524829707676684 
-1.835950743783399 0.039904390169388966 0.3642604688772424 -0.7112175717482394 0.8377284497362925 
0.46705606060130356 0.47656728382151087 1.106192145744751 -0.7071996313227671 0.30560087180901413 
-0.19898209365628614 0.10000334533070505 -0.10825774140084073 -0.7894574558935229 -1.2838337557328559 

-0.6034865995460555 -0.0903353432378039 -0.27173716757675204 -0.19039687131896857 -0.2643806939565514 
0.19191320961996194 0.23318350991459919 0.22446874933939265 0.0848333895201816 2.9450415303545863 
-0.6511387945860942 0.8652667591849547 0.6288125509980907 0.2906005368734643 1.9984295952721418 
2.07475069443539 -0.4510339020805554 0.9945712610194349 -0.7674047338583355 0.6191356313450679 
1.536057021712631 1.1261514643538026 -0.8427379743473077 -0.01531186450407518 0.07179670437202877 


-0.8063397256661203

-0.5582098738157004 -0.806326408467003 -0.8470603058562471 -1.302469965854504 -1.6558302050191986 
-2.3304248183403686 -0.23454308314087333 -0.5075310683458892 -1.6882272473916013 -1.1120024890212492 
0.9209512441600887 -1.8179605962377532 0.9427622831195143 0.16745566478641535 1.7990348172035864 
-0.4263632084361981 1.3031075067572957 -0.5419750186919563 -0.9771898255693958 0.9484641469535449 
0.3757407635958381 0.5175815688417036 -0.6823747047024712 -0.23629347626914685 0.9604644965611662 

0.8081523410557938 -0.09725446897576978 0.00937970432061219 -0.34694443644084366 -0.9022919401553244 
0.603581947176116 0.7451111804841628 0.41543019691987904 -0.7387569426618956 0.8875847110380584 
1.2195205526583985 0.4046233491574826 -1.5793008420107968 2.9882927716730396 1.8952262518157623 
-0.13400352624390957 2.0129661429148427 0.824555292254677 -2.8566334057618032 -1.405841537630085 
0.4485587512446194 0.3230629086828759 1.1963165562480744 1.9479189015515632 0.6837763169193114 

1.2612761089450433 -0.5417089226970022 -2.365259887159262 0.9873956264304713 -0.5790956886805442 
-0.414656310271564 -0.15708595557029187 -0.567843995362295 1.6199447218406124 0.015658256798845683 
-0.15582889438025574 1.0741153592568349 0.3483660072783892 0.21075083085100185 0.20155949615138496 
-0.011477216411614437 -1.6829164815633177 1.1975738661456774 2.2336343079387384 1.1942540572197617 
-0.1517868875717136 -0.8561993898402571 -1.0297170773375703 -0.44647278301733023 -0.78703678379962 


-0.7099254719162802

0.7850959873273741 -0.2201968837759414 1.0206210547103722 0.5976303641876404 -1.2268618565531073 
-0.42480078786433384 0.6789536352383466 -1.7868565842677335 1.450933442164772 0.486508346686316 
-0.09946033936270272 -2.518723339449224 1.8761521603801883 1.5719616493446298 -0.6499081406523263 
0.6493571549902093 1.8716636658344847 1.3554354124096408 0.3873847138212639 0.06329835198357653 
-0.1371360401012895 0.7818337175163913 -0.8656453644145762 0.17195250070576487 1.0447646383641696 

-0.9024727734934919 -0.3051273617005178 -0.04735416882453633 -1.2050366709634015 1.9551995592578466 
-0.34104528842308457 -1.3870905803218283 0.4169232646262171 0.1678958756308732 -0.9694226941838966 
-0.2326535678160024 0.13381210449710776 0.9074421308144979 -0.5218084015379173 0.09446532616643585 
0.03198536016027039 1.0501767989756126 -1.2000929444882198 -0.5348714352984144 -0.6065341464829355 
0.14840032772413686 -0.8111829972882303 0.40013122187165334 0.015359369578331401 0.5028375577053701 

0.15785325695802407 -0.7023708546120156 -0.26465679849914403 -0.1262028946431942 -0.8577041624184019 
0.4089698971711794 -0.17832715329226595 -0.29450981062722537 0.2988738685255429 0.7218403117938296 
0.8159837167567388 0.12052292781070864 -0.44364789631382034 -0.5829225156101393 1.7633624346969399 
-0.06695934496172878 -1.856734766014336 0.621099689844101 -0.2440497337014458 0.7227169861619998 
0.29645912674610125 -0.6798670563653659 0.35523667174799267 -0.38485459747360196 -0.15340160025980967 


