-0.06447771367437134
0.5687923774988106 1.0278651721458882 0.1289915746949601 -0.5321692917094464 -1.2968152269842173 
1.6490680922181307 0.26101297945918 0.680164715758069 0.036046211987745096 -1.78423193139183 
-0.4527624907611562 -3.2750722143500686 0.1356671141910118 -0.7926198560649613 0.9334566709433726 
-1.0179406782931826 0.8297407253931225 -1.4801891325688057 0.9731407201217628 0.1571808535618915 
-1.495486432829208 -1.2397622542904845 -0.13932791905383043 0.640167144880738 0.036509290102243866 

-0.05394785615858787
-0.7774943661652918 -0.7938469512904136 -0.5639516398909653 0.15409427462348765 0.7583671475160844 
-0.24286280686546063 1.0902366664934353 -0.9356936807411629 -2.2606498822512635 0.9463315694452602 
-1.6111985897708365 -2.5380016778319896 0.8436930594152756 -0.428896091708643 2.032620044672 
1.0946513755174343 -0.35947975820370986 -1.6510424051391839 -1.9567864648900053 -0.09931243002419109 
-0.4016931826075409 -0.624425558444715 -0.5236906186436368 -0.6722297095040108 -1.9845393870456596 

-0.10000214903788614
0.5265622315087684 -1.1892756914932456 0.975120916330925 0.5757610211192165 0.5488275153190888 
0.02314784551818873 -1.7521960994259251 0.5605002729239782 1.6810168271178607 -0.08735287004490296 
2.1029897793841963 0.7903880932983769 -1.1042350378960677 -0.9450015113377768 -2.0236375918050693 
-0.2791097513902601 -0.2197643359849153 -0.27208005235993027 -0.6339659552417919 -0.9847552882592111 
-1.388234544593201 0.9040209690862157 -1.259211169306213 0.2872466394912303 0.2939964044968862 

-0.11116100417181629
0.7385205867871018 1.8550726537488826 0.8302341609148239 1.5215800225909846 0.4697872105586426 
-1.921339679319703 -0.46527934815703 -1.8189796455816707 -1.1831518216348178 0.33372588717207113 
-1.5369583560807467 0.6157001920105196 0.8249911013184382 0.3198553494914093 1.01006230066937 
-0.7963642094268849 0.6688041438281142 -1.417929735926539 -0.9458831075223099 0.4847799453717215 
1.2131510010307087 -0.46061154141764415 0.13373213812226611 0.6272951941626861 -0.9855717850988187 

-0.1873067582781718
1.0392101312941062 -0.656085218716631 0.9043954613783692 -0.8908063215825222 -2.3947336948068223 
0.1972665254907493 0.09770102440917693 -0.1931897360947353 1.4228078866940728 -2.321586295936795 
-0.9364601391733531 -0.2829185542952235 -0.21042892132183977 0.3427110374016518 -0.8328608122896161 
-0.6290923914952897 -0.06688582514282543 0.21602051814956688 0.5318006991502774 -0.4404342596278421 
1.6127867611328561 -1.3072982266653732 -0.24538327492659665 0.5979452314146282 0.6740599997419402 

0.03319448797331205
0.9220327520944825 -0.4682684964376454 -2.827298240118732 -1.5029363737079044 0.3658200377908709 
1.05855346421647 -0.9961707693751624 0.892142612114978 0.33388767448638645 1.0765699941197202 
-0.40302542320904006 -0.574566348889246 0.9778666041080702 -0.2390690261383527 0.2843964463829687 
-1.5718707000033452 -0.13742659217485856 0.030614057588960384 -0.1575325339714682 -0.6436293610764358 
-0.4322270426734591 2.448144357921027 1.7353380410846702 0.9268341024517712 1.189611430656181 

-0.1173784636837732
-1.0307528801717303 1.9294377015784867 1.2162900571817483 -1.5423674993651117 -0.9626624507143156 
-0.11037410025656658 0.03240379647256966 -1.2148677716066405 1.472896965557234 -1.0867140568620566 
1.9124638383690038 0.8142098219880096 -0.6333192444530218 -0.866374828272773 -1.1055111906649886 
-0.5937896582224804 0.07384564366991336 -0.07206425548752242 1.7690860709935454 -0.06713232225936955 
-0.9715518802482377 -0.3737602961189018 -1.5417998147283556 -0.12498435935206846 0.756198370527667 

-0.12415135705656447
-1.4846530607377761 1.9621955773350714 -1.4940793613348953 1.0119468199077477 -0.6354378961749783 
-3.2347094937225807 -0.28983125605949767 -0.4259997903228824 0.4308437920968652 0.46906988063159444 
0.5058243130696554 -0.7777294237772734 -0.8487500473285499 -1.0129440166806714 -0.7924694683075728 
0.042376173624281525 0.9241723369784995 -0.04220213085737374 0.707558034121714 0.8825754825615956 
-0.7658396196888977 -1.3988943113957923 -0.6568456915442142 0.22378870635436035 0.33551617721114785 

-0.12003403245154114
0.7834903257027306 -0.414533783570086 0.7442337152257422 0.5997209185050435 -0.5662941728010583 
-0.09144348939958148 -0.8038305394201882 0.6052895716468856 0.03324885492108981 0.5003221663887699 
-0.2623134369394367 0.9142822886159708 -0.7451975999153335 -2.068809500109926 0.2242034575949582 
0.8935935785232461 -1.5009612456438282 0.863930251372389 -2.0883185362012484 1.1004903577518725 
-0.4522599271897561 -0.17344426051056652 1.8041265959728099 -1.066649579005044 0.05423064310062618 

-0.25571132181736395
-0.9896363094544898 -0.9077115882961551 -0.19791122292169017 -0.8928223794623158 0.568713515342248 
0.799107418719785 -0.431185870775303 0.04058294382464429 -0.6013988245333236 -0.3049835943717069 
2.1294485260607097 1.1238816504862867 0.7012309816380878 -0.8207469506489967 1.0508654387562757 
-1.1201806397928358 -0.44339050153210535 -0.7504959811543337 0.8784740893923522 -1.0362357997210279 
0.819954032061019 -0.42914261070200493 -1.0288591728424785 0.5041627248719827 0.7426261986003886 

-0.4407306568456184
1.1593718613704436 1.0812797306051865 -1.1136054330125176 -0.4383761203296043 -0.3348228079365432 
-0.9917522485226401 -0.7151629804284159 -0.9550137816390744 -2.357393118284797 -0.12388138829197991 
1.2554529496919067 0.7973001195924019 0.13483908226270264 0.28302831326876393 -0.182235601775619 
1.1283540376363934 0.48700817760449927 -1.6846543654439263 -0.10007989930336506 0.8671929941405768 
-1.0521593080226315 -0.061113368793233834 -0.05399307820257311 -0.6645273346329054 -0.31050053917454096 

-0.06201825575661817
-0.8792804949622107 -0.7453223029502344 -0.515493358109039 0.9457418909752092 -0.8089051955150429 
0.3463130122969507 -0.2776907823597412 0.5429745651717311 -0.5305728780870442 -0.5400589159863654 
-0.9747826480209622 0.6856903341348065 -0.7679121479091598 -0.5665172171320196 -0.7018178061713899 
-0.9566994052021258 -0.6129371589484619 0.3472424509417468 0.024119197240171482 -0.14112035330858752 
-0.2451423460333476 -0.3224265732753748 1.8212203278271604 -0.9089274480670058 0.9042028162984592 

-0.07325487800319483
-0.4180341983524443 0.22292576419129526 0.6122915015720688 -0.9050720260324534 -0.33153468835749506 
-0.5818153456083522 -0.4251908909398493 -0.8688534327648054 -1.3763752809557472 -0.18562852348898223 
0.6344595779032935 0.6406126772893854 -3.166586951820571 1.4343047954186599 -0.5133849093550064 
-0.7226414773274018 0.3011691424194695 0.3684244131945272 -1.5237721104957003 -2.2176230643269577 
2.162955104526186 1.0032336769578976 1.5277777934450536 0.16258381836964853 0.9836971581828041 

-0.30331834235813215
-0.40832452760023424 -1.5586355727793746 0.2735421859411473 1.5512583056018343 -1.2718724676704622 
-0.9967828004922028 -1.3330015052700552 0.49216262624592094 0.4863075049081206 -1.294721282091903 
-0.27102164839030635 1.197561180467962 1.1482617845686987 0.26040961276236535 -0.4677500070818308 
0.7000600726375915 1.40389729048267 -1.5999948577501177 0.8039756306698811 -0.8755047578555819 
0.4730266449938496 -1.2237851832214632 0.45140347839313966 0.9781563918981059 -1.009267974957708 

-0.11286701990221064
-0.9342373395292812 -1.140834878529056 -1.6832876869713156 -1.395817584537796 1.446691646622198 
-0.4231005095317905 -0.3021814347024821 -0.37002405861495913 -0.457591550683224 -1.9539049435187374 
1.0913685660761774 -0.07774764127027207 1.247263108201065 0.8692849476144447 0.05522463124570169 
-1.8685634837211271 0.44534064692053554 -0.14281305867248414 -1.2200673183261623 -0.32931605864778224 
3.214424317610577 -0.017405011891500274 -1.0565089934469638 -0.9891147464882973 -1.151406386334481 

0.05864775386807067
0.060861097382551715 -0.37374255548691865 0.7115697390600635 -1.2422353732585483 0.4532953640902957 
2.538758535802074 1.01541712555512 2.347321808709576 1.542699825484743 -1.1685014600298451 
-1.388486187817644 -0.1006748341403795 0.6531531620123218 0.4123965486091364 -0.5107780508445806 
0.43332019502318175 0.3306954843894228 1.3302934508381392 -0.43328740501463003 0.6716456752915924 
1.1872466156800976 0.5095932525523499 -0.3478599958449147 0.9806321326243228 -0.763960059028706 

