-0.008077756998794343
1.4922017299397872 -0.18742698568120508 -0.704169345149806 0.15935242175803532 0.29970131537832145 
0.03814516041569859 -1.5779621035236389 -0.5279460346066696 -0.020356583634254903 0.21503151395476433 
0.0537770197860738 -0.911923034010791 1.2837975548887353 -1.227802348645339 0.26660332375582874 
0.08274840786019938 -1.1086188208330512 0.9504508759855382 -1.0935740118097896 -0.3562338707186717 
0.360788695241006 0.7713108438867945 0.8034117820069129 -0.3040337635193567 -0.5618069760770584 

-0.018868945178685283
0.4521175542996213 -1.6471778743666694 -0.68643600367837 0.07747553648644366 0.27593568781389627 
-0.27998748306607385 -0.4552623628474518 0.25462049210094356 0.904040585868164 -1.3653587465917796 
-0.9471564055468534 0.46207788666693017 -0.45409880073911335 0.9775706567230354 -1.487212253062164 
0.8389649481642235 -0.2674566885118275 -0.19215001911880658 0.11543756816124015 -0.927650316608524 
-0.15851249216570404 -0.24184184450937857 -0.7720101001035639 1.2118653866106506 -0.718192794673132 

-0.011527098274511212
-0.9150639315149038 -1.5783037206321835 -0.04824995053752347 1.818138610042386 -0.6764295969641329 
1.8656147373416807 0.33360830039165806 -0.41888638643496523 -0.9959313959806841 -1.0341735123756568 
-0.14810133661346764 -0.9445054695701021 -0.518173774382535 1.2260675594194546 -1.5655854180964295 
-0.5348901617145998 0.4623896447497049 0.086183784157634 0.17497145354008312 0.4120402759744755 
-0.8240403064319214 -0.6419721001685309 0.2918846441213688 0.5319249060165258 -1.9962224553644372 

-0.022885620021525343
0.09293305844530149 0.21049128455898333 -0.6675579279209912 -1.8591421506791777 1.0748461016147166 
0.005829244797666792 -0.6341928422635769 -0.6182860925493574 0.2768355614164398 0.267706289145035 
-0.5737470865059009 -0.32344360931008925 -0.236521192489196 0.32153572737176334 -0.7713230984054503 
-1.3971842100405343 -1.041441765779374 -0.026947164398705235 1.7312881191171159 -0.30093422631557754 
1.6024159093261814 0.8250239058024867 0.06000871911274953 -1.8191048821888 0.18469382466306347 

-0.027759924838466697
-0.5109856819096013 -1.283025768616752 0.7955117666866793 0.6968913757245808 -0.08996039000695173 
1.2152656535740547 0.21193494519029224 -2.0640957709688568 0.6646207101618793 -0.009839411959378623 
-2.0656915266399385 1.0567542618614965 -2.2875058445840812 0.6815103943229858 -0.8392598708126222 
-1.2865970008437155 -0.6090750208687422 -0.7124247294587376 -0.2911255367007147 -0.28134797208612755 
0.8797947336122713 0.5860005478012037 0.29683747702538804 -0.08899793520673742 0.3232440888852799 

-0.014217664610382895
0.2804914655798342 0.528893886996504 -0.3108123418540616 1.0890285705553857 -2.0911521915806475 
-0.31242077688139464 0.6632014565067981 -0.24983995381655735 -0.02752829961554627 -0.24144374649218966 
-0.7296390351237118 0.6712506183010797 0.413345546972484 -0.4080062823512498 -0.6469322785338452 
-1.5840949842654244 -1.7424442391498935 -0.5822712467333704 0.046303479815202615 0.9301471336180094 
-0.35154593170633014 0.027022789486299357 0.4720123101916045 -1.205372923081936 0.48650069215943725 

-0.016117068841495823
0.5286385641461557 0.20519564883304572 -1.0352250926427113 0.370005865151001 0.23354236280164997 
-0.03196353668568449 0.7272243429777221 0.9570453973218962 -0.2476122518549586 0.006530440335462509 
-0.8358426216464895 -0.7003835850474456 -0.05935648267270359 0.1622475897120848 -0.7882289671352383 
-0.5253041215267888 0.3771802234701542 -1.4192121806227447 0.4177988607495113 -0.3561389308536109 
0.24711961441440639 0.5791443064296715 0.883244876641397 -3.1303369640500947 -0.15219431481238985 

-0.021207530887582517
-0.6153591222016594 0.16888631726347658 -0.806521720568501 0.9715916972793616 -1.4270976810168243 
-0.11215747028670983 0.5790747012686758 -0.4874854782182576 -0.1394227299412688 0.13837191762946496 
1.0986676361842296 -0.04942160630731322 0.527069535867088 -0.803817985453698 1.0466440760889175 
-1.5377612228364954 0.7805083717349488 -1.5697780986224534 0.7445110191674507 -0.7413310189176616 
-0.4906837600184649 -0.011431573933827724 -1.7850313289844781 1.4641600842524916 -1.1969561158920425 

-0.0016633918225513534
0.1813093618695285 -0.5306343909006572 -0.5601025078680968 -0.4987044562413371 0.44340709588095756 
0.6301581479676971 1.0582918509548866 -1.1829351495529052 -0.0033488975663173892 0.007323169608152572 
-0.8856683782851033 -0.4574226532637855 0.3577949674246151 0.8888802876200305 -0.5030089109714794 
-0.8710935935043924 -0.44378409681108033 -1.8672544996129283 0.31046939654892847 -0.8816280660934237 
-0.05564019392903963 -1.215024489557119 0.49701985457454273 -1.12795026002296 -0.04733919185146331 

-0.010294412744117269
0.17017794705226635 0.7325088250134586 -0.9626905078278994 -0.8198706090256209 -1.0827641613971772 
-1.2813531173845252 1.0015062177333676 0.1257842986093287 -0.7128644989470705 -0.16686839433165854 
-0.3798979195651069 -0.28893579291013266 -0.42949779900357693 -0.18534343847546972 1.6476521172829284 
-0.5481270768231106 0.7194633625620291 -0.370936133161632 -0.2321671219632873 0.42811951417449434 
-1.3268491990330333 -0.9995161027085453 0.042178343061634024 -0.3118393691358424 -1.2415183347262675 

0.0014776278906478175
-0.5279217890897203 1.6471803567476755 -0.31445413484637896 0.27658139451714897 -0.2252668977721591 
0.2524824403344285 0.29931754193480253 -1.4173145584956712 -0.6521851639240197 -0.24916005068123445 
0.21200793957239525 -0.5741938059968679 0.42928634289123174 -0.05436645014288072 -1.6734223826364845 
-0.5240360295927606 1.3483958244197478 -0.20353724937782056 0.37967436020433387 1.0647634809703799 
0.3465041223027251 -1.1685398015747748 -0.05651876147983494 -0.5178354025211375 -0.5286919225597607 

0.006172653362767172
-1.2727042847783359 -0.6219846750659206 -0.2950003078949846 0.15851173187545128 1.726828116493587 
0.7886726176890783 -0.068830846772281 -0.7121229469711365 -1.2870842688266317 -0.39101046968012854 
-1.0305125842811198 0.4814222244859082 0.6736259801440595 1.5140878492089342 -0.18320464216831744 
-0.18759322472215212 0.5429658635811474 0.0333436377241224 -0.2601817689433752 -0.456596738405728 
0.5900965923771351 -0.9562815816761634 -2.228819357517603 0.35465946163825435 -1.2399040913235184 

-0.030401259899660308
-0.6322700972355593 0.4958110268355193 -0.09963876252759615 -0.7691478698605992 0.3932438638865493 
-0.06965823582925831 0.28929231324742505 0.19491812707882064 -0.8926504987074267 0.762617037263771 
1.398724750923865 -0.2260329696059562 -0.7295875697463522 -0.2057945677133122 -1.987880612203452 
-1.513740584243246 0.7336954944484463 -0.5590305299693302 1.2001644530373 -0.717105452186232 
-1.5224338373054447 -0.7462225916654633 -1.1951756065038368 0.5229162705651408 0.18331659851660595 

0.0018695036880086095
-1.0245917080911262 0.8642981538535266 0.7226036045542357 -1.9956318401798483 0.7147431472356452 
0.60498022418127 -0.12441784880783598 0.13533223073354833 -1.8895832816794689 -0.4653446716286053 
-1.9268981810642847 2.5888755819972955 -0.7033898562480893 -0.6324682585455982 -0.43798781578040846 
-0.6727865299772079 -0.446374739019853 0.2246323439030304 -0.6661000616300828 1.424472326168414 
0.8653423696699081 0.04371196764756352 -0.5713554219277496 -0.8919329737738917 -0.24930990371380482 

-0.014971076992136444
0.13280608772245112 -0.28434760743030973 -1.5807067031779845 0.6270565435645388 0.8900071770263651 
1.5795523762253547 -1.1824806257556968 -2.015404150896833 0.022846202520594727 0.2751147653249813 
0.846193671504133 -1.607653696582987 -0.3218573394496716 0.22412939718258945 0.9634700328780704 
-0.7546345363658223 0.4745421506007844 -0.30275035053505756 -0.6986503635149997 -1.6569556533556313 
1.3762081127702857 -1.2358303909528499 1.237272494994839 -0.316425406428826 -0.8993154033543921 

-8.606238655112699E-4
-0.3741736871298982 0.8742045671834123 -0.6607585698395334 0.400926027597518 -0.06593472273570711 
0.5850999390985148 -0.3006431385136368 0.13321188112462218 0.39173581365639126 -0.4288118528590331 
-0.7028015951627526 0.040064076840960194 0.44611725425164717 -0.6807761613196304 -0.054790604502519734 
-0.012939153737664681 -1.1240170064879824 -0.019291088423461892 0.720528727113434 0.15943113083450694 
-0.06928515444338154 -0.22008149904272548 0.5037414848084382 0.68957928403154 -2.2768516254292432 

