-1.0992441527801078

-0.349737441652241 -1.45276135200659 0.15806860647856946 0.6656227216257488 -0.9921794174186052 
-0.23068176282030442 0.484198608086605 -0.820864462426098 0.9615168876819155 -0.9364606560886185 
-1.3589925310413518 -0.30391298608185957 1.6352668346894867 0.9668099803662086 -0.5220369553403087 
-0.3755718829320088 1.4288001650551607 -0.09284462404279567 2.3561799468612166 -0.4009389110237292 
-0.8148393665938086 1.5804204793040284 0.9953135927616679 -1.8430440332172595 -0.9254262235472883 

-0.22161378501840556 -1.5208080639540928 0.02640317365699941 -0.1305974053932469 -0.1559416234044514 
-0.6929369820881417 -0.3458550254382892 -0.9152001423846244 0.646820267322032 0.9070082407715406 
-0.2097636570333927 -0.7030945565292235 0.5842938196829291 1.2035610168711117 -0.8763905023018422 
-1.1069401383908557 1.9226291950110563 1.2663301239165403 -1.2001934131593759 1.121289491517012 
0.5206837276483276 2.0135090946065577 1.729454209604295 -0.4756036140672972 0.7598060913396629 

0.5886140046282323 0.19930110754395067 0.34597119435103335 -0.23835491520207686 0.9811735643164453 
1.143102159642962 -0.20129722073036457 0.21315042446899515 -0.19984044896874495 0.24266939223524006 
-2.6076334890100688 -1.4156424572137092 -0.21036004494415736 -0.8107274436146783 1.450499776759744 
-0.2777631629057019 -1.1135795754476758 0.6683363675720926 -2.4554975173265174 -1.405299832529772 
0.5817383404312866 -0.5897742881344579 0.28958374948533006 -0.8157476490257394 0.3772873951796008 


1.2845611907192647

-0.05882887626262304 0.11847942149331575 1.125612880802385 -0.7048237856381792 1.1032401006878187 
0.28036453331203154 -1.3423100628025537 0.5220557149761172 1.8132581060145765 -0.02681451983773465 
-1.2033397460475335 -0.23993038394551552 -1.7130676024552436 -0.1686594951817986 -0.3512607858654101 
-0.4318711556092089 1.8422770492160925 -0.608580684133654 0.16273969021876994 -1.2458090232562635 
0.37695140122883525 -0.24038167096149146 -0.26284115074733916 0.7511649353718952 -0.17912058537571868 

-1.556684260808452 -0.9588363814566344 0.4349659272706472 -0.3779914592083932 -2.253988839686367 
-0.2906612205117568 -0.5167002576672844 -1.3979402037756887 -1.3759622909181894 -0.5765038658215975 
0.6796247942295922 1.8368350461970429 -1.5245273363352267 -0.3595394274994434 0.9080385311115181 
-1.9554972316025676 1.4263750542395925 -0.6394176045177248 -0.29770005253716403 -1.0756905068888138 
1.2091045467487826 -1.2436981215268037 -1.6265921167869823 -0.2703854841139675 -1.6216879167035754 

-1.0981903160261062 2.4382696608603296 1.1217278222246616 0.23520204541483358 -0.5851474785001302 
0.6121203754168923 0.21616934502615123 -1.5801884058265283 -0.6831041870860857 -2.164136726673167 
0.956022129172156 0.836542794510343 -0.9563593539033133 -1.1177529357228169 -1.6146028745613141 
0.20583118088085206 0.7077627575694387 -0.5862130636862719 -1.1331415368135689 0.025079165837957225 
1.33240300713887 -1.0689865283394089 0.4355785828095424 -0.10586550866924492 0.927884632946975 


-0.7472428711220567

-1.016998022713056 0.8190523334995999 2.34781929238556 -0.25684364806749477 -1.360544373413694 
-0.211897456279502 0.37197788035168805 -0.027735365522824244 -0.1813984665629744 0.16035721367167913 
-0.586518039481599 -0.4092483474581964 -0.9507813477493514 0.5904595539905905 0.17140065253676393 
-0.9980051279456658 -0.2836376584463758 0.7042889197743996 -1.0464758867037656 0.3057461262141894 
-0.5262327841677658 0.9843422958008945 0.9853160554296713 0.24035241173320973 0.4948319600809058 

0.5046455848637096 1.432011329829396 -0.1635949212479252 1.7532429292301717 0.44795218292117356 
-0.20389849534404764 0.7631088636184609 0.38588185242927026 1.2670021815709027 -0.743411953260593 
1.243380031749586 -0.5879216744536538 0.9907490223339852 0.3763127085052778 0.7805185615960952 
0.337678742292175 -0.5417893441854633 -0.18566037381900277 1.0541935913227996 -2.366728442221461 
-9.495182738410807E-4 -0.55672317481892 0.49185906478607894 -1.4135329447421439 -1.1638779378257973 

-0.5617050059860028 0.21499463128716667 -1.5015684424959281 0.2216352295811191 -0.2587049551524028 
1.2808767609131295 1.5664102707390293 -0.19100401759860017 0.7970013750234811 1.1529928219018155 
0.5131427151262087 -0.43615203320076773 0.5134645156536993 -0.8567910360443003 1.6542860117079 
1.4545154608269026 -0.5636657773541657 -0.8486286521627301 -1.4019916219599826 1.1710081843873712 
-1.9632700108268515 -0.9475897100765643 1.537215356504635 -0.411406065513901 -0.2246416618242275 


-0.7046855899882402

1.2772147673865963 0.34136262058959627 0.14193439136241792 -0.9922410581280349 -0.919587470398519 
0.097711430210598 0.454139916870265 -0.1388368889952092 -0.6199617056071705 -1.0214811785353595 
0.17580946018180413 0.09059230414073187 -0.9405870546315884 1.132135909172994 0.17624078185383757 
0.8639874658534934 0.44668127782930545 1.743228462017314 0.5908960513086706 0.08101077644943723 
-1.343890114057312 -0.6928899486478735 1.319623694331423 -1.300830129274882 -0.3134218613433934 

-0.19954947996433403 -3.514045430021549 -1.2503528832468496 0.1750460076056744 -0.11447524832226245 
-0.305163408577247 -0.5723775223664174 -0.45639003593943717 -0.9594043807698769 -1.8361288780223395 
-0.5513520602955442 0.6630884575556458 0.9857034623251753 -1.0128438951269034 0.25037060912515124 
-0.41122172400380813 1.0574051362039099 -0.8667530609840698 -0.00795882792027743 0.20319896857689976 
0.22706901610214233 -1.2126347952194632 -0.6389460455259459 0.21978559659610172 0.5731817970645379 

-0.24264898313653738 1.6657933835752332 0.1358760932424511 -0.7659420414489427 1.1609353620582843 
1.5362562832044477 -1.3463829457832277 -1.014456206186808 2.1900311004628374 0.5695748687387436 
0.5145599590317672 0.01183407893343413 1.1076275011556789 -0.6871029935765511 -0.9827721173459035 
-0.356565950963423 1.4266255685341276 -0.05726662604932401 1.0661226785762077 0.6857825500539587 
1.73667400870687 -0.05719312527846486 1.552119929712051 2.4595769457840944 1.7990419883237714 


-0.5379889210541872

-0.378327794164449 -0.3776668959558438 1.5162290894524828 0.416017734338682 2.1034352971514134 
-0.06427401430609778 -0.40224031532572074 -1.2993855009999298 0.965900935860245 1.157946052151624 
1.25985368605635 0.4146976579975181 0.8293763859117964 0.04726198945848792 -0.00288790050920795 
-0.7951006913587761 0.3251079276756388 0.31776818343096747 -0.1787243272718188 0.47559621282302433 
-0.6665837287238544 -2.3907657202996 0.5289178364954624 0.9462281044328622 -0.6953160502902103 

1.98846541060617 0.7085807828578635 -1.7237955127164688 0.3701605041264505 -0.20413829177773704 
0.5420520280387457 -0.16289638316447022 0.3209033244004294 -0.315983608494419 -0.12915797239289128 
-1.765088487513145 0.9559437310230315 -0.6223266209768675 1.264964006655849 -0.6978125791890089 
-0.3375008781443701 -0.37079069386979635 -0.5737187342938006 0.308328641818645 0.8941622090854454 
0.7911889811405834 0.46906326782734936 1.1992657468139167 1.0122973246513824 0.20298563167435066 

0.29545303024644376 -0.9279899704874225 -0.9400199243008944 0.6263330793498084 -0.10172825322947199 
-0.19196747129765884 -0.06163839892111179 0.13272537574611046 -0.5645116046137331 -0.24986351052953917 
-1.3570520596026987 0.15026589529775222 -0.2617173915486223 -0.43048375575086195 -0.1393894196489716 
-0.08624213077884267 0.6906458191580664 1.0543952223106956 0.3143264150522676 -1.0772061908316568 
-1.3315166499187998 0.28945250087689456 1.6598921469524028 -1.0065818826161608 -0.22889602793570177 


-0.8112758526585614

-0.6754376849240094 -0.49760411244574254 -0.01163340318682227 -0.21137683574801577 -1.0636411645665345 
-1.0615171511644357 0.5080304668978338 2.264776760155568 -0.21656488556094383 0.6765208987866543 
-0.7784626221544154 -1.9377980924927438 -0.700840803871864 0.31365454822096994 -0.8533499531578294 
-1.1149913655107562 -1.0694954156499454 -0.6343287805815977 -1.6678976863871426 -0.48691795059227705 
-0.767474340207427 -1.0480452643872955 0.8101604509498936 1.041128900239612 0.6294107222671981 

1.8937177700222265 0.2574341634984321 1.7027361263202931 1.0394372887278944 -0.8720173740103114 
1.5427661091109108 1.2913487019500078 -0.09037360902916032 0.6781778700201512 0.5311774926722767 
1.06764969594215 -0.9707517057530132 0.5362711239549132 -0.27387437413507065 0.6339472975244047 
1.7072937139359228 0.5810966426570039 0.722827349337127 1.5778645260369877 -2.0773449384517524 
-0.006218047223459633 -1.1013385487988079 -0.9423653066417068 -0.5285681356814239 -0.29156131437833943 

0.5094581996046372 -0.5198622457304025 -0.49220027932320354 -0.7803870266402484 -0.6766601240965385 
-1.7922805873658192 2.1787347832909236 1.457459220232914 1.7188443973543637 0.1923165789129728 
0.3079976373366271 -0.5144424388957701 -1.950368791148277 0.8386236040300272 1.0302795207318782 
-0.8578167911941531 -0.25105379159144053 -0.05084966032304325 -0.1022688307482872 -0.16225559286016408 
-0.49566215453669193 0.8114239654995797 -0.06986809901084927 -0.5260423145588771 -1.1703612833356203 


-0.6306782423350087

0.02307498567890611 0.09189707723559729 0.7390739383344237 -1.1058508670551883 0.9169056598264543 
0.07256539048673456 0.23993408954744694 1.1462382900425467 0.601935712638883 1.4050807974217259 
1.5309638763300064 -0.34348598260607116 0.3319381249818732 -0.6874668981958489 0.12262572908447424 
0.553680126372766 -0.2208010054053789 0.36008249328130704 -1.1191777086498695 1.1869475226707875 
0.7435989327907743 1.0097076856640563 0.27013671500508224 0.012807065438335808 0.42970280461909266 

0.6011195339484012 -0.035323375008651174 -1.1852143136240836 2.1996643988340114 -1.4406566292572738 
-1.1256578780704154 -1.2010706626126346 -1.2469408683230374 0.3308016141899723 -1.3440166994678082 
-0.3284642910484591 -0.7403468920105537 0.17668012887718046 -0.5637723607110918 -0.26991303825643925 
-0.6350130430082074 -0.03405772014901304 0.5983235851229244 0.4087498679179972 0.8614218934022903 
-0.6737649278893961 -0.3755016511944577 1.2149614895197254 -0.5891479153230209 -0.26521821601324175 

-0.32303873182075726 -1.2703318316108398 -0.5838228462644638 -0.13978047951365352 0.9842191840622417 
0.506335687281945 -1.1593918922646438 -0.822920653838369 -1.0205239988503907 0.5609784765419417 
-1.5717986895129088 -0.08485807841439413 -0.20609802479066516 1.1967343652189983 0.5687088203810441 
-0.44577784683227073 -0.0360473270314262 -0.9716601991168701 1.3421379884312938 1.4120032810671637 
0.024379574523718108 0.7406905660657342 -1.0358298572870022 -0.7608515941823145 -0.2566058643579637 


-0.8407044250189859

-1.1225136417111778 -0.8446361985047788 -1.1550443493757865 1.1133457124528587 0.10865478677451383 
-0.22497623456703186 0.8991584612088284 -1.722332856791947 0.803923438350406 -0.1708345771114904 
1.7551217767507863 -1.8981551145610784 -0.8822932472174196 0.6382725336710648 -0.29019314134011787 
-0.2549808878848534 1.3994811389594033 -1.2973859595260064 -0.17443391463215296 -0.6580313561656193 
-0.03858298052152945 -0.6123983516209407 -0.18035102708543524 0.6279141375173813 1.1593905869024668 

1.003334471949312 0.7363790513467565 0.14604996735110926 0.28716070133274507 0.34972793098889965 
0.7889990131687344 0.6729303366392788 1.6808686720313186 0.9307173826908312 -0.6004305832238581 
-0.6115249215729067 1.4792685578520437 0.4244610768104011 1.1329479082675669 -1.1092443750504921 
0.18669638580887155 0.6740861931218083 0.49582034526685514 -0.10507975578627989 -0.09828950435999163 
0.33620616386427477 0.647116992573735 -1.718913718133819 1.398525185348983 0.5277418688864475 

-0.941000055996321 1.2964659882209 0.215218695885091 0.29712002409691246 -0.35783946968577546 
1.1023779258667452 0.828446615831589 -1.1096954887597008 1.5114293822152 -1.9856563486323984 
0.6993571002520166 -0.11400312808544581 0.8158320785792124 0.6399505634147942 -0.08340999332711341 
1.917971944419161 1.16829654518498 0.3959648843577743 -0.6152249095900069 1.1062682013791088 
0.49074094366817855 -0.0837261336387348 -0.8323501099908044 0.6500276361413431 -0.2719997390185498 


-0.6429406913697195

-0.8861668989086205 0.41488656002014923 -0.4859968218075893 0.8646728486421636 -1.012396539989222 
-1.1963163288081335 1.915766848281001 1.627047895114071 -1.1715564910053204 2.1841380292994295 
-0.2866402116686201 0.25415669596053647 -0.9690571360798321 0.6675861531079139 -1.151406176764894 
1.6546281380809906 0.7095803288262327 0.7414805111884947 2.433303481295636 -0.5473001414208648 
-1.5284107100309792 -0.5330480625143799 0.8986108410024976 1.0851403895963203 0.25199834873413124 

-1.2221155760822044 -0.05174056977498456 -0.8335781604229036 -1.5910596074850019 0.14553878170311899 
1.6606857010467608 -0.17833874554927046 1.110885979428145 -0.24669907053558884 -0.868564393193082 
-0.6957494741516419 0.08560541195116517 -1.0416478444356028 -0.27436251092174124 -0.3631572930594905 
1.0686161794667628 -0.31789009398265194 -0.5417574328011682 -0.7028188329076068 1.086751816104568 
0.6219589159654078 0.3248132276100838 -0.8808230963375732 -0.1679436847672765 2.0981620859204737 

-2.0667497677940228 1.0765611969816458 0.0016312777155105332 1.7311145429630757 -1.0343786111290991 
-0.10095433155838668 0.17904424680420755 -1.4455431430600398 -1.1565224017627298 -1.2229274159871928 
-0.4408393110291045 -3.188966103442849 -0.2516600934338616 1.4607852137985766 0.7987843760297745 
-0.8816978273653657 -1.0652130441145768 -0.007411063347258619 -0.07836278823983524 1.8937803529351729 
0.967654499235836 0.036394999201971166 0.1469427728888105 -0.19669327635675238 -1.0428431672049372 


-0.8861709405536443

-1.5099516497580143 -0.8608019340928593 0.5482736291692335 -0.5888261614083924 0.11301984862032516 
-0.17966555307706222 -0.019953860130335326 -1.1434509688479348 -0.15065025508687288 -0.8171102843393733 
-2.2583974389001082 -0.800987704731283 -0.2605213705793962 -0.523422837264236 -0.510221177442912 
0.23270507755421377 -0.9353567761354464 0.11637408104272298 -0.9483480651559311 0.5093542503811435 
-0.401245587799493 0.3277088324942624 0.3330642061476499 1.5697827559642066 0.7912994455223599 

1.9078966218701199 -0.5773484279608714 0.3373736037111428 -1.9831806598369526 0.9315559616239608 
1.004886607805346 -1.7072832959369273 -0.42601369173762627 -1.0005758612703484 0.24457534145427096 
-1.6523673572289015 0.5747450311178391 0.21151755208105458 -3.2173504294074506 -1.463550717857707 
0.466189619455051 0.8570396905457172 -0.2272304541110419 0.45276806301058276 1.0600296517643117 
1.3583537561215149 1.1166181942197078 -0.49777534157373293 1.4909167183289036 -1.5941900637094348 

-0.11315498597511817 0.11886934575869224 -0.8040176728124129 1.166725918906109 -0.8262946673476772 
-0.3247607426549246 1.4195352270827084 0.30723120138546667 0.19196204239968373 1.2118683089599673 
-0.4696551350622727 2.137366143094456 2.203771166795374 -0.43730127889923875 1.0253894611371568 
-0.8077372076287651 -1.2334954613298577 -1.1889432884854911 -0.28621266236998705 0.6246445987051292 
0.9807592506457185 -0.4674694014141177 -1.3600133686351001 -0.18557415085763543 0.4789074172573886 


-1.1511249523109972

0.16838651242867209 -1.2600601421443103 0.29466424073255054 -1.2897008177075069 -1.6529115212391314 
1.0484786692177386 0.4575790222399744 -0.9004958336642842 1.0064396692521316 0.1298034365209158 
-2.8460981458771357 0.8724454646943952 1.1521708813974294 0.20763112555296245 0.5436668573635112 
1.3170743031262928 -0.2005645089528635 -0.8576782073150173 -0.3385224080575799 -1.1546839783871756 
0.4157723448867487 -1.2677124333834118 0.7763079413520791 -0.4681835115081082 -0.49437979020523737 

0.0026884623470091844 -0.9614789747598638 1.174832870530005 -0.6676422802265827 0.19900883461792043 
-0.5316510782870055 0.5643941360265461 1.419532539433223 1.0643380620830072 1.1426944824848797 
-0.13820650513013802 -0.07753909144187014 0.4490047432196214 -0.5239887898396275 1.3294123257316368 
0.0031810033294349597 -1.625650919684085 1.714228287230706 0.9085884901151252 0.7317736404545984 
-0.6981263389078329 0.6460820254489554 0.47860754365443914 -0.7618726746234656 -1.391791729754522 

-0.7417285710601427 0.24856016778774193 -1.7415426102760163 1.884069440032122 -0.40697028545947395 
0.03958056887317736 0.745376733537963 -0.2554387971996205 0.2449068960412924 3.1442808308936407 
0.9419343245386337 1.117150227687558 -0.4379126030799425 1.327635356143802 1.2924478299230273 
-0.057957822754975616 2.146863137300985 0.8465746197750641 -0.5663782666815657 0.14287873320563557 
0.4065394169371988 0.35733168926055486 -1.462542273973258 -0.7858552040183847 0.8867407993868169 


-0.7240938238327935

-0.4589803550212066 0.16346546034577544 -0.9775210666952611 1.4779375751215094 -1.6371774124395533 
0.5079466628061533 0.35688571039918343 0.9000630737708529 1.114158741969418 0.6391404086457769 
-0.5953370722332058 -0.35811454433964063 -0.11194312201505592 -0.5915215676479969 1.2351173969703066 
1.4320732380907344 0.32104623952645905 0.5751873026441754 -0.07582870286474168 0.5232963922007794 
1.513249626952599 1.54341309251586 0.9885514761222848 0.1556754100155198 -1.639583321987499 

0.5744244739866337 -0.06479600449114466 -0.0586812570828729 0.9565529708552403 1.1193052749724821 
-1.6194506050864708 -0.6437005661442279 -1.0782685751907746 0.2735227935257628 -0.36722821602023686 
1.8731438684890689 2.217407815105974 -0.5448768076631127 -1.6986878280079338 0.37783577814031083 
-0.8726030432867298 0.65500158126711 0.6574037257637513 -0.027370080065774738 -0.16170302157701202 
0.48866330186095563 0.32450483307728156 2.0847030888672107 -0.7370794408546543 -1.110555603052873 

0.867799646053211 0.4264308199412322 -1.1973629738782448 -1.4922734112942593 0.32856177842791123 
0.1320226246119632 0.8535564731248627 0.2950152272272433 0.8161528296996118 -0.10402652701196835 
-0.22091709874953866 -1.8471583168996828 1.4627165162653628 -2.0658636520002793 2.3277862063808406 
-1.645918341355427 0.24584631875631752 0.8414230247552685 -0.3903801642277462 -0.16641011499161976 
0.22246343401800897 -0.6554299446866645 -0.11159015568902132 0.622187173145746 0.0776434525672538 


-0.7450174144824837

-0.1238076739590385 0.3068211245999343 -1.3023118406022056 -0.10610310413554033 -0.2716262174497726 
0.4227158324679361 1.3014099842607476 0.22539277421533524 -0.8949762515771518 0.5851913613353946 
0.2022604960488614 -1.8473757239929096 1.0818230445678356 0.4233184318608474 0.31444994927817393 
0.4574474881026966 -0.5229798332971941 0.56511394914695 0.4603572486269998 -1.1346735312407195 
-2.2213280551528225 -0.32074801757476185 0.026386200352897706 1.3485637715250378 1.0966177319659682 

-0.05363546040529089 0.113960469031103 -1.0522700678960903 0.7481686451618096 1.0066244305370455 
-0.25348368776377816 2.4400169771723594 1.1344015236102787 -0.48148207962861533 -1.1243725892920677 
-1.3243641452532546 -0.4629635353972386 -0.7840947139737381 -0.8885036788494937 -1.8278846580029378 
-0.24490527998137407 1.3112757571907718 -1.3760087096033895 -1.0715313041917154 -2.0303258081328464 
-0.20560793026358135 -1.7641887126124107 -0.4006561430774927 -1.3873328980005089 1.3749186745240047 

-1.54688270017111 0.1059739347208072 -0.42649618324439686 0.6289822802318499 1.1793110131653954 
-0.07480379971658101 -0.24886854527434712 0.7864578991350306 1.5815909741229839 -0.3433346983674338 
-0.8531862901110736 -0.15935329571712648 -0.48482157943571685 1.4653362640862473 0.3210986297871275 
0.8473821023698078 0.2609482784935147 -1.2982479470933814 2.1360377339806287 0.05008074216034045 
1.196998670679234 -0.614348049741212 -0.8293975890111492 0.9355023064383289 0.7888332161716028 


-0.8822320294398894

-1.5383961843378258 -0.3399201145172069 -0.1616753110113214 -0.043554415108425545 -2.2731324446661785 
-1.9159909228343488 -1.012526956526648 -0.5652235006753863 0.030238638367177703 -1.1749491545044952 
0.4984049303105551 0.24366547465709748 -0.9746833712399202 1.8298311364678954 0.9369979749650927 
1.4307656250026566 -0.6699722656570626 0.36410633763395556 -0.3866097309294783 1.7219924593170544 
0.8613970529970837 -2.482490763209831 -0.5402321841803525 0.5124113857884715 0.21687495255090392 

-0.35096785442013473 -1.745999197604021 0.6735410341956545 0.6644332478822936 0.10675482252646264 
1.2254826452674625 0.7221394489672701 -0.15982584202361302 -0.8259933121385401 -0.2570287921255989 
-1.8390878875556345 0.038288938044781354 0.3720394946574982 -0.7064495644256577 0.8333495740125539 
0.46869759870098127 0.47346086984487223 1.1039524338075273 -0.7040551679521092 0.30524043726155536 
-0.19076615202408873 0.1017189825438533 -0.11460500516286834 -0.7876788592618297 -1.2826387965013633 

-0.6057262498613514 -0.08955925224273521 -0.27004595956265653 -0.18638565214288472 -0.2661172350468971 
0.19221515771221773 0.23650971302230103 0.2297178488381318 0.08662977372577428 2.9428027395002188 
-0.6561233138078324 0.8631333041350083 0.6385819033249203 0.29723153942983593 1.9901412333185693 
2.072222043335825 -0.45572041857162543 0.9904284517652302 -0.7639043401553401 0.6170968253757187 
1.545162943257794 1.1254331739313792 -0.8503848200588946 -0.013068757910129526 0.07423676402238723 


-0.8800147452408583

-0.5544603076148504 -0.7979235521067056 -0.8433122333962751 -1.2965718408072242 -1.6506941420622725 
-2.3319289921725734 -0.23826562979098764 -0.5119460429051393 -1.6927347115663942 -1.1198408251516687 
0.924184405277741 -1.8276769019368286 0.9322287477070093 0.16739424561170166 1.796970113563178 
-0.4277194033396035 1.3021068090066692 -0.5476233693810721 -0.9765885189086643 0.9537687807974252 
0.3734106486632763 0.5210991607847972 -0.6817761803066028 -0.2379928255850079 0.9682436178453284 

0.8104713908831731 -0.09052078124941901 0.009745497908638547 -0.34798337112855965 -0.9041220667259926 
0.6025170851006434 0.7428962437904678 0.4126859912425484 -0.7430136863420457 0.881480668446556 
1.2206737904731273 0.39687567763302894 -1.5879669976816677 2.9854762980397345 1.8941623891650299 
-0.13448575580581004 2.011812059819948 0.8176701326760143 -2.8605646818771735 -1.4045917049912817 
0.44973365371909724 0.32966807978689144 1.2007554427143627 1.9469488927526206 0.691268461155725 

1.2637051540863404 -0.5336572292561983 -2.361412284583165 0.988612601964039 -0.580585106333362 
-0.4158025453514663 -0.15676933986577135 -0.5687486314655062 1.6134325221484254 0.007304613874447173 
-0.1572916179213719 1.066531422397299 0.34089299485581026 0.20664317974533816 0.19536589768343668 
-0.01714398635522054 -1.6832864021759932 1.1886479242376187 2.2270146241806597 1.191675037982768 
-0.15305483118111204 -0.8482714571788137 -1.0276894310466123 -0.44950716455827433 -0.776994415273138 


-0.7499413517545678

0.7866881614141735 -0.21926167404951613 1.016774615424767 0.5978848167636379 -1.229870150131986 
-0.4246113559576347 0.6799789549137777 -1.782922052814832 1.4511903001796553 0.48488877959947824 
-0.1006100151196803 -2.51097547132168 1.8829245316815861 1.5770848126124846 -0.6502168129323681 
0.6465864399039716 1.8780899773117201 1.3598482900571098 0.3886969074624043 0.06545468274289673 
-0.1427420781466537 0.7839615004670953 -0.8628278961719682 0.16655406360419003 1.045600962481657 

-0.9009388116983923 -0.30016841106488346 -0.0522086869512555 -1.207590176803619 1.9545596836198766 
-0.3415581021526282 -1.381128408509474 0.4193638495994621 0.16572149716954315 -0.9694552004138753 
-0.23419507947179888 0.14320151673453818 0.9103782613485506 -0.520405507126832 0.09333779309865836 
0.027496224521138195 1.054945925383309 -1.197764207390034 -0.5351087249464886 -0.6064398901696707 
0.14057762987709582 -0.8102392372962582 0.4019499839808463 0.012320596045074744 0.5025049562618316 

0.15887125114318748 -0.6973905610574545 -0.2670938358589796 -0.12812660316656568 -0.8570306767921645 
0.40755541051891436 -0.17052279871071213 -0.2872482740357656 0.29791366039992584 0.7208753656233665 
0.8121521268000196 0.12906900329928409 -0.4422681575021411 -0.5830574713448975 1.7585451671301657 
-0.07428920244214464 -1.8528265183082147 0.6182548607517248 -0.24429081323415133 0.7212711449944722 
0.2892390851903677 -0.6767430986629152 0.35563569173879883 -0.3885603654169674 -0.153794115046686 


