-0.07151175329827586
0.5675817249293681 1.0250212515405501 0.12510288901748548 -0.536451640860925 -1.3014901836019284 
1.6479352352183154 0.2570184315044405 0.6830720560294162 0.04269783739525455 -1.7775771683199892 
-0.4541728797113144 -3.2783822814411887 0.1357448056776785 -0.7853299586153811 0.9497445423977999 
-1.0195504533494486 0.8261853121942737 -1.4702519719914116 0.977061828946681 0.1591073102916294 
-1.4970978442394138 -1.2427631826439651 -0.13479817824003465 0.6447567174744951 0.033597635721591336 

-0.05224775097526587
-0.7736206691410327 -0.7919699290583078 -0.5597279368123802 0.15805282501713577 0.7619815352599324 
-0.2388967027278552 1.091985247941813 -0.9315631350895469 -2.2569909288623538 0.9491044464234347 
-1.6075718974922928 -2.536434953141519 0.8481816493860601 -0.4249292630433041 2.0352351434782316 
1.098175138055796 -0.3580161711749968 -1.646905505462483 -1.9533769927860212 -0.09702117432261935 
-0.3982701186114285 -0.6226079581408371 -0.5197241631536411 -0.6689343852836859 -1.982247772494085 

-0.10035209859107903
0.532242192537817 -1.1836640653398884 0.9711537604239316 0.5677388339807288 0.5385989624673866 
0.027696886375358304 -1.746404898627928 0.5570574784712804 1.6745095137498334 -0.09559592887822098 
2.105598743554651 0.7936182507421893 -1.1073838189331537 -0.9487457533455687 -2.0270645546535766 
-0.27680592924137337 -0.2175232806412621 -0.2733807328794506 -0.6372352656760493 -0.988039853147805 
-1.3868768448955855 0.9055656311722527 -1.2597320287636629 0.285592813554011 0.29150687701597827 

-0.22632842588991836
0.6492986032222864 1.766885799889685 0.7772087546169246 1.4541891013641979 0.3797878136748857 
-1.9862182602981415 -0.5267566509737663 -1.8571118886618418 -1.248987940821694 0.2393425621190664 
-1.6089458900335945 0.5439049141044995 0.7710979295978607 0.21807847401644967 0.8976232828278017 
-0.8716995720611844 0.6115222280040759 -1.4720319845928767 -1.0440348083014157 0.38733227850824653 
1.130448300721526 -0.5542251703203148 0.04784249162049363 0.5045309379264674 -1.0910215717564153 

-0.18834993107315487
1.0369606984737703 -0.6579479857757108 0.902692906158737 -0.8933477475452385 -2.397407392056204 
0.19175424354327675 0.09513298128468742 -0.17990778748621178 1.4361695949074333 -2.312954749685879 
-0.9476940795296758 -0.28940154683040725 -0.19860520281765826 0.36737253543653015 -0.8089994653266371 
-0.6410027397156712 -0.0749657832456481 0.23399843839166173 0.5490498298320677 -0.42221887843038614 
1.6005940180416875 -1.3157106601608928 -0.23240077074758667 0.6117503286682209 0.6827948150198676 

-0.13601916719635335
0.9569047601706371 -0.6359263163829315 -2.9827540007543383 -1.6730817775925848 0.19209052762215634 
1.0026025590992271 -1.284785646183177 0.6641877343223368 0.1015993659659491 0.8069044210623362 
-0.45343932613511284 -0.852070785315651 0.7781639421189283 -0.4450571495671965 0.006605240560007233 
-1.6040706747106765 -0.4109997894032381 -0.19973869820987716 -0.40689200040419654 -0.9623097653796171 
-0.4427830285032517 2.215481682380533 1.5026398480596075 0.6347857772951342 0.8411325540300986 

-0.11203552737735431
-1.0256694379926128 1.9322962594480564 1.2204559359359908 -1.5349638064391922 -0.9580790213027847 
-0.0972595025484043 0.04602028637522541 -1.2095390215214032 1.4823994306114776 -1.077017340841045 
1.9225748926082284 0.8279392750956823 -0.6230465125659368 -0.8552629404403513 -1.0928423637389069 
-0.5863022278494395 0.08528091545870953 -0.06116805596353921 1.7809658451551373 -0.05347012128636194 
-0.9712499787126553 -0.36265352769504716 -1.532626298925585 -0.1129976867570019 0.7646024592904642 

-0.12519058573335312
-1.4825446863154481 1.9758651300750547 -1.4904466661015536 1.013435315120421 -0.6353401536383626 
-3.2320761824322126 -0.27771185311831587 -0.4270262984742271 0.42741222046511995 0.46160883599000263 
0.5084985073717696 -0.7689075879738492 -0.8470864163240439 -1.018955296168655 -0.8043867196204664 
0.04476126629722404 0.9320472080693766 -0.03820631979724871 0.6997704230069501 0.8676509636108979 
-0.7635580237534312 -1.3904126469644986 -0.654706234402035 0.21565967719218074 0.3231223449586232 

-0.11457599962585542
0.7665990428948085 -0.4305627772425033 0.7633803192640751 0.6016844280614705 -0.5780072834574327 
-0.10767458827700073 -0.8191792217498769 0.6175107591017508 0.03131605131657559 0.4903673246991557 
-0.28629964497605076 0.8942536341923869 -0.7432564137640675 -2.0663618963993104 0.21565834735069106 
0.8725369043249535 -1.5199951455884178 0.8606164567636345 -2.091363245026551 1.0821380112404313 
-0.47420454944811996 -0.19724349945525793 1.795125611671519 -1.065547447266945 0.04249791241901943 

-0.23166178660042583
-1.0614537367856804 -0.9825059064401283 -0.28166455958317294 -0.9652514416681792 0.4890750650430314 
0.7176059840927319 -0.4670784095477605 0.015188467327697087 -0.6405902869513651 -0.3752337570030824 
2.168701556459773 1.1609110416958908 0.7952524550140037 -0.7614841380830272 1.0912489279717883 
-1.0916397577373793 -0.39958711987286316 -0.667277455134849 0.9035851045850241 -1.006390145027915 
0.8500383466029953 -0.3699935573472188 -0.963781967589267 0.5571439178834313 0.7747754864008501 

-0.296555789951747
1.158759636757893 1.081003752400149 -1.1107837650659265 -0.4378810101463277 -0.3394571085621747 
-0.9907683628106854 -0.7164127546521284 -0.9522319573825798 -2.3561334197123136 -0.1301442152974642 
1.4990672645232515 1.0482843849209256 0.40733244005960645 0.5420313235586559 0.043447298536994056 
1.3703766859315962 0.7482392216399838 -1.4265784277411193 0.1291403788301781 1.0817310879513784 
-0.8168343942130927 0.19455263133979522 0.18858280692262613 -0.4214040624504929 -0.09851067390280367 

-0.0762126404535017
-0.8778310064307523 -0.7455558752183145 -0.5038462851329338 0.9537544912060295 -0.8014842223268355 
0.3478216780392546 -0.2741539558471924 0.5566207300319138 -0.5194542087879365 -0.5309276538942606 
-0.9725615125559686 0.695937626391084 -0.770601085771716 -0.5682115587033093 -0.712331388444333 
-0.9545211957753674 -0.6055893313384692 0.3480557726633026 0.02038350205512551 -0.14893781082309118 
-0.24276398200054075 -0.3171682222488227 1.8198955522740514 -0.9211135599610175 0.8986653836670178 

-0.1162545089442747
-0.4075801379378416 0.23510535214808212 0.6252658881227994 -0.8943406702051709 -0.32085869034080194 
-0.5685238852064465 -0.41132245862751105 -0.8597501223549749 -1.3680364323123313 -0.17720136286009397 
0.5664274706385402 0.5739061431297237 -3.223430463307309 1.3689380276532968 -0.5890302404264908 
-0.8137548364672593 0.20968942456978884 0.2955303686526033 -1.5954429400868466 -2.3147516793899268 
2.077205105009784 0.9387017080639827 1.4562796940080915 0.08562845892095457 0.8763497493495959 

-0.26043730220410705
-0.41236311605249076 -1.5659206339445622 0.31455934473736047 1.577628266644967 -1.2484654431106728 
-1.0100109849356698 -1.2790633168217524 0.60146929235844 0.5858825898207352 -1.1979601463209844 
-0.3190539938149194 1.2211510358313131 1.2487165016088395 0.3258786700012065 -0.4086506500170848 
0.6486633121664733 1.4386863939901806 -1.5185891890369334 0.8374458328581438 -0.837788324020847 
0.42613245213986206 -1.1822876420982382 0.528791755165137 1.0114160839928459 -0.975123523395212 

-0.10596721041958088
-0.9326614378774876 -1.1394839688837306 -1.681339531262791 -1.3942154107662785 1.448047216518365 
-0.42792316534119085 -0.3065658426083188 -0.3734704130708897 -0.46092200069993666 -1.957849173511517 
1.0866173590919457 -0.08667397760794743 1.2498430374926288 0.8600461804093681 0.04495769133787432 
-1.8759494940494745 0.44003919878998543 -0.1416509663097782 -1.2208256174956624 -0.3428117760053951 
3.2031174503186457 -0.013357819959450503 -1.0450519769979318 -0.9790864337167927 -1.161676442394738 

-0.025095604621360484
0.05989366157225318 -0.41050360990456836 0.6824655987032137 -1.2738768415027266 0.398896590559055 
2.217957401699072 0.7045694477667308 2.0336531915659677 1.2229847249943604 -1.513494341097093 
-1.7111789091964889 -0.40188386688528793 0.37161475478841044 0.13840030531541372 -0.8293586159349098 
0.12373667309388857 0.040503713691692804 1.0596388681931999 -0.7334222059032994 0.3387956111924943 
0.8594995037094836 0.18554918207064472 -0.5960395871906529 0.6821204373877606 -1.1185961969208955 

-0.20131495372964595
0.9675863458476655 -0.39937903861576407 -0.15790530037213385 0.23881148332086247 -0.5507088866059286 
0.7047390471410625 -1.1512959985934073 -0.3878331386694163 0.41057317819063727 -1.4904123374793337 
0.13383963273687377 1.4196042876596007 1.437714521516433 1.1111460630372256 -0.9521509988012241 
-0.14058404852975276 -0.41008367718049143 -1.1885553804623197 -0.18257595893330977 0.8666671612901227 
1.1781853660460808 1.4047739646830302 1.0678983259287524 -1.1092662941798905 -0.20575007214489413 

-0.041549878024703085
-0.9941092143906624 -0.8509344279558791 0.3115492107912539 -0.4065919014661411 0.040302753810927294 
-2.1844293373437544 -0.5852057705484056 -2.444187633920558 0.049953073228884017 0.5990193692723816 
-0.6151207593493391 -0.13645740989047128 1.5778172346845731 -0.8741771578559445 0.29870694326545894 
0.28629668293642735 -2.012831922143328 -0.20972234985255156 -0.5050768961267855 0.1918941259989413 
0.8931605414681492 0.40742449534986425 -0.4579259008550223 -1.4413320567021666 -1.6233975349847538 

-0.10192341641553221
-2.567968710771445 1.0881311217640792 -0.05713454928985749 0.8982012361443942 0.10387799952458203 
0.04468895033392692 -2.7671758352102067 -0.3184042841591813 1.0669586516655143 -0.2901608394602374 
0.5730168890529265 0.12664305981985047 -0.1447887118596842 0.11366143297409294 -1.8839495516965694 
1.4362745253938187 1.2500084835093457 0.13697389183889705 0.9730706405680677 -1.119619751853267 
-1.826590408724133 -0.23248828635705032 1.0404390809307944 -1.395737697653005 -1.2050258060173913 

-0.2982228218359334
0.17660218689060941 -0.7831138745496157 -0.12138735762555407 -0.6790857039287997 0.42007661186263734 
-1.427057918912113 -0.4875363279398603 0.39066500884349487 1.5676753251478963 -1.2405494019115064 
0.04601256659170072 0.6158785608523579 1.5132784984352876 0.20401136351676827 0.48170959968847193 
-0.6527377328928335 0.9332829980235797 -0.42826041281408156 -0.06740305082416242 -0.8771719525170486 
-1.0348036800792348 -0.5562779568187742 0.2804361988437429 -0.9415420238207519 -0.416550724341067 

-0.21254809716408962
0.4310800838315789 0.8145551797985099 1.3816951244156854 -0.2722656365225015 -0.5051701779765603 
-2.6164155867398886 -0.9976207090429069 -0.31012559139314466 -1.1837426700440266 -1.7793908154839888 
-0.383122304522574 -0.7091286432475348 -2.3815814274951457 2.6700383975288284 0.7363351748747505 
1.0633202045949726 0.6853817169257038 -0.5215457716394178 -0.1510300861511575 0.6061380505105594 
-2.148576475092756 -0.3716871804298488 0.5545283072099163 -0.2991507693574217 0.16046919144169544 

-0.12614364753374457
2.5676173749684845 0.35235404766659073 1.1259668072089368 -0.2897637552973012 0.42342156204297077 
-0.4882607247784308 -0.5724587925725275 0.017642949761565007 0.5478870325351891 -1.18229889498889 
-0.5961582143846172 -0.2962529981932055 -0.10143359573570286 0.1205933803366032 -0.9601281479390612 
-0.9414654333675999 0.37219333138894695 -1.4055882746439412 1.9862387527096645 0.634578111318534 
1.8008514437755618 0.4376135593245394 0.8370879065571856 -1.619482500495649 -3.032344318014224 

-0.2145457887854621
0.3945346663532071 0.4945132426137053 -0.6016736781331693 0.3020417481380851 0.6718362788169016 
-1.4484298790396166 -0.9258974700997246 1.339196049832384 1.07959828660174 0.14533751899331043 
1.1115825795736958 -1.3406614430182244 1.7982998185159798 -1.2564048190905928 0.18954517676031393 
-0.4230514530698417 0.5765978482252085 -2.1330970152358084 -0.3693546954820361 0.9516523957500422 
-0.274130795336145 1.6794930558783214 -1.1291170609482157 0.16333328563451707 0.7954063137151386 

-0.22406820406479222
1.1614240943519436 -1.8572165826245075 1.6043984974030912 1.009522773072599 0.05355683547544704 
-0.8902333676465957 1.550166332055443 -0.8787212038826726 -2.2031284538550704 -0.3450034339269787 
0.3569095512080779 -2.193150138103209 -1.2609622866793215 1.1188142875103262 -0.3066192966536684 
0.8314557370041005 1.1469312493337114 0.3292038154350491 -0.0990413684616478 0.1516630303659119 
1.161880425379939 0.9164016901877559 0.5680272533392984 1.1634563228336516 0.5832781864261359 

-0.03953257609171197
-0.5261645850532768 -1.1818040702724888 -1.4630473935432504 -0.7741211528020545 1.7614804140022096 
-0.11218207429418996 -1.1436068160988135 0.5835590563023667 -1.9459344139303876 2.6007103476309856 
-0.014929554053411568 1.983516107949867 0.28256255001464164 0.8728647761352014 -0.12701760834419656 
-1.2275183682011903 -0.16217945989488128 0.4618405830878897 -1.1017204483805074 -0.2930534150163495 
-0.12038040082320534 -1.860698198516541 -0.2920853321137658 -0.5799792824837154 0.0613201808854331 

-0.08117190622562832
0.7163164634253969 -0.47647169143517765 0.7019100325746767 -1.6302281489193942 0.5935396548207397 
0.15009199478271432 0.7004046761732984 1.4651536006187724 -0.1523131766395168 -0.10088081255335657 
1.0051933870185412 -1.3222671639833063 0.3595896882798167 -0.13077698893743075 -1.0149218741803139 
1.0642363544786986 -1.1084948087882367 0.9703333815937114 -0.8483773155952582 -0.06734777121221222 
1.3319132400524523 -0.0444244936746916 -1.31311413391099 1.038208813713309 -2.330944821773337 

-0.03992706180070285
-1.17953697867401 -1.751862325868005 2.0166721391531026 0.06416990156358619 0.9566954311441552 
-1.336877339030774 -1.0060348122152014 0.5029937325010582 -0.5436102035559865 0.3232228243161746 
-1.7706796381864605 -0.8659892392803074 -1.2356196763369898 -2.3305838721789396 -0.16135139190173056 
1.1362872345676691 -0.5764694940126613 -0.7385695385645624 2.8583952913627715 0.28353325937647905 
-1.7670772179675507 -0.43331694682679206 0.48520150626410913 -1.7284785339348356 -1.2437237671636137 

-0.06613857581184003
-1.6422848826970327 -0.9047464829472517 0.29955560914707663 -0.17992630004675841 -0.15144155454161787 
-1.5062380609818684 -1.8897960221231915 0.2678986845068862 0.5996388156265208 0.9270811205999303 
-1.8604407381700467 -0.5227988147925661 -2.9727451973439742 -1.2488512863087768 0.03142173111775125 
-0.33685886637269624 -0.12705670192483887 -0.6307263447267071 0.36778763208560644 0.5319428749837355 
-0.6656518191672695 0.6141117258215724 0.4452611354136484 0.5450537990681145 -1.0399388672697913 

-0.22416135759107736
-0.47432047318388076 -1.4839055446289193 0.13379215636650602 0.015150324616771214 -0.026234848648055697 
-1.0511680292043069 -0.6518749134541835 0.2978109815020714 -0.312081468999416 0.5991939988676801 
0.3144000797400012 1.3347561001987547 -2.6276644010273955 -1.1524190783349846 1.906726166757817 
1.409558824208437 -0.25315911905450283 -0.11071996309019287 0.49644790162619484 0.07621895723116379 
-0.6489547833538197 0.42097295003512486 -0.8336643724550141 0.5225948301733365 0.5481450677326396 

-0.0879470752166162
0.1103926905757123 0.8406207995267466 0.7386051554445242 0.5322820517616214 0.5492660440254342 
0.39241270932332806 0.5513600506816149 -1.8843597087810118 -0.5203395400503624 0.5284413592202835 
0.687770911822369 0.21653730345642724 -0.7132866820006863 1.5476676381477188 -0.2983352260747467 
-0.44486751907674327 -0.009027569959487542 -0.9385112199206779 -1.9270339876730371 1.4694797332156766 
-1.137422877079209 0.4226216539109818 -0.4693782692055315 -0.3778707793559997 -1.1651804425600867 

-0.1463048270515891
-0.7826245233655597 1.7670809633450986 -2.2476114878438875 -1.0172966363202698 0.4018230595100213 
1.4391220772510427 0.06833479894089059 -1.2244435209653772 0.24157044532489055 0.2144431003304464 
0.29862419114383143 -1.1628791346457494 -0.8343383721422075 -0.5852113620771383 1.855325784397332 
0.1428647579058438 -0.16328477169745712 -0.6971131054889922 -0.5194084568572981 -0.6197025467517692 
-0.6952440992381916 1.4802882726682025 -0.8696796375913514 0.5367749521377555 0.7330660535958944 

-0.13225324451049372
1.9637638646352473 -0.37174160025613007 -1.1515886890961906 0.75751618033409 -0.3821753011283502 
-0.17818005939427772 0.42115198233601703 -0.016738714968071652 -0.7224283644684624 0.7200067208507562 
-1.4012627605706347 -0.17832229272099084 0.7639249146294258 -0.8846694036936981 1.0378294642526913 
-1.0885861963338141 0.4827683283833647 -0.7735044091571844 0.039861418040914615 0.06627395275397345 
0.08948994303267084 0.5445747474937994 -1.266667912872481 0.056020399056194284 -0.2466266204103349 

