-0.0735428802568128
0.5675859456128128 1.0252341823949345 0.1254447396268313 -0.535972749950469 -1.3009172002772085 
1.6481306794792474 0.257296038426207 0.6829182861707161 0.04185065203010785 -1.778486971437154 
-0.4539073005513405 -3.278307329614467 0.12855537808552348 -0.7929905207097894 0.9391455352699664 
-1.0193399180763896 0.8261369104213548 -1.4769581468111774 0.9716833778335278 0.15327216873514304 
-1.496873473931652 -1.2429885839462926 -0.140235793548921 0.641174942195866 0.028909808907525956 

-0.052580118556711145
-0.7737062662216355 -0.7920181639969524 -0.5603980765148144 0.15747158345215959 0.7614516283233086 
-0.23870760694899068 1.0921109552407167 -0.9319788610499575 -2.2572894999861357 0.9488562528058968 
-1.6072550848596816 -2.5362631570947856 0.8477169336740922 -0.42535846492103685 2.0349124919025687 
1.0984473768042804 -0.35787445926845596 -1.6473712476552036 -1.9537425486482285 -0.09738102477167848 
-0.3979926262473318 -0.6225044707588135 -0.5202777974426765 -0.6694097862601237 -1.9826880037957595 

-0.09948540687594849
0.5315230316505467 -1.1836183655599015 0.9742743603594065 0.5713145458165245 0.5419541147037231 
0.027031781067044174 -1.746712359765311 0.5599319678129918 1.6777758584946654 -0.0927672760372269 
2.105247529798336 0.7937277832107121 -1.1054681142669376 -0.9467795263723864 -2.0252138136853013 
-0.27704087197269267 -0.21722213005276758 -0.2718801448157764 -0.6353723709703212 -0.986316575800006 
-1.3870391205707058 0.9058192321667398 -1.2584521146983567 0.2871098069581694 0.2929491609193311 

-0.22521306034622887
0.653456423704481 1.764805987995368 0.7726023583422938 1.4490509262674365 0.375685794555424 
-1.9837911403806077 -0.5319390555865778 -1.8647538462083926 -1.2542846580166096 0.2347483003600444 
-1.605932273389831 0.5388228621017302 0.7638371837121247 0.21325329000779863 0.88967694061957 
-0.8694447748374204 0.606975753245481 -1.4765044796123554 -1.0465278868450174 0.3792238446434981 
1.1324020116107547 -0.5598770000816009 0.04322060921671227 0.4999447915605514 -1.0981763493126657 

-0.192691541715005
1.037148381681237 -0.6577474437375901 0.9027140298446255 -0.8931641421467263 -2.3971169172459756 
0.19198936902378627 0.09547991798375514 -0.1820714416139254 1.4339857391349742 -2.3141523497614664 
-0.9483157376603338 -0.29127018981376 -0.2114938221974053 0.3509147759437276 -0.8262941340941159 
-0.6414428427640789 -0.07635138625481734 0.2218575026424048 0.5330475386327237 -0.43953242369816686 
1.5998305530458774 -1.3175152969902706 -0.24301903791541152 0.5991389979707101 0.666817876225915 

-0.12222665838224435
0.958236509223238 -0.6355707691953876 -2.983696625825046 -1.6732462658611393 0.19402987399094226 
1.020251235818507 -1.2754116873055834 0.6734067749420848 0.10929421685297434 0.8125755163774426 
-0.43804986208594987 -0.826351822693219 0.7989357096954961 -0.4284990911589215 0.021520743162554357 
-1.5929464598080045 -0.3918158973570026 -0.18281950242415487 -0.39203290235985716 -0.9447592933850445 
-0.43368716066434443 2.2292749647144077 1.5142647613432219 0.6522423884417539 0.8600565619463797 

-0.11356965501435085
-1.0282274622599035 1.9319295276827582 1.2206078163030523 -1.5346763813937165 -0.9585466080684445 
-0.09896432444069055 0.0454453969306273 -1.208642864708113 1.4826827739527981 -1.0774970818920229 
1.9199738289548312 0.8261765800731924 -0.6255879484273806 -0.8570811986220542 -1.096700366313079 
-0.5885373062039135 0.08487009719970195 -0.06309542266763123 1.7773533160633233 -0.05971597840566578 
-0.9721979553024419 -0.3651282236544571 -1.535570164552696 -0.11829600175367241 0.7570575928011529 

-0.122627946090172
-1.4825806848835512 1.9740851681051512 -1.4900997291567142 1.0141655677853316 -0.6346392652590234 
-3.231899693953161 -0.27911493754003386 -0.42349049368229114 0.4327380753999407 0.46856154745825834 
0.5087086820854619 -0.7696840596712133 -0.8439611138149854 -1.0126528230739333 -0.7946861705607349 
0.04494513125788144 0.9313755011084143 -0.03470051973464076 0.7074300755275751 0.8780107334834942 
-0.7633947097179419 -1.3911448001159077 -0.6500593203623344 0.22452567708543567 0.3332312154519933 

-0.12247584103050509
0.7641713818559321 -0.43344687681017996 0.7459427447868575 0.5900700519579716 -0.5845079409434408 
-0.11031657944918426 -0.8208569945362367 0.6037020192722965 0.019837749205069678 0.48333804557760107 
-0.28777478632020026 0.8926414000604392 -0.7524891810120173 -2.077427360559025 0.20736446633294534 
0.8707702408298992 -1.5214322733700638 0.8508027291264291 -2.1013311241466637 1.0742755987407402 
-0.47575220934799106 -0.19841111925541444 1.7833234997873513 -1.080081559026595 0.033579321656873815 

-0.23715472349812855
-1.0659290432733601 -0.9835795316427048 -0.28237105335943985 -0.9657543887336916 0.49032426826954545 
0.7369945321915885 -0.44402805817612967 0.03528068375693546 -0.6226543575160624 -0.35262891318484524 
2.161717710550615 1.1516345719777732 0.7782298659082385 -0.7761327774803023 1.0848951618981313 
-1.100209205167456 -0.41566479169980586 -0.6849119570664229 0.8918002843981738 -1.014165556727137 
0.8375977259012467 -0.3900970950669304 -0.9777339926980565 0.5403591925302617 0.7615562002960036 

-0.3468072243508415
1.159633760600257 1.084131833648735 -1.1094509783565423 -0.4350058829094047 -0.33299644564656733 
-0.9897104885068015 -0.7108379436497146 -0.9488035859032745 -2.351477548338661 -0.12059496187701178 
1.428225319200261 0.9694593828943017 0.325514361643196 0.4635630599797121 -0.024466465358729754 
1.2995491401617512 0.67114060771915 -1.5038310956595915 0.05759594437387453 1.0123790290189334 
-0.8816875191305102 0.12394773162963788 0.11687931100458947 -0.49460782083278293 -0.17268784809007026 

-0.06709709935883942
-0.8778426711025455 -0.7459207970972364 -0.506517679464941 0.9515342460487427 -0.8035683165461467 
0.34799629684991307 -0.27493245689463847 0.5556963979767129 -0.5204456747506583 -0.5316702669574789 
-0.9725502315645499 0.7019558878646863 -0.762857691073234 -0.5624888558786846 -0.7042054664132918 
-0.9545633008251121 -0.598395642155815 0.3580202401162194 0.028936631069072138 -0.14108677175591325 
-0.24283860530598558 -0.3099865722840559 1.8302976779339695 -0.9088248097359192 0.9064751037034825 

-0.10267821531736102
-0.40738897037777133 0.2347122290668133 0.6250588565488968 -0.894019507706185 -0.32029522085833 
-0.5667043387822629 -0.41071176564458073 -0.8581994207189724 -1.3668312482896823 -0.17596306226273356 
0.5851052531824682 0.5923890571208844 -3.2066433886323 1.3847161660388863 -0.5719985990505728 
-0.7913427503797191 0.23454975023590216 0.3149606432223166 -1.5777338951420745 -2.2951253460648706 
2.102075094046589 0.9620652714674549 1.4759513670537387 0.10743320524272942 0.8987971130987833 

-0.3017545743854992
-0.4103516790397779 -1.5633658943663244 0.2527269565478143 1.5226173289224358 -1.299261860844947 
-1.0042938561672743 -1.2652616257093185 0.5549978592806593 0.5434647291154947 -1.242546979673896 
-0.3218527989191827 1.2214392058324857 1.1823544084530282 0.2623481618713026 -0.47097104530008704 
0.6455306038982783 1.4363479219084494 -1.5788829958003252 0.7786706475713515 -0.8999293134882645 
0.4241082634709084 -1.1844379042873872 0.4626171249599933 0.9504094112211325 -1.0429952808174685 

-0.1067697945519494
-0.9333694568040632 -1.140134175485636 -1.6820791599872218 -1.3948550246289615 1.4474632043037645 
-0.4266024767596382 -0.3054633865068529 -0.3727097213834882 -0.46045953312721427 -1.9572734789354291 
1.0874189815963435 -0.08392447752682351 1.249571787884403 0.8611241242965773 0.047319956440810135 
-1.8753013266902319 0.44076527422588635 -0.14054968069994891 -1.2198114749620859 -0.3410467673869801 
3.204225961864822 -0.014975686200221182 -1.0478263489821973 -0.9805955577211367 -1.1597677394242887 

-0.04356919225490779
0.021766322057505685 -0.4611429322443508 0.6360722881076115 -1.3141709285702896 0.3688119162734762 
2.2044656565510468 0.6713905346670768 2.0099689516483 1.2043624549841214 -1.520216021296331 
-1.7167755422008222 -0.42161953214325976 0.3549593014538984 0.12092776982614849 -0.8383674439741259 
0.11610283013613094 0.020830721806161006 1.0475271302193967 -0.7418471095044962 0.3229347132152025 
0.8486157394044502 0.1683113610664071 -0.6162406750073149 0.6704221691418322 -1.1317805727278223 

-0.2245924605067416
0.9251158841265468 -0.44676664473761885 -0.20964341998522562 0.19545298931816876 -0.5900916555473389 
0.6932852099934501 -1.1684407908990293 -0.4055435521566951 0.3943705225490074 -1.503509744376202 
0.11817358230600068 1.3809370233916887 1.3930815452341205 1.0700316285736262 -0.9804328488257464 
-0.15090240546674602 -0.43977765464000435 -1.223649624436909 -0.20809086753216907 0.8453248459635191 
1.1491540400402545 1.3757354483220623 1.0360937555879899 -1.1368065962007772 -0.22653328343450363 

-0.04139580143863824
-0.9943225731712596 -0.8511340620183232 0.3110782080980466 -0.4069704146132078 0.039977608344652554 
-2.1842732218048204 -0.5851545726826872 -2.444464660565358 0.04976327471235912 0.5988920205492418 
-0.6144131435488774 -0.1358697982972029 1.5780378489517142 -0.8739447480792766 0.2991358426376949 
0.28699725918884034 -2.0122077536125067 -0.20944796801054338 -0.5047595173264902 0.19236041991602015 
0.8937925029043083 0.40793037091108914 -0.4577727645160928 -1.4410701343984587 -1.623030095200726 

-0.10271518174299467
-2.5679131852751844 1.0881486098913182 -0.0569444615400897 0.8986078251418257 0.10433287656165352 
0.044831667203342 -2.767233362385649 -0.31840694721522417 1.0671828664515706 -0.28997854004904683 
0.5709626216711926 0.1249244295247102 -0.1468521765888318 0.11248033097408253 -1.884626830155749 
1.433668892235923 1.2480432704591156 0.13474029905042334 0.9716426667995857 -1.1206459174582994 
-1.828975801672221 -0.23477302898990163 1.038219865125156 -1.396959401580546 -1.2062766827482416 

-0.2947604413398525
0.17655184947293778 -0.7881713608913317 -0.12346551195764272 -0.6773911760918914 0.42153862747119686 
-1.4258889426769203 -0.49719263976599565 0.3857940941837611 1.5624436463507085 -1.2483825664636765 
0.050143894706481076 0.6181244631156996 1.5195093573110494 0.2065294611567768 0.4832909755455377 
-0.6496897525572376 0.9327065793700136 -0.4216555823512234 -0.05985541078745186 -0.8717668552410041 
-1.0325259810777023 -0.560067674662 0.2850571000483767 -0.9334202554098124 -0.4106455490376278 

-0.2050297929888183
0.43102067172742486 0.8146259564494261 1.3822046442953053 -0.2714032551427239 -0.5038268530573341 
-2.616454958110431 -0.9978114593316406 -0.3100397779743774 -1.1830157407189943 -1.7781135370908427 
-0.38238466070334065 -0.7126316610516372 -2.393436874526248 2.6519201034539477 0.7200713521927667 
1.0628708554399093 0.6805719405756718 -0.5345735220412561 -0.1638134361054922 0.5936736540837672 
-2.148221606034535 -0.38022301620528576 0.544418108957598 -0.3059735645082381 0.1518225629181279 

-0.12618858894773483
2.5618385470470764 0.3498081616464034 1.122297936623692 -0.29068105984745163 0.4240544646770158 
-0.49339537434572084 -0.5769846931210153 0.011462025292186784 0.5455638950331636 -1.184762175626074 
-0.593771849814912 -0.29617599754999135 -0.1038459807392297 0.11706113890399122 -0.9632268914832866 
-0.9406627295758659 0.37249641625608076 -1.4056997928939257 1.9845096416399053 0.631851826988281 
1.793575443595778 0.44141106117878126 0.8400883568641924 -1.6202100360866847 -3.0352849448141717 

-0.21036137093149881
0.41595061838741715 0.5058746877279282 -0.5747566883043853 0.3253791114897673 0.6901316293355283 
-1.4574450000939423 -0.9466914536585084 1.336578827279439 1.0696932282163558 0.13789795248073597 
1.1048900352155506 -1.3627175858596878 1.7921234562808381 -1.2602083557222628 0.19143813092617454 
-0.4299223853647685 0.5509720213488087 -2.1332202692059985 -0.3692145557984021 0.9648270788366441 
-0.28638010488111515 1.6544598083195727 -1.1321403634673204 0.16539170103047066 0.8121842402222255 

-0.21972717489010565
1.1864288921991004 -1.8168454608567206 1.6622018456758212 1.0685138868386093 0.11462084174674195 
-0.8620396273414149 1.5946566054762505 -0.8238689494859839 -2.143287916677936 -0.2840846539801436 
0.3591359525934485 -2.185430122151162 -1.2565483397376138 1.1220517863180286 -0.2962240218479764 
0.8222098880812078 1.147555117775325 0.3304590337022848 -0.10503314858064572 0.16206263883081698 
1.1447366185554788 0.9100725921208441 0.5692564109853007 1.1609804239641857 0.5936131229054118 

-0.029632891369191443
-0.5276921594577969 -1.183814365134705 -1.4539198753850382 -0.758627872329026 1.7813737384374702 
-0.11187820148027923 -1.1410509541430416 0.6049680085343099 -1.9201269549293518 2.6254888890711814 
-0.014897409617849803 1.9881244062973968 0.3091418482388091 0.9024859155378123 -0.09868606332985733 
-1.2272386694165276 -0.15825387784319173 0.4876586452733592 -1.0742455577231698 -0.2613437247119295 
-0.12062701030629398 -1.8590397378682832 -0.2733674750633156 -0.5541414386261363 0.0952265746311729 

-0.07515639803249399
0.7127012793701788 -0.4787303869112301 0.7027251169877389 -1.6293679573456106 0.5987341084484583 
0.15124137176565636 0.7029624757269438 1.469095138145524 -0.15089202527346038 -0.09158612328053534 
1.0090135488627698 -1.317985368721191 0.3617190861811249 -0.12564259607986938 -1.0068912566737784 
1.0645127156549503 -1.1066181266961939 0.9764001783528091 -0.839372851673763 -0.05775286469435409 
1.3313689486005607 -0.04092837886133417 -1.3066965217778275 1.047089100591082 -2.319327510837948 

-0.04162743173404164
-1.1795837408552616 -1.751707672465542 2.012305846035203 0.06293418656696133 0.9579513319801716 
-1.3368907690077823 -1.0059125425663336 0.4988104366002207 -0.5448694584039907 0.3250008713938357 
-1.7708069713880343 -0.8660025121134964 -1.2376438548810549 -2.331657599625965 -0.16172852483906394 
1.13612579352132 -0.5764602863943278 -0.7414116056125273 2.8578631832026478 0.2848532406331096 
-1.767225371494549 -0.4333743069065654 0.4820897302422203 -1.7308462939520517 -1.2440778422690353 

-0.06609106654629943
-1.642184907071621 -0.904673237178705 0.29957458109054624 -0.17969446837814798 -0.15115677490470744 
-1.505973529565625 -1.8896473066105988 0.2678621186240107 0.5996638312410904 0.927090994886641 
-1.8602573507995954 -0.5225488292329813 -2.9726510629558636 -1.2487770854215514 0.03159822486512824 
-0.33671609433090394 -0.12688661180154157 -0.6306449451740713 0.36800109610314485 0.5321441825872918 
-0.6655004590260283 0.614251440099446 0.4453659312903334 0.5453121359448805 -1.039722516841983 

-0.25362560786698984
-0.47538586713906605 -1.481616521539596 0.13681835781575558 0.020773308840957547 -0.019390931100542286 
-1.0369305940653186 -0.6338795915427554 0.31287271878305856 -0.2966516091777512 0.6174248027218585 
0.2756241990643953 1.2959454903780552 -2.6746889407865653 -1.1964716471350274 1.8684051123716567 
1.3726518300574653 -0.2948004514458606 -0.1628918544571402 0.44917421263091734 0.03509809797827162 
-0.6896801635288007 0.37696652353349114 -0.8840968536190598 0.46986665095253394 0.49957642106951977 

-0.08975490166079612
0.10335072468584959 0.8365402042437083 0.7331175952491282 0.5272211440889171 0.5427832629138332 
0.3832787067696822 0.5452217575640746 -1.8892851634204653 -0.5254564042677045 0.5240109619269705 
0.6809190389856321 0.21096278211648165 -0.7187682497854342 1.5421918077207961 -0.3010733040827232 
-0.4502810758160389 -0.0128191989450825 -0.9424883410666626 -1.9300741996926642 1.467158432354794 
-1.1431267734750197 0.41830477797325316 -0.4725174175054911 -0.3804121374852538 -1.1686379583312336 

-0.14818111666410558
-0.7811814149723799 1.7684803710805903 -2.246600457474454 -1.0152930349074227 0.4049467672387781 
1.4431137137832106 0.07028802094342783 -1.2247505556949214 0.23877492980472112 0.21296487877122894 
0.3014447498899731 -1.163011496566256 -0.8406798175628347 -0.5953838415204313 1.8436782815177404 
0.14577349768800243 -0.16449866805724267 -0.7041497508257251 -0.5297684017900014 -0.6311164318854674 
-0.6923504129844282 1.4766389723990634 -0.8779324961489832 0.5261716174783146 0.7239368419745735 

-0.13333507681236437
1.9639925555258646 -0.371326246134451 -1.151185382930585 0.7578088501681518 -0.3822526238584855 
-0.17846042749532762 0.42059451044262314 -0.016774265006596605 -0.7230246744247907 0.7181504438945481 
-1.4015206383344667 -0.17629094730853717 0.7652010965702177 -0.8852052744000706 1.0356118545554354 
-1.0891649520832898 0.4826412295619302 -0.7736411167072106 0.039542983407835255 0.0649147833147011 
0.08870863826030453 0.5428372548586493 -1.2667603477832612 0.0571299324355146 -0.247387250813258 

