-1.1173369889296496

-0.34945532484329833 -1.4517576679613318 0.15793099091895355 0.6660637577424384 -0.9906684281132272 
-0.23092975612353567 0.4841119999859607 -0.8221726695149185 0.9606486111261568 -0.9352748086958262 
-1.3582757317325427 -0.30386513535956095 1.6322924912732986 0.9642639839572662 -0.5222081548734776 
-0.37355099805619196 1.4300429862939799 -0.09474159341680172 2.3561089098940733 -0.39973772708869226 
-0.813763005633064 1.5798270755591646 0.9932144765327161 -1.8426218926499738 -0.9250485970023986 

-0.22171672610905727 -1.5200404260272466 0.026060180390867896 -0.13048810936486638 -0.15470002439510686 
-0.6930542165822472 -0.34560889760186486 -0.9163492342054511 0.6459530476556123 0.9089707451506459 
-0.20945444200628732 -0.7033761599692514 0.5812953156579022 1.2012042253144228 -0.87504491826657 
-1.1054885596869803 1.9238214692316626 1.2642658466446395 -1.200731065051153 1.1220395940881347 
0.5211715310510434 2.013798348460699 1.727675495984681 -0.47559919100800957 0.7603957027016871 

0.5886225715394683 0.20026755704061955 0.3462031216144121 -0.23750785793078175 0.9830842209299852 
1.142761301478329 -0.2013535246222264 0.211899045958113 -0.20050955739523585 0.2445425965807287 
-2.607513571398498 -1.4152568470703641 -0.21264194196570818 -0.813427673955888 1.4507555333696986 
-0.27728080331654126 -1.1119572766735548 0.6679949690401498 -2.456420504392722 -1.4050280036240408 
0.5818940171193898 -0.5893673619387639 0.289190390900828 -0.8156382958412409 0.377354887942036 


1.5627115447708004

-0.05092867183908235 0.12744423138971753 1.1347300333806432 -0.6953526636235889 1.1061693926258185 
0.29026486888859304 -1.3397701707673246 0.5155879913599254 1.8113906129844466 -0.03344048036754957 
-1.1950298031193383 -0.2402271249696956 -1.7103662688731753 -0.15635235748090107 -0.36036245698212577 
-0.4353645984040865 1.8286122170674812 -0.6092923205267644 0.1652749761523897 -1.2402364318685921 
0.37114270005301103 -0.25117930129001376 -0.26936773274328685 0.7454722967419587 -0.17370505540086945 

-1.5486130215513896 -0.9498245904066198 0.4407421228479109 -0.37408645786282846 -2.2489207139672556 
-0.2880836234042173 -0.5132175354286871 -1.403216514847475 -1.3738062225449146 -0.5789357743112737 
0.687007351302214 1.8399920325921348 -1.5168667293637483 -0.35601312438215377 0.8956315412607587 
-1.9557414872767231 1.4242087571862228 -0.6305930815418517 -0.2980432707616023 -1.079983091180217 
1.1990688139388133 -1.2471817830777916 -1.6251737132909647 -0.27790870692554487 -1.6331695127081332 

-1.0987799838517758 2.4338123354095105 1.1270314006228737 0.23518010068048303 -0.588331783851489 
0.6154765500052591 0.2130643639922645 -1.5766096985441032 -0.683830657139034 -2.1690132631129844 
0.9668416750797695 0.8371260511896563 -0.942992803335815 -1.1139428190312288 -1.624654033806423 
0.20963365222908262 0.70635959008153 -0.5780459713357015 -1.1395254620075608 0.018586232904045236 
1.3273025170562383 -1.0665886304264247 0.4465252850117055 -0.10978348967975185 0.9229713981684285 


-0.7312958115663083

-1.0166468843931116 0.8210125338848286 2.3489715330184526 -0.25624773328452183 -1.3613278153055497 
-0.21032623615249407 0.37500569763718417 -0.026741209273524774 -0.18040432614548488 0.16137332336157129 
-0.5854685073892756 -0.4082389798327709 -0.9504378047895347 0.5909905049775697 0.17211030011844702 
-0.9990868193933289 -0.2820648896709407 0.7032679257347624 -1.0476266970833676 0.30664815187331695 
-0.5269563249475697 0.985746046417572 0.9832067257867158 0.23797974174702047 0.4942419092600969 

0.5050731563971214 1.433138163889755 -0.16260811674264386 1.7540059363592555 0.447781857983674 
-0.20203991521057538 0.764811802991006 0.3862014255120133 1.267744743810609 -0.7427541870824306 
1.244787952952429 -0.5879223370418253 0.9900431125258934 0.37579109985456605 0.7802859804123599 
0.3365698500668593 -0.5416233729797004 -0.1871542577563602 1.0517686412281055 -2.366278707936951 
-0.0018011703860043513 -0.5558841314193453 0.49020881964240626 -1.4151448097167667 -1.1638911484636176 

-0.5614911513004436 0.21572226575137743 -1.500722087728216 0.22216818529586044 -0.2583587022646582 
1.2826224943942126 1.5680658157094627 -0.19072737756709573 0.7978751207305234 1.1542110317935579 
0.5148798028572413 -0.43529286405749706 0.5128060464125626 -0.8578583329101018 1.6542389715024564 
1.4529023051497267 -0.563388821751984 -0.8509318805331288 -1.404784848567058 1.1710058233844869 
-1.9646864923039293 -0.9467405513740241 1.534967144347182 -0.4140509557622217 -0.2251385275508726 


-0.6872777087269696

1.2770912676777948 0.34117982864065954 0.14336127564603424 -0.9901109054460966 -0.9179709310889266 
0.09665030106481641 0.45179176082721817 -0.14139912362632379 -0.6192375333608408 -1.0221931171228174 
0.1749415889267107 0.09065288744172433 -0.9417853831759043 1.1313275658530138 0.17404459506582212 
0.86255656322213 0.44853884446007525 1.7470377233911958 0.5915241258181986 0.0806482996498173 
-1.3441945449948953 -0.6937394092140083 1.3217485237211117 -1.298505659865105 -0.3107747130489052 

-0.19947699672746388 -3.513702437839899 -1.2485969270049775 0.1768409052987955 -0.11264416831220975 
-0.3061975049862302 -0.5742896180432696 -0.4589758263312926 -0.9595013946630565 -1.8364818747910583 
-0.5528232847847004 0.6620425474511912 0.9846235263456742 -1.0135448220027 0.24806808651043522 
-0.4124688156425854 1.058634935673481 -0.8635109861896433 -0.007610757284243624 0.20247109584418085 
0.22616643553140564 -1.2128786167308487 -0.6368624923598954 0.22092676534052272 0.5747844282972082 

-0.24281777232183843 1.6653892931517391 0.13712319022931505 -0.7648432874087451 1.16154501837644 
1.5349667723015006 -1.3487606767068412 -1.0166357398123158 2.1898814743134154 0.568778358603577 
0.5139233496208129 0.010542128465265341 1.107262090353423 -0.6883467092753902 -0.9854340186436485 
-0.3569920790142862 1.427930031082643 -0.05458394138390044 1.066568197540783 0.6851755798848715 
1.7359492567906798 -0.05704894646445467 1.5534368482703318 2.4613585012196584 1.8018489777505888 


-0.5442778933492769

-0.3785439935860528 -0.3782292512888648 1.5144937403986252 0.4127320985844385 2.1004604280467833 
-0.06514303832562993 -0.4011044210326817 -1.2983351111906867 0.965751886110591 1.1551994190795616 
1.2596077579833391 0.41670019542569503 0.8305373841610871 0.050420802192091586 -0.003594574221667728 
-0.7964946593123466 0.32689795337524685 0.3196688602459749 -0.17921978865389063 0.47528085994712704 
-0.671043694647617 -2.389926974287639 0.5275686700639234 0.944961705089384 -0.6957151467061845 

1.9860904282939777 0.7070924647112629 -1.7256822387756823 0.36887813050092033 -0.20653151594073957 
0.5401355980972222 -0.16155171586171502 0.32274101464033716 -0.31505040425226244 -0.13039637658525283 
-1.7677420369991481 0.9573768997406222 -0.621222914790164 1.2682096202340956 -0.697849285507989 
-0.3409957423306975 -0.36896973261522553 -0.5720666218431237 0.30814931603812684 0.8940066208253954 
0.785960192443625 0.47208371403814137 1.197463918031618 1.0099860216275 0.20270877023985795 

0.2958980850768446 -0.9291599269435356 -0.9410140152928334 0.623787568283753 -0.10382955297677456 
-0.19086660185260693 -0.06012860263526967 0.13431530747222506 -0.5645716906572701 -0.25144162389947594 
-1.3580566529895142 0.15086567033457499 -0.26198610789409515 -0.4278138996117051 -0.14038920560054388 
-0.08699233331745684 0.6913292326697851 1.0536289483748975 0.31327489471167486 -1.0780712482606674 
-1.334051572782714 0.29133899551365544 1.656696244606861 -1.009106931980559 -0.22903194302328544 


-0.8166172461355916

-0.6756235254594337 -0.4961878971908097 -0.010915001886145808 -0.21157693539850742 -1.0640814798492342 
-1.0610316016838184 0.5142422630775773 2.265943415276976 -0.21634465894471946 0.6773041324026009 
-0.7781445352042636 -1.9356576787412696 -0.7020729346453672 0.31148197211399536 -0.8551067438078721 
-1.1163592297644735 -1.06795657816227 -0.6366426085738361 -1.6700414780959392 -0.48648282580254354 
-0.7683301926502503 -1.0431106971337585 0.8094937263832143 1.0382483981038504 0.6298123107142674 

1.8915701615644447 0.2584747434600248 1.703053529250548 1.0395118498178264 -0.8716844916797666 
1.5407398932587257 1.2971908876305005 -0.08801082133000332 0.6809443245970922 0.5334043132815993 
1.0664335247083268 -0.9680222693272807 0.5360717191854902 -0.274385179366746 0.6331832854105885 
1.7055574633763122 0.583050273486529 0.7218230792161102 1.5766773439500437 -2.076723357557054 
-0.00846245171219256 -1.098606850317599 -0.9424969908806977 -0.5310179459029438 -0.29172422824899513 

0.5090935589310221 -0.5203946942335084 -0.49190639102675926 -0.781027580174646 -0.6768816092268878 
-1.7889500278205535 2.1836557776394336 1.4609737539265457 1.7204062849503858 0.1940731067928287 
0.3115252396864458 -0.513713153625635 -1.9510945453474273 0.8370645512358522 1.0290123923817343 
-0.854827306293131 -0.2505800876047604 -0.05414616347452991 -0.10435469997140794 -0.1613191489417807 
-0.492931939330855 0.8127486182641727 -0.07078142558831092 -0.5274922117989194 -1.169350500660252 


-0.6747411561501733

0.022304489203383102 0.09218436048109697 0.7403069918345546 -1.105660673186796 0.9170569834578624 
0.07260084419467994 0.24054663395555978 1.1470404739492512 0.6015874051045834 1.4045196118155538 
1.5310452799841232 -0.3428000131166056 0.3319826807788959 -0.6871620966235635 0.121635004193801 
0.5531273389177142 -0.22091304173678813 0.360310487009735 -1.120010244677101 1.1846515120129315 
0.7427793058560247 1.0096118285054145 0.2714450429745004 0.013419387956935015 0.4290898706154346 

0.6000859024439578 -0.033754604589350874 -1.1836256855214489 2.19917363623305 -1.4404142084366187 
-1.1260849960057677 -1.1993217463762404 -1.2442648275355073 0.33164498441760953 -1.3423131579086838 
-0.32865721991876795 -0.7388861364864775 0.17669887355285727 -0.5639967438946226 -0.2704507799696719 
-0.6353460662678521 -0.0335311703915074 0.5975384300100214 0.4062579541634828 0.8588253310044761 
-0.6748477729313023 -0.3752381455209809 1.216026649398617 -0.5890642007037038 -0.265434317044149 

-0.32416760148747503 -1.2696469426254655 -0.5813386020929127 -0.13931635950099988 0.984108569993143 
0.5057281207535327 -1.158382243571558 -0.8192586408627357 -1.0192849685549292 0.5612019012748137 
-1.571330086068953 -0.08320869566990619 -0.20486271149665716 1.1951943173197284 0.567277755394953 
-0.4451441535379113 -0.0351533578356148 -0.9716158587487942 1.33852158621024 1.4099621312653017 
0.023419441929034335 0.7401700511398883 -1.0332880334087768 -0.7609042128726072 -0.25636775924908 


-0.8665889044785879

-1.123617536063433 -0.8447394031395915 -1.1552291852314729 1.1112279067018391 0.10884731530645714 
-0.22668918571774158 0.8988342082485867 -1.7206880633078856 0.8025328907514385 -0.17153888922821792 
1.7530708799061667 -1.90007925240845 -0.8795498171325483 0.6402081431656863 -0.2912645615614875 
-0.2570110385982466 1.3985300823335762 -1.2965357550984102 -0.17305317131009051 -0.6573182091021671 
-0.04054705046095238 -0.6130010727334246 -0.18045030572443627 0.6269144004817576 1.159427810954282 

1.0013755895807932 0.7364949377760172 0.145516061674885 0.28408757924256084 0.34930022366922553 
0.7873617433214876 0.6735965714996555 1.682077404153531 0.9297957097341488 -0.6004095740346521 
-0.6136306302971344 1.4773620911589647 0.42653376061123666 1.1342623014813589 -1.110942853563039 
0.18376558637588353 0.67288063448209 0.4965930962446739 -0.10453118269285283 -0.09896634589818928 
0.3342840753120457 0.6471719278788248 -1.7179802333015068 1.397730271345135 0.5274295695593841 

-0.9427656477012668 1.2962384732899204 0.21591559007334296 0.2949455216666681 -0.35841256272936184 
1.099257724001523 0.8273760522389425 -1.1089747399707122 1.5104434250668337 -1.9858193155379444 
0.6963290326290137 -0.11687390816763536 0.8172586024650648 0.6418893163397719 -0.08477381011518607 
1.9155810227107442 1.1670376081499891 0.3971936295286684 -0.6140549577192975 1.1070938113344226 
0.48804225006138074 -0.08402862515285438 -0.8311582130475681 0.6490777939278546 -0.2715539630932196 


-0.6177243155379535

-0.8877603131174029 0.41594659053870087 -0.48470696603353797 0.865326765249335 -1.011670488801699 
-1.198373268335636 1.9154606533923797 1.6262717086553327 -1.1715840081879654 2.18321229693947 
-0.28720546371280037 0.25320962357298243 -0.9681773755992644 0.6691753256682856 -1.1538226410347519 
1.6528426074068 0.70645933444255 0.7405462419932423 2.435058535036169 -0.5458091599529147 
-1.5301631913028604 -0.5336529929355919 0.8974680849278204 1.0884107580173357 0.2566477964780538 

-1.2239876286403666 -0.05171028787996291 -0.8330236853500255 -1.5906260586225653 0.1463745732888724 
1.6575584660357692 -0.18006890167442596 1.1087156295946892 -0.24568282031515987 -0.8687142148178337 
-0.6951539792128723 0.08534940547726355 -1.0428061288886217 -0.2740216534495051 -0.3649015491481755 
1.0668179481471611 -0.3168389716533979 -0.5445368396687839 -0.7036752532886512 1.0893229066986865 
0.619069485799836 0.3263067696133615 -0.8810903178313396 -0.16576214774466164 2.101601819908362 

-2.0671558200306017 1.0759044880859014 0.004911407087053314 1.7332766155081623 -1.0340193722516025 
-0.10170928816101697 0.1755482357396107 -1.4473782817580607 -1.158467577231878 -1.2256384282212363 
-0.4408684737795772 -3.192352481250132 -0.25000367331747914 1.4590076279032675 0.7957378484024085 
-0.8830268061390053 -1.0645865190928159 -0.003567715201321669 -0.07839748105470508 1.896481039772442 
0.9654905903213267 0.035169587415948785 0.1499503715852691 -0.19458817741470005 -1.0390307362266018 


-0.8921628923555271

-1.5103711444274828 -0.8609009971074005 0.5474511996447482 -0.5893222063443921 0.11368273679535032 
-0.17989561062593018 -0.017985769544325833 -1.1433427943848093 -0.1508463112739915 -0.8181538475903843 
-2.258733821734113 -0.8002061770009236 -0.2604245911302771 -0.5262937879058762 -0.5127012227666026 
0.23280893345865666 -0.9347007280632167 0.1162320694606261 -0.9513198533162526 0.5081884036790129 
-0.3999584224242009 0.33016312490804695 0.3327714641161691 1.5678915001603901 0.7913037082764137 

1.9063698507542184 -0.5771703957440365 0.3367870464385197 -1.9826109394643883 0.9326830346664993 
1.0035680496901667 -1.705163697906156 -0.4253927041061138 -0.9994736924423856 0.2440722917239779 
-1.654005469929113 0.5759592196103481 0.2119966042664577 -3.2188038529537533 -1.4657454014511169 
0.46529629844359444 0.858188607243388 -0.22738223981183311 0.45042257949867986 1.0581786222572809 
1.358115640361264 1.1183931735421202 -0.4981803226308341 1.4897087354218603 -1.594271851524727 

-0.11252136602358383 0.11780818543790565 -0.8034852966062124 1.1661170819731612 -0.8257392098974818 
-0.32461033799752537 1.41990285697881 0.3086658617679663 0.19233232414255988 1.2114069874873161 
-0.4700732889986317 2.136439795956425 2.203597148460417 -0.4404030711269462 1.0226713840965596 
-0.8070605022246412 -1.233513981004665 -1.1889122594635133 -0.28865784937134414 0.6231809927273205 
0.9820389717213198 -0.4669498838088584 -1.3597064014195674 -0.1863232574603164 0.47858369987685 


-1.1372175077822027

0.16867343481904043 -1.2595197087541399 0.2948431166841156 -1.2904280248684405 -1.6535987032596227 
1.049044792089748 0.4590011475096015 -0.8996033643356995 1.007681733965768 0.13204971183232803 
-2.845526172684236 0.8739376149952769 1.1515204597047919 0.20787748288195937 0.5454698224613115 
1.3166023155905622 -0.1999998556405501 -0.8578163104996271 -0.3392615355108538 -1.1546556757251383 
0.4144070919992402 -1.2689299939493945 0.7762334687503928 -0.46852592261867 -0.49411550076608685 

0.002725492860385169 -0.960918135841463 1.1746883069407168 -0.6684414292935318 0.19830720354237957 
-0.5312270569139221 0.56598902650577 1.4207603839953473 1.065502022197785 1.1450546309600447 
-0.1380702605769525 -0.07625631238435993 0.4483577328100343 -0.5237627078096248 1.331436420076095 
0.002653764472091724 -1.6252085552101534 1.7141899458923837 0.9074925734882485 0.7311274969179754 
-0.6995317481469249 0.6451684405188968 0.4786310183990042 -0.7626771924331982 -1.3924213236387621 

-0.7418445221972951 0.2490563732529327 -1.7413137475446547 1.8832956022119216 -0.40750407161650426 
0.03979861949421304 0.7467430089843865 -0.2543766659884788 0.24560442132032081 3.146145771377949 
0.9414743437516373 1.1183831588559425 -0.4381472057139282 1.3273751592488698 1.2939198480957899 
-0.05855269612217567 2.148244642686872 0.8470769244966904 -0.5678401012041883 0.14225104057752821 
0.4050034474259837 0.35637539728429796 -1.4622563609225847 -0.7870423446530392 0.8856839395195982 


-0.7426829889285652

-0.45887631616830193 0.16267021052511305 -0.9760860523738107 1.4772316593327668 -1.637073999752875 
0.5083997168701555 0.35659728348182074 0.9016541003312926 1.1151853819607833 0.63926743464573 
-0.5961729994139351 -0.35994435076784587 -0.11119476427855261 -0.5930531624876301 1.2350245055079196 
1.4318051884175353 0.32019975210327994 0.5742406335065153 -0.07650916938529106 0.5267142365407862 
1.5132009875876946 1.542784524963201 0.9872672964882557 0.15654904122922747 -1.6365338160167482 

0.5742512224151539 -0.06604580429178829 -0.057214073841209204 0.9566699263164967 1.119037294029584 
-1.6193794498628553 -0.6452957899451317 -1.0770650752830289 0.274207296172488 -0.36709562202507984 
1.8725607640626296 2.214951610536281 -0.5453348951404628 -1.6999718849307885 0.37913783796368583 
-0.8728592142035105 0.6531385638276893 0.6545313377239127 -0.029324514264959828 -0.1586956897414201 
0.48865398002882254 0.3244725348960014 2.0821992172151376 -0.737659128971072 -1.1083605410079151 

0.8681563741290356 0.425179766669984 -1.1961602499547204 -1.4932317051771014 0.3282383101818584 
0.1323795417456795 0.8523341794718496 0.2949458704949082 0.8150623971957128 -0.10402574859878151 
-0.2212953961396528 -1.8486889908919832 1.4628200577526411 -2.066770174003243 2.328277850537197 
-1.6469415014019366 0.24344200770631755 0.8400383882488714 -0.39188121098927275 -0.16459735607016296 
0.2225539906346213 -0.6563963162425439 -0.11188618727561453 0.6220051198283768 0.07864769262114044 


-0.7427696774385745

-0.12590857649982534 0.3060454710324305 -1.302217027653595 -0.10794922872583389 -0.2739524509481337 
0.4216794034165782 1.3035299250690002 0.2245622639184584 -0.8975203017532667 0.5854482638821943 
0.20084363943752462 -1.8459670558217922 1.0823479816308146 0.42310504636168766 0.31583530106054364 
0.4540261506593109 -0.5211962802275911 0.5683790542428636 0.46242282413999414 -1.133808998459874 
-2.224551216004595 -0.320580063960523 0.028081451695613338 1.348884252172908 1.0971039455053329 

-0.05544795322354118 0.1134875834578503 -1.052345691263236 0.7459586554395674 1.0048811393826007 
-0.2549379127741759 2.4415416377912176 1.1348279243432149 -0.48327018255005966 -1.1233910139568313 
-1.3266493544151812 -0.46209192237667995 -0.7826613892155716 -0.8878983072757393 -1.827015686889205 
-0.24836029395593473 1.3134474481632887 -1.3730630884106954 -1.071148670277982 -2.030315896698014 
-0.20826519872174817 -1.7624530425659928 -0.39883366544420673 -1.3900115446554817 1.3749995456659558 

-1.5475424549022794 0.10508255559605106 -0.4243344714320025 0.6278895852321295 1.1778378223864885 
-0.0752453609779334 -0.24875211247972426 0.7879966327215203 1.5802875714257263 -0.3428628992989681 
-0.8539055487302741 -0.16120067354340753 -0.4842641500210614 1.4664627318966292 0.32267767107691464 
0.8463919682057731 0.261839639398811 -1.296214844131534 2.1356652834183447 0.05095326764996694 
1.1964755262982725 -0.6131091942092516 -0.8279273200923122 0.9337602537455649 0.7881850936650925 


-0.8831298118226018

-1.5372215586276472 -0.33839688410446467 -0.16014403639913352 -0.045293593339329016 -2.2750906973913496 
-1.9146891873309504 -1.0114667272586721 -0.5633942014138419 0.031139786713071636 -1.175012686886314 
0.499240084863294 0.24320117859644155 -0.9752837764275394 1.8294413166595345 0.9394599382621523 
1.4299446334939558 -0.6704178264711078 0.36408817594645976 -0.38815044058869447 1.7219708209975806 
0.8593949575727344 -2.4829974465883478 -0.5383634070202715 0.5154241468562599 0.21995288548372713 

-0.35064857491667223 -1.7448116254050556 0.6737263493862821 0.6639633757510096 0.1056207959519052 
1.2261007408925675 0.7227745088041899 -0.1595121911747226 -0.8256452717408008 -0.25599039282025277 
-1.8382429921736017 0.03851159859118584 0.3706317784878901 -0.707327979981532 0.8357602147615635 
0.46800633538837066 0.47386849091990396 1.1046773879736858 -0.7065488615978559 0.30354927756119937 
-0.19259663077932157 0.10252334313193244 -0.11131467699529822 -0.7874570167303481 -1.2826121924543172 

-0.6057813654080354 -0.08944415485159625 -0.27059276477868544 -0.18828256191012357 -0.26717894453470237 
0.19222132022525693 0.23612886569507177 0.2297750920555694 0.08621499275216556 2.943157530960872 
-0.655712899682944 0.8635459750045656 0.6371444581375675 0.29571235529287254 1.992610449857421 
2.0711772800813395 -0.45472233420095565 0.9923273377181013 -0.7661656406150197 0.6166696879823971 
1.542769586418301 1.1266959227910698 -0.8456785768901801 -0.011927012846359865 0.07390336420933315 


-0.8763509819247579

-0.5551205064905267 -0.7988066083699653 -0.8430021030675838 -1.2972069520030327 -1.65145805064334 
-2.3316954263304175 -0.23836593453307078 -0.5114686909633249 -1.6919221044909492 -1.118115161588068 
0.9244382677408235 -1.8268714947508324 0.9339604395945817 0.16883737510894659 1.7976155148631716 
-0.4265081232933079 1.301921654762871 -0.5469255523782786 -0.9758955968101317 0.9539360911348749 
0.37460527564154666 0.5206578299788757 -0.682191858195303 -0.23786444822379818 0.9679417672052696 

0.8103729750227654 -0.09092261603007264 0.009907499956512753 -0.34735628283946157 -0.903657445574245 
0.6027444814771161 0.7436122946388366 0.4129353808207767 -0.7420732658547977 0.8819509118784421 
1.2205017187527591 0.39730434735400466 -1.5868041706985858 2.986616082763485 1.8940222024762456 
-0.13362195536168955 2.010945899122199 0.8175353329743924 -2.860196935229256 -1.4048063143662903 
0.45074752092972875 0.3290901903866605 1.1997924442688586 1.9473897532712647 0.6910056499608328 

1.2630384316929573 -0.53411606820512 -2.360647822826351 0.9885439896783157 -0.5803734128140475 
-0.4155977297207115 -0.1568942128601258 -0.5679195363028483 1.614119401245905 0.008421665775449711 
-0.15648915866945723 1.0669926372822325 0.342335698084744 0.20769406547680436 0.195953464335446 
-0.016031064284695844 -1.6843872210423996 1.189016132063125 2.2278680752150537 1.1925459157634886 
-0.1524788439465021 -0.849209112036872 -1.0279661790515127 -0.44891602369534944 -0.7778978083038193 


-0.7302999879780856

0.7863000328728037 -0.21993834059571146 1.0175840629202624 0.597898017052051 -1.2296206905326317 
-0.4242358295597012 0.6789249296251244 -1.7843378094989932 1.4511866364848787 0.48463871905486644 
-0.0997794384425982 -2.512339273588947 1.8828306229329634 1.577324413387296 -0.6499754023312179 
0.6475200076579175 1.8775295742546338 1.3604134595633932 0.38935340791379486 0.06568613844722572 
-0.14159859393515253 0.7832894037044799 -0.8637658823380769 0.16724415321480635 1.0456146544723328 

-0.9012442590547937 -0.3013938503584165 -0.05139847658248773 -1.207265978659663 1.9543722120165608 
-0.3411465068576832 -1.3828770491515718 0.41807864783605925 0.16598683577481138 -0.9698966988860096 
-0.23350772957958463 0.14099082675076036 0.9100022747399064 -0.520298505469832 0.09397122759783201 
0.028684894672316795 1.054189616237295 -1.1984848375270176 -0.5350267101173346 -0.605523286427428 
0.14215722835976807 -0.8103788430882563 0.40082855606396606 0.012544571285122 0.5032422390031932 

0.15869337354031154 -0.6986149976939551 -0.26678859391746984 -0.12810951014393435 -0.8575963241745818 
0.4082182063087228 -0.17233296819900865 -0.2892127603020988 0.29794762694083393 0.7207371901404455 
0.8131454172407654 0.12671393750934923 -0.4426033389798425 -0.5826017088820045 1.7593893515919259 
-0.07308834324749718 -1.8537625587522777 0.6184394471387048 -0.24391217660046663 0.7219927476011648 
0.2904863127614305 -0.6771218387861572 0.3550840719690427 -0.3881867026525881 -0.15361359270466018 


