-0.006795888329184831
1.3828841226651998 -0.26907558359181855 -0.7640188297151739 0.11936367125411812 0.2606456780112255 
-0.01417059616421995 -1.6098413996780876 -0.5452328537441079 -0.016781238114063117 0.21852318294743195 
-0.033617861716803366 -0.9982272835571732 1.2037237019346756 -1.2596235939744027 0.23093564506846725 
0.07721970807934375 -1.1191102025266253 0.9601718139533676 -1.0606632498517616 -0.34892852547671177 
0.4128552845442803 0.8414460779683637 0.8961431524643404 -0.22605985096607942 -0.5335542352887127 

-0.017392689916646744
0.45879639822537616 -1.640269479281943 -0.6724034643252199 0.09331759319402498 0.29178391242264795 
-0.27140043437292155 -0.4424904435866472 0.26922279287430484 0.9176603350928413 -1.3500161595127371 
-0.9405692619233716 0.47879014658313984 -0.42879071004855374 1.0041068319991615 -1.455589538930983 
0.8436709788072948 -0.2583975028156286 -0.17555066353929116 0.13664506225119571 -0.9052569951195263 
-0.1526516189754544 -0.23418545618732658 -0.761100263778788 1.227945304964353 -0.701286254152901 

-0.011271137443132484
-0.9133721250581718 -1.5738712575569198 -0.04307124144111927 1.8244797205370626 -0.6703004669281051 
1.873043654175542 0.34472474871111247 -0.4070795392058874 -0.9846582645185056 -1.0230136946391992 
-0.1406189715358914 -0.9341550196035637 -0.5070941512717942 1.237589683076954 -1.5529546292482796 
-0.5304832964764912 0.4692389785264157 0.09412938061400412 0.18352440544235346 0.4201846759214021 
-0.8201077906200976 -0.6355577256805344 0.2992803378248445 0.5387566213924401 -1.9898521499836204 

-0.023420773606897042
0.09149158877945775 0.20856324869894607 -0.668601445576649 -1.858338141072498 1.077964253873354 
6.029385887268465E-4 -0.6401550380249332 -0.6290289383685785 0.2661661058483518 0.2601197420994416 
-0.5878883148745919 -0.3376250695628277 -0.2309155046306557 0.3479177428587242 -0.7502502095872388 
-1.4094020798773277 -1.0510950829097616 -0.0158235350700596 1.7555773245413437 -0.2793519245482841 
1.584250767327285 0.8083492584842334 0.06684063044839464 -1.8097367307072736 0.1975427052330114 

-0.02731497164469519
-0.5147420531265884 -1.2871444980025482 0.7741778327223404 0.6660140206390434 -0.12676015910997324 
1.2198054852988383 0.21577400810149147 -2.07809832048128 0.6357180986982162 -0.04156855241258374 
-2.0628646967883006 1.066478572573506 -2.2838812386976985 0.6793497706149388 -0.8457340970934123 
-1.2854191352630318 -0.6019220001000409 -0.7141979630413143 -0.2959138212034656 -0.29007814555727385 
0.8820647553237001 0.5933667149417572 0.29093305805930286 -0.09488895899002268 0.31368660204238735 

-0.013188334555911948
0.28784898429291267 0.5424134528716433 -0.2872429810985788 1.1068672624762903 -2.0791732773937306 
-0.30330209308543504 0.6784373281863731 -0.2256276046855492 -0.0085346415401707 -0.22701553142646083 
-0.7208343325742208 0.6891296980570906 0.4343593253448191 -0.3924905808247407 -0.634698307822915 
-1.5780939893300217 -1.729569187863528 -0.5638989256253945 0.06211179339686542 0.9408753059159721 
-0.34854324564547345 0.03588244087804316 0.48827368057989556 -1.1897431687831577 0.4995860889889959 

-0.015454501633135333
0.530431972531528 0.20329444067035424 -1.0403844958980173 0.3645126464226725 0.22880293519388822 
-0.022869850960897487 0.7311618538752026 0.9610093901772366 -0.2431229271663274 0.0085822665825568 
-0.8289591220643653 -0.6990047967304265 -0.05802374326135187 0.1693034266759054 -0.7822857455081466 
-0.5185893883307047 0.378286593279757 -1.415461288190713 0.42520231808500797 -0.35045840730946753 
0.2534002339060458 0.5817388026517947 0.8896572464861406 -3.1216493906213976 -0.14532855812470352 

-0.02216902866369116
-0.6143508844930643 0.17483651295067082 -0.7984431795653598 0.9799424131416842 -1.4176577831420634 
-0.11076477249156093 0.5874757362682546 -0.48113208309472805 -0.13550651743782077 0.14513144551500085 
1.0974138317790259 -0.04255861296850001 0.5346861360988487 -0.7962516971301125 1.0624400815516977 
-1.537601084406998 0.7872243071400213 -1.5621352146526764 0.754242358366218 -0.7288088263687506 
-0.49264690972368874 -0.005462695431590574 -1.77636545730899 1.4753187606407567 -1.1831978823705107 

0.0012807050768483253
0.17222291524880431 -0.5269958001330647 -0.5498322763556946 -0.48807550307622033 0.4574843708091 
0.6417210061222255 1.087400122277584 -1.1475954801844468 0.03173287821923811 0.044243689140458724 
-0.8764574032169327 -0.4283716811261096 0.3957383190023479 0.927111501602592 -0.4638332716438161 
-0.8630079935889272 -0.42281741941134393 -1.8413196617629501 0.33574553353865777 -0.8557666145602453 
-0.05018669664924736 -1.2004941368884252 0.5123065937301624 -1.114179582115568 -0.034078190998001204 

-0.013912036122350356
0.17810275108194915 0.7472314545247237 -0.9466169752501725 -0.8051817390973436 -1.068755132803202 
-1.2713384446580136 1.0361691145811895 0.16873755794037185 -0.6674505721696178 -0.11755965387189284 
-0.36194483350667617 -0.2429957082734261 -0.48976411195612046 -0.2928858343498988 1.548804363199811 
-0.5375529149058701 0.7449861786126588 -0.40598109627846185 -0.3000601493037953 0.3611472189070115 
-1.3209533792917127 -0.9792705542756971 0.02926420488682599 -0.3512784395914943 -1.2827429226436764 

0.0011902449137886398
-0.5258812147929774 1.6536537207009874 -0.30803285435736516 0.2814698346058592 -0.22173325738649263 
0.2566171511988834 0.30748799610716404 -1.4083970321076036 -0.6470361936231449 -0.24545655897985647 
0.21633640047476174 -0.5684493723240079 0.4318908654968365 -0.055636977777896474 -1.6762094999605146 
-0.5224273889068618 1.354397019468131 -0.1967127206590769 0.3840165331177352 1.0664143620212563 
0.3472405533355598 -1.164898332929449 -0.04961625846604804 -0.5113643856787328 -0.5244574344033498 

0.008832202351191334
-1.2820524650333018 -0.6295019976193879 -0.2584559807401944 0.21153149530193188 1.783691137533335 
0.7918282452631673 -0.06384713046072153 -0.6744016839499776 -1.2395221860832555 -0.3402324437313941 
-1.0235030361351487 0.38025830625664697 0.503124006794427 1.3879276593712426 -0.34147455671331517 
-0.1825294930123261 0.4884946825053839 -0.04544095406696158 -0.2974440539900156 -0.5198458979319662 
0.5934630436479148 -0.9887617119316479 -2.260418338610367 0.38069433673135067 -1.2490077579373613 

-0.032843614736891465
-0.6292640697947738 0.4971911314156568 -0.10544397768685763 -0.7831001859871943 0.372542431061314 
-0.06678485848373261 0.28669299935034864 0.17832227749606253 -0.9252738324756559 0.7203358029994148 
1.4046363257898464 -0.21562784871686877 -0.7135445807475403 -0.20465644625958782 -1.9966857691964208 
-1.5089429020809453 0.7543191673829452 -0.5235730101438786 1.2244168099227268 -0.7055289432096389 
-1.5181640824249578 -0.7202010630761804 -1.1531049801788107 0.5556054850454524 0.20659646807035315 

-3.673276700205283E-4
-1.0288610715291422 0.8619280392773682 0.7181846739080388 -2.001133656231267 0.7098276528219478 
0.6095346673579655 -0.1167310406314373 0.14039011244819793 -1.8848965748773814 -0.46045603981597827 
-1.9240601646963913 2.5748914249275954 -0.7320212364062821 -0.6471294096834566 -0.4534929471786525 
-0.6695104606080786 -0.4520943886880701 0.21122574507390499 -0.6737873688830376 1.4235985067643413 
0.8713570008821095 0.04611367698897448 -0.5777444801290638 -0.8932035009522694 -0.23652120982568162 

-0.015750302390011284
0.12572828321535598 -0.2911804653022424 -1.5823128765179943 0.6292818676851961 0.8961456522932477 
1.5893679164139303 -1.1749576980873082 -2.00339407885837 0.040024567556358005 0.29734845293174217 
0.849996026579653 -1.6068194017932018 -0.3150421450082618 0.23675906428497115 0.9810362652077947 
-0.7528856560591878 0.47578382171973616 -0.2950820677197459 -0.6845315837738197 -1.6397554716242304 
1.3764127707149079 -1.2357264563803343 1.2441892477328638 -0.3044853893933429 -0.881964611547942 

1.8079960391889803E-4
-0.37127012758797884 0.8731268452934215 -0.6402289882820824 0.42423471944335206 -0.059728999686718104 
0.5893621136595384 -0.29535446711765306 0.1537934693946158 0.4109873895806486 -0.4220410117258448 
-0.6996812887227636 0.0488180522319269 0.46822054105978034 -0.6644964102986938 -0.04237084325513259 
-0.009902830905947613 -1.1176721575630795 -0.010077917500977572 0.721410043779108 0.16178699430062415 
-0.06747286393511853 -0.21664428733681404 0.5037109285863608 0.6839308161250091 -2.2849939194155118 

