-1.1418107324755575

-0.3478044011990637 -1.4524553800418825 0.15501091223881025 0.6647672201680827 -0.9885744656699054 
-0.23369408569937686 0.4817636583745809 -0.8224202218163358 0.9584770906142633 -0.9324263838037385 
-1.3596431675053327 -0.3055189358392358 1.6263456258894022 0.9552205898518011 -0.5211572452933737 
-0.3694883315113533 1.4327490584780487 -0.10093379996530158 2.3548886596052796 -0.39812966495590574 
-0.8066015027961763 1.5804784408431372 0.989747973483617 -1.8407000626579477 -0.9255438540506193 

-0.2223436611847562 -1.5212499421319967 0.024282624626001087 -0.13037106058316703 -0.15231360572811878 
-0.6960857316813192 -0.34829453207253663 -0.9164223310469901 0.6455021415210326 0.913996918934282 
-0.21190003457851414 -0.7046178636256442 0.5738770831063574 1.191149359317334 -0.8731667701701908 
-1.102690318528889 1.9282845127996624 1.256767227233933 -1.2014074124335958 1.1260688327828827 
0.5270738986434109 2.016248991688396 1.7229634355357841 -0.4731001790792842 0.7644114088396842 

0.5883601723385979 0.2005697151358044 0.34457498099860034 -0.23760896395748832 0.9852464598940817 
1.1404908063950567 -0.2060034479047561 0.21008020625073187 -0.20072697198750528 0.24762385038503446 
-2.610233203079266 -1.4155186551406196 -0.21810798598802994 -0.8222827175868072 1.4540937080816747 
-0.27512533449710547 -1.1093393658700499 0.66448321049688 -2.4562172976800736 -1.4012770128611205 
0.5863934298197154 -0.5901927997268875 0.28379917622492257 -0.8124059182987801 0.37875573921209055 


1.642762951527296

-0.03674395335015294 0.14459606404413616 1.1361990235009067 -0.689654759423541 1.0908839173157914 
0.2948438292785861 -1.3420710283957222 0.5087980437728566 1.7965743277924835 -0.05509542915285133 
-1.208103569833904 -0.2625398853103906 -1.7053730069275934 -0.14603749562828866 -0.3744568149444825 
-0.47559842208921393 1.7852266558139696 -0.6139992137181912 0.17486259924440337 -1.235915700334863 
0.3519174059318848 -0.26095002341771123 -0.2500052283653747 0.7724613163382855 -0.13875190947027424 

-1.5089282196708333 -0.9258313823929247 0.44269975814788 -0.3718034127634072 -2.2556231838719802 
-0.2858869457800403 -0.5208566783003485 -1.4133471636351036 -1.3853012426460896 -0.6042395190995391 
0.6876895363755748 1.8083826418743172 -1.5137569236334916 -0.3747371420996991 0.8647614762905674 
-1.9840451673888235 1.4001069542392874 -0.6099831439387158 -0.30594719620168476 -1.0877043246489122 
1.1784744862016596 -1.2464352961707592 -1.6039951923440254 -0.28863874659650735 -1.640831901928337 

-1.1016373092120817 2.4377424161152264 1.1260910125012684 0.2214649772578722 -0.6343242475162436 
0.61468479242058 0.20269248833290895 -1.5549979667335687 -0.6895400002349378 -2.224775185877388 
0.9713945042544865 0.8221593537670682 -0.9364435107380678 -1.120570220696084 -1.6566359759414915 
0.18453763782683413 0.705659993026298 -0.5567706886076831 -1.1512622614547952 -0.0017604619594192177 
1.3071418988414525 -1.060184174743138 0.48368997782479234 -0.09873455472471057 0.9317925807338178 


-0.5939051532412871

-1.0135089859456305 0.8252228632380275 2.35182459979733 -0.26071202534975263 -1.3692355544698307 
-0.19653994820073162 0.387217485975115 -0.023163761010181087 -0.18401900371289792 0.16246627549375842 
-0.573455921378829 -0.4069493864697657 -0.9574357511781494 0.586379742810391 0.17217523061693552 
-0.9987751871599225 -0.2852605557782485 0.6963938711805316 -1.0462627037656338 0.30549125561392104 
-0.5318227409246241 0.9932380446944529 0.9882242793458176 0.23798068636918404 0.4923357768177148 

0.5121149563133733 1.4375232958537125 -0.16234288767613145 1.7505331142436442 0.44566673978160937 
-0.18490329349627865 0.7784778509489712 0.3865682413449498 1.2645254655317313 -0.7390235582784198 
1.2585889479414232 -0.5800728351099524 0.9873006999932612 0.3737212062582735 0.7801521263609612 
0.33714681493466503 -0.5465620791714809 -0.19619332631702244 1.0444268572253794 -2.366318997682095 
-0.006721583827460869 -0.5594706477971908 0.48551253990218557 -1.4276550092477736 -1.1705190959058838 

-0.5535581387694216 0.22280524039769242 -1.4988043904649913 0.22205896989093307 -0.25407479856619064 
1.2992899365263852 1.5792322777436196 -0.19446813031710844 0.79319385341463 1.1623398410652923 
0.5348893683879469 -0.42342179955291226 0.5063370252601246 -0.8659240138739431 1.6553349226138656 
1.4532876429118728 -0.5686042295683561 -0.86473542697772 -1.4144643127007746 1.1628377710939577 
-1.9752720038980118 -0.9552801771239374 1.5231473694947772 -0.42514135408444353 -0.2317642831152036 


-0.7325855649200709

1.2737160604896096 0.3414571139994937 0.14396462287813622 -0.9848166453588971 -0.9080356483527338 
0.09824061093836364 0.45042645843633966 -0.13983869988335904 -0.6151293570756797 -1.0158889446895587 
0.1800022216156601 0.09136350608823911 -0.9442265519796724 1.1309916757648881 0.17666039067984404 
0.8598796069933095 0.4445503955994763 1.74956609634547 0.5920449493977028 0.07929091075579679 
-1.3502750067742073 -0.7032871373196719 1.3244515296182817 -1.2929864747914805 -0.3106198185368306 

-0.2026808406601442 -3.5095071655958248 -1.241586394105371 0.1832218377278045 -0.1041441518237811 
-0.30352607070558985 -0.5744304478635663 -0.45563800624013095 -0.9547999389907404 -1.829629994287147 
-0.5537716099689446 0.6559276777425894 0.9841330554239219 -1.0139392005865604 0.24447512801599405 
-0.41896463665606937 1.048525604688122 -0.8586216668819683 -0.009634423263719842 0.19279221243903755 
0.22064125971494028 -1.2253126853502487 -0.6325081987727548 0.2271313507542515 0.5728710878213414 

-0.24563897785541175 1.6671042346618417 0.1413426344282595 -0.7600311525061262 1.166875580161068 
1.5365407298336413 -1.349524607651857 -1.012964387903754 2.1929656473423873 0.5746244138447165 
0.516088108042341 0.0035038885718126985 1.1062973284283915 -0.6923292400335276 -0.9890543942060708 
-0.35927273726932796 1.4178259676912672 -0.05348357528039695 1.0667566011947642 0.6780804057807115 
1.7306959142039264 -0.06930977767407491 1.5544384750311304 2.470810182835163 1.8025267307389137 


-0.6529702579193625

-0.37901461800703445 -0.3877658585741047 1.505754393364188 0.402723506378137 2.0923545071995093 
-0.05795717717627204 -0.3987063616176634 -1.2945347184760143 0.9657801034732869 1.1468125131782398 
1.2704382113577355 0.4122030074411953 0.8280901165651269 0.056438925879706205 -0.0036681992223906424 
-0.7918751840105402 0.32036422293085093 0.3141580858653879 -0.17876160782747044 0.4799699951492867 
-0.6713550616453082 -2.3980598727223437 0.5206985194758118 0.9442268605452517 -0.6926376435300088 

1.9826916305907378 0.6975189688339697 -1.7305242150332214 0.36217857466940767 -0.2158308324092537 
0.5416029263952977 -0.1663429736153227 0.32616552315410335 -0.3114054426138026 -0.12941662958245873 
-1.766043928190261 0.9465136956653992 -0.6228556532675565 1.2719247610231452 -0.699520841856863 
-0.33837800237051474 -0.3777385420094359 -0.5731569703482344 0.3071083370732786 0.8974862072201881 
0.7888359617781169 0.4695772895659607 1.1905714227390334 1.0062705524785833 0.20637321526314092 

0.29757370728009974 -0.9325118994578014 -0.9457735507803241 0.613815166480785 -0.11389480314977575 
-0.1822755882555252 -0.05992877921119247 0.1359062826212329 -0.5639162356922867 -0.25708447830454395 
-1.3541890596913209 0.14224453350312685 -0.267796908276215 -0.42646535188268037 -0.1448121121790113 
-0.08040908637598158 0.6837744947756818 1.0474836590347498 0.31096014830628355 -1.0746768235418636 
-1.3249701666762954 0.2871958535797131 1.6473415735378532 -1.0112626795363155 -0.22354457827788127 


-0.82972738389123

-0.6783316497713548 -0.4938174020904923 -0.012007816306804588 -0.21334620185564773 -1.0659437590403393 
-1.059651260185154 0.5171704299447512 2.2671324546780527 -0.2189015008079377 0.6782901314271639 
-0.773103932732796 -1.9335395063725236 -0.7028936824689098 0.30584094996329325 -0.8626562478145866 
-1.1141645808649596 -1.0618081386806855 -0.6340467260523495 -1.6656912778552122 -0.4839899621155962 
-0.7699634416112358 -1.038426042889288 0.8107380638471273 1.0399047242111965 0.640143922649192 

1.8899622556515738 0.2608006163649644 1.7026867173641025 1.039851374547256 -0.8710392803798845 
1.5404411043216957 1.3001719882471432 -0.083984719224639 0.6826077416278414 0.539438620555464 
1.070833789605949 -0.9665291899949711 0.536964925014498 -0.2781653991452208 0.6249660873172077 
1.7070092315803005 0.588826839599864 0.7220335690354471 1.5787730273888343 -2.078400152085147 
-0.011801342943545663 -1.094974489822127 -0.9402490832617825 -0.529943189646597 -0.28770751125303795 

0.5055990264485138 -0.5192852132324592 -0.4907679786386312 -0.7790773512560552 -0.6758419902251395 
-1.7884768818056296 2.189393155725108 1.4681765794901416 1.7240822055841059 0.20153134746400095 
0.317695804228865 -0.5084961694617294 -1.9489826120337277 0.8328440135744494 1.019387096096558 
-0.8539227222429729 -0.24458842520433216 -0.05576749661035253 -0.10240897151792143 -0.16478868861239307 
-0.49963234504512427 0.8145290157598124 -0.06909688663990594 -0.5229729244016749 -1.1616648671039864 


-0.7572349063731638

0.01978907824831375 0.0934772525265726 0.7411934901841352 -1.104283101775458 0.9208297184590364 
0.07267829860259177 0.2465464446236074 1.1504488263102743 0.5980106569806347 1.3976845274054512 
1.533489644015132 -0.3402678838805257 0.33731535019376946 -0.6839246128149501 0.1177303911179203 
0.5502381858246435 -0.22466683799949794 0.36560256357408355 -1.1209698301178954 1.181954834765863 
0.7392468226990329 1.0062856049295816 0.27040034207991287 0.012131443094223152 0.43027679501017074 

0.6005390159958174 -0.03161047834188319 -1.1823226564501954 2.203042787429846 -1.4350398045579869 
-1.127536976962318 -1.1998720753588286 -1.241227948055095 0.3334431023978569 -1.342524159582874 
-0.3270991787631653 -0.7387970281618987 0.1750715681626839 -0.5645205726457121 -0.27493540819652146 
-0.6349470746664333 -0.0342591754890427 0.5984838760246807 0.4020788147726239 0.8526915782011665 
-0.6749517840913999 -0.37427773903677714 1.2151811039794538 -0.5895945683733995 -0.26079193223008995 

-0.3216166442525477 -1.266421472697425 -0.5742928242708065 -0.13359413146848717 0.9876830290053086 
0.5055778728546698 -1.1570618663179202 -0.8167879288418268 -1.019528435341314 0.5559437956920656 
-1.5708588227347788 -0.0819668932738041 -0.2058323745852232 1.1910226004561408 0.5602301642376262 
-0.44357511864770915 -0.03388119686441767 -0.9688332621829536 1.3332819078835336 1.4033929832598466 
0.022370176876186833 0.738473827540068 -1.0313494414431439 -0.7569744956686314 -0.2513463978035002 


-0.9432288092607052

-1.1270875608185253 -0.8432582594949215 -1.1508924365278856 1.1061995706689927 0.1105702197031623 
-0.22785173445256426 0.899597647316517 -1.7173880983687793 0.7975333303539892 -0.17207004509568846 
1.7491609901016014 -1.9043516304543306 -0.8791189417134232 0.6395879808203204 -0.2957028105281442 
-0.26384631254053137 1.3956152776426425 -1.2959252104557752 -0.17072561670202455 -0.6549388152511046 
-0.04694886915387929 -0.611796338528241 -0.1800918326526935 0.6245080841363606 1.1595292643128883 

0.9955709411063908 0.7379387917565747 0.14763829665320413 0.27673987384711785 0.35047957261133506 
0.7864667494329732 0.675289918485987 1.6827906761802818 0.9255158060196306 -0.5986416508648252 
-0.6169751887564116 1.4724793924502337 0.425069390803797 1.1337015734535816 -1.1151115796193323 
0.17399889793954593 0.6680263291532184 0.4957444782071394 -0.10269270494827751 -0.09725059714845025 
0.32555750476709583 0.6478121324010127 -1.7156289810262948 1.396019185544757 0.5291615834607545 

-0.9482682696264004 1.2977017130417658 0.21826986565630133 0.29056119980358786 -0.35679721244043483 
1.096117640051554 0.8270453588680725 -1.1088039240299676 1.5083681677184464 -1.984830233554215 
0.6915986569611191 -0.12196857827062522 0.8150370502643818 0.6426495174482707 -0.09039551058812326 
1.9078585604937666 1.1654640095515822 0.39621985417157296 -0.6103138592933725 1.1101409311197488 
0.4771386423186372 -0.08195691773459657 -0.8276937119596407 0.6483615739984309 -0.26824333959143093 


-0.6631444848467125

-0.880721448643978 0.41749887183988577 -0.4847564909434076 0.86655282951642 -1.0109235671338421 
-1.1900156046387045 1.9118479746655044 1.6210377157403753 -1.1684176500220438 2.1821716411046053 
-0.28342021925437894 0.24660005054100548 -0.9684630118761322 0.6696209674571916 -1.15881529473439 
1.6522498819539273 0.6938777648943274 0.7465918661787863 2.431694031917004 -0.5484291000802555 
-1.5269744674370098 -0.5409460310986381 0.8999354672800497 1.100276178194753 0.2682939476424114 

-1.2177381554509152 -0.054602660909548545 -0.834985247849098 -1.5899695287120286 0.14477117789118538 
1.6654141363041282 -0.18541440473755985 1.1014354711510426 -0.24184107322763315 -0.8693484856227236 
-0.6868211894923323 0.08012044611559298 -1.05021942631369 -0.2778801718327803 -0.3660642450866855 
1.067371249698712 -0.32569593169980965 -0.546674374495878 -0.7102675701073944 1.0918616026133767 
0.6236145973274849 0.31853561286909227 -0.8825083495284269 -0.15903862162844493 2.1085637823151857 

-2.0632481769457165 1.0690188398706693 4.883447090623225E-4 1.73576791296493 -1.0323541471559357 
-0.09267354216150317 0.16966970973356535 -1.4543398143457569 -1.1515076941209788 -1.224419090334486 
-0.43166022553865896 -3.1931505994091376 -0.2556113762768501 1.4519413123390177 0.7881007565955339 
-0.8807238081392067 -1.0631323343916304 -1.121339378029901E-5 -0.08950581378218242 1.9006023759492783 
0.9641125954260377 0.024392701962300888 0.15128430297683948 -0.19243503584953994 -1.0314051634072794 


-0.9218056071771631

-1.5112595637072432 -0.8626399017130246 0.5450957787020722 -0.5921067575761406 0.11191624699893037 
-0.17784585901902117 -0.01748386781115103 -1.1431314304614564 -0.15043666268773082 -0.8231948176881676 
-2.2585882817151837 -0.8010027407861068 -0.2575565120911294 -0.5259198194944583 -0.5174735608831829 
0.23282743151047053 -0.9365179508318041 0.1187363767042679 -0.9626483588651643 0.5037473256371947 
-0.39946161145221903 0.3316296669646634 0.3322855257205723 1.5601743925912417 0.7920809963893939 

1.9049692323982643 -0.5782706102085909 0.3354263326432253 -1.982979616870992 0.9313244982949989 
1.0063964218958994 -1.7031440786926744 -0.42365597281139666 -0.992547275268678 0.24585829745952695 
-1.654351727016907 0.5749856103111464 0.21488216627472967 -3.2166645471116126 -1.4695368845075798 
0.4620987562692689 0.858152772803021 -0.22186332491429714 0.4417451367082867 1.0504348051794254 
1.358501221555585 1.1201528111339063 -0.4992761477372505 1.4856253455961832 -1.5915921889460964 

-0.11368333570040245 0.11801360531118743 -0.8035275493216455 1.1640755565378516 -0.8295184437983982 
-0.3232750993444227 1.4202617760128506 0.31226601973748025 0.19701586955540498 1.2105732176644082 
-0.47242611458969785 2.13474100917363 2.2079958362749714 -0.4411941851660924 1.0189989297785247 
-0.8114926844055632 -1.2339010358473446 -1.1844177661380813 -0.2984371740005189 0.6182143801047048 
0.9795633888675813 -0.46263438984533395 -1.356922138576526 -0.1917769490031365 0.4817693307962744 


-1.049504214975593

0.1636201361113465 -1.2623923058384203 0.29093513223136236 -1.297044822181781 -1.6608214591845674 
1.0465369088948206 0.46503493074274266 -0.8912701895650533 1.016511544832709 0.14030050129100333 
-2.8440810724106664 0.8807053088840198 1.1554824225328442 0.20923149214974024 0.5487759301250608 
1.3156090145184092 -0.1998688906053898 -0.8598498711098312 -0.34416709699726844 -1.1566379248803904 
0.4087950320020619 -1.2711421881906881 0.7785070988738175 -0.47047981717480775 -0.49209972836855764 

-7.745208264682645E-4 -0.9634658667517076 1.169442045137054 -0.6764192560014646 0.1920214243346315 
-0.5332598354200908 0.5726691015261793 1.4293716038044073 1.073599500705377 1.15456080848951 
-0.13804368883748838 -0.06817915332982744 0.45409202106448676 -0.5217210721192169 1.335201225137736 
5.848993467591181E-4 -1.6236209971573434 1.7129205080034022 0.90263650274176 0.7278859251366678 
-0.703683404145974 0.6449893561712986 0.4807131871251448 -0.7661645814940011 -1.3934837335117638 

-0.7485448800870556 0.2449276061005082 -1.7464415041761032 1.8768357103299187 -0.4144258171540041 
0.03373640256849629 0.751581859904633 -0.24693801254857017 0.25240535206044873 3.154928943571379 
0.9410535345945403 1.1261916049844525 -0.4316507599064922 1.3280981221955321 1.2974673261947718 
-0.05900038763806165 2.1504286121693355 0.8457609160074414 -0.5725614703386135 0.14026175804866517 
0.4019527285051002 0.35486168366056015 -1.460837825835142 -0.790015426554883 0.88501629495592 


-0.7108803288302079

-0.4608323803664896 0.15747626880162682 -0.9705978275768493 1.4771460356160853 -1.6352794601967944 
0.5049023281353432 0.35078507073280873 0.9064350769803733 1.1143687700690557 0.6374713798029781 
-0.6035374896207948 -0.3687925666588116 -0.09787924525575857 -0.5999799863207959 1.2285685432073414 
1.4283645347497114 0.3167610247815271 0.5799126891280643 -0.0776080762877845 0.5280332247711896 
1.5167097744948121 1.5467393799715128 0.9936852423815773 0.15770873804915406 -1.6305593817118935 

0.5722406590055095 -0.07057496462882053 -0.05462396166214792 0.9575592792086468 1.1181530380760467 
-1.6246060059149063 -0.6557672626814084 -1.076513012024231 0.2750186785004154 -0.36335221314894206 
1.8670861826645273 2.205710947062658 -0.538689523925987 -1.7099012756038374 0.3805477497995983 
-0.8784047488584957 0.6512209899150041 0.6574653670691936 -0.03968863014388372 -0.15907655645751748 
0.4878220514925359 0.3311503830461398 2.0893922467664585 -0.7411688439246802 -1.1041354669420775 

0.8677611468154524 0.41805696084670174 -1.1927890579399838 -1.4933615884620601 0.32787592720809783 
0.12876660651426233 0.843561682363552 0.294594759325614 0.8132321217522128 -0.10395124897041569 
-0.22520046640572755 -1.8549187198976478 1.4714766842778841 -2.0749183012234695 2.3301351544860482 
-1.6513620838077079 0.23863847567674132 0.8420274673427016 -0.40333035382395355 -0.1653064525067406 
0.22492402842395676 -0.6528548007082655 -0.10424468236040454 0.6163174898431742 0.08564229101289872 


-0.7402055585835706

-0.13426508689670175 0.2998459107270284 -1.3061864489010726 -0.11212786794798943 -0.2809995308729588 
0.4175100785006591 1.3029321087043746 0.22182619923773148 -0.9013550139349397 0.5866813009466283 
0.19396229075866545 -1.8436381170149565 1.08307345752694 0.4220846101191046 0.31637145530169086 
0.44362497173955895 -0.5181547651886703 0.5697442678273202 0.46393807774100465 -1.1321650104847851 
-2.235528894921701 -0.3172821832990097 0.04212382473363185 1.3511604612384063 1.0975153025687046 

-0.06022339873707058 0.10831646332932539 -1.057146459066973 0.7393882492995452 1.0009764700921653 
-0.25813380676641473 2.4386392016512466 1.133530911865172 -0.4858942078738844 -1.1154579465952112 
-1.3367305535791403 -0.46478986904224073 -0.780265770050868 -0.8883542560964904 -1.828292623853816 
-0.25817635475414524 1.3169321457055332 -1.3654466737909108 -1.072562546590365 -2.033189733632023 
-0.21306066954790565 -1.7527260802007971 -0.385505117218261 -1.3985362795819485 1.372045933538119 

-1.5481523099552554 0.10531701868866832 -0.425690117608229 0.6224246530311806 1.170285747678149 
-0.07612923860080746 -0.2566287628283302 0.7837219491735512 1.5791449554254513 -0.33606298552955555 
-0.8576891143663523 -0.16419717655458266 -0.4860486531958803 1.468518715953443 0.3285435026297049 
0.8485130059715987 0.26945020978201056 -1.2960548848582283 2.1335934421165543 0.049242724228797996 
1.2008970709102167 -0.5996618657982072 -0.8207188626551009 0.9287664499478234 0.7848300066489647 


-0.8732246369396516

-1.5350966710130316 -0.3378576113676444 -0.15756966684629942 -0.05071677615439908 -2.2795960217749602 
-1.9160973411718782 -1.0113724811626315 -0.5598638964677183 0.03345827186561359 -1.1766893523541708 
0.49812452449038863 0.2430964466548434 -0.9791233838428803 1.8250733986831038 0.9417232133979625 
1.428151747101252 -0.6725145147720882 0.36028055358621586 -0.39346645935962526 1.7213217396118314 
0.8541727961677766 -2.484548345075885 -0.5353286322602894 0.5204092051861797 0.2314761422692752 

-0.34826304182944773 -1.7456391894229701 0.6737731981237007 0.6633607973087693 0.10459342752547217 
1.224724283975522 0.7191479631720821 -0.15899054089433065 -0.8244037232389688 -0.2526335111803717 
-1.837482276919899 0.03817362939310587 0.3667720141146667 -0.711249759213857 0.839642839523706 
0.46564611484968893 0.4786364419894846 1.1078964509603648 -0.7119996234608472 0.3021705898302827 
-0.19882046278330034 0.1067633427177002 -0.10320494777914235 -0.7911216744292552 -1.2817131043935168 

-0.603911372876643 -0.0905352276433142 -0.2723942022239695 -0.19150693019669177 -0.26660139548957074 
0.18728772342338668 0.23155183457935435 0.22972350129728875 0.08476696963710646 2.9453303239495154 
-0.6547519697398062 0.8659275646230672 0.6324537710884915 0.28738832047512874 1.996835946475978 
2.0716649333624066 -0.4448930160968516 0.9976627177906809 -0.7734192723546317 0.6166268592172368 
1.5385060030426962 1.1340936947816458 -0.8343321493498123 -0.014746324287497057 0.07718271133822437 


-0.8280165758714946

-0.5549428804218165 -0.8081618398149735 -0.8521603098962929 -1.3077035378062454 -1.6598474399404375 
-2.3275626506685203 -0.23447706826854242 -0.505010531911582 -1.6858130608317055 -1.1067129808617495 
0.9214189818144075 -1.8258220747426206 0.9402797745004222 0.17347004024591908 1.8056544893665747 
-0.42716030282708944 1.2965503822410298 -0.5453036893205948 -0.9781132843705264 0.9481735404840366 
0.37753838644229887 0.5215650267251125 -0.6831200876115768 -0.23833521787579345 0.9659405052749538 

0.8114663821368062 -0.09712767922189523 0.005260250268974372 -0.35222782509539363 -0.9057560754518598 
0.6060312688506985 0.7481092132457942 0.4179440755149971 -0.7399203355729972 0.8884796107971024 
1.217790373590904 0.40126206575239437 -1.578899995673807 2.99566316620352 1.9027411305846968 
-0.13387744144394279 2.008891942433991 0.8212264123103974 -2.856910492998854 -1.4048897491614551 
0.45124688789661177 0.3267558218833868 1.196331772501982 1.9429690871314937 0.6854555957304315 

1.2606374913335943 -0.5394095479158713 -2.368372483801849 0.9770567116883812 -0.5876320830759304 
-0.41214735068441993 -0.15074113568901062 -0.5629898538175618 1.6148796797861915 0.014020342848522823 
-0.15825725205724497 1.071467366536971 0.3475383895195602 0.213417524329511 0.2072352480108845 
-0.013614840463261139 -1.6873671769077723 1.1955094226042524 2.232481676085064 1.1953355982403389 
-0.15007148875003923 -0.8508902065624139 -1.0273765143065556 -0.44949048169112227 -0.7853797759643748 


-0.7220281492533263

0.7864077225396295 -0.22294025180930815 1.0189024109088012 0.5972512545538515 -1.2287946100966671 
-0.4254278421144458 0.6786880374283851 -1.7851249399500448 1.450685766432502 0.48365978912462326 
-0.1004850313978174 -2.5152118876243006 1.878077896191312 1.5707953391161875 -0.6474284225147069 
0.6495046877392602 1.8710127018594143 1.3562185170538639 0.3892315853288515 0.06767503351191034 
-0.13734393266663492 0.7777494706750627 -0.8652293439168475 0.17171420633276532 1.0454610836685236 

-0.9015957037347234 -0.30356923239408073 -0.04813969985556137 -1.2055097462135873 1.9538430572570458 
-0.34114376579094985 -1.3851775374135358 0.4180241433977841 0.16719528045126872 -0.971455957106252 
-0.2335842050067985 0.13669286874884398 0.9067003237127023 -0.522273069593515 0.09626569442709237 
0.03097128118964867 1.0510308345536696 -1.2004452981305236 -0.5320795431411408 -0.6055099558669683 
0.14756264575001407 -0.8122108619593301 0.4001685247130092 0.015500238631028136 0.5024249896389126 

0.15908106561639435 -0.7009380826582436 -0.2656458788775642 -0.12674373591682128 -0.8585067493060271 
0.4086523649761466 -0.17677882318127627 -0.2934662477406034 0.29708037993744935 0.7188935379151039 
0.81481117817097 0.12308184070553857 -0.443180605091107 -0.5836692346306324 1.765513395929239 
-0.06776000401740805 -1.8564751847484455 0.6211459578840013 -0.2425713091898399 0.7235906186856044 
0.29530564112220287 -0.6816019528481823 0.35466709836718124 -0.3839077599481832 -0.15329408249185836 


