-8.936230618810428E-4
1.4294129461493692 -0.23150081817514448 -0.7265584663065541 0.12954949392752552 0.23590784387609415 
0.048438200477886315 -1.5395015336963986 -0.5168375013730168 -0.03905569011969376 0.18515877853803173 
-0.07380470875157295 -1.0236060886282834 1.1443555671922303 -1.3123155463226193 0.17134805851916998 
0.1293479644485069 -1.0815684526302196 0.9836201074737267 -1.030675373414281 -0.3867103393885687 
0.5316008510962946 1.0180034555224442 1.0482246060375615 -0.10887380844097487 -0.5048048508123842 

-0.013850247467460965
0.4781636594174641 -1.6203105766232446 -0.6210469388402671 0.15147132255842483 0.3522131595308046 
-0.2513685196708947 -0.4256631644423757 0.29410978702055873 0.9481797710285987 -1.3229938468339704 
-0.9305151416544236 0.4934914695887684 -0.3907634365289039 1.054343187611922 -1.397830181810999 
0.8595351456578609 -0.24619219517025775 -0.1349410374775122 0.198764849432675 -0.8477452638229745 
-0.13228198219970164 -0.22091814642351915 -0.7328452342403361 1.2842665705315643 -0.6458924753046481 

-0.009326196689248929
-0.9146551847838246 -1.559732555926781 -0.004856751086925923 1.878184403508123 -0.6254364453050368 
1.8931790126560517 0.3797005545007404 -0.3588458581818562 -0.9334609978217039 -0.9812513388914471 
-0.12025670145098809 -0.9036285445239515 -0.46121852659919343 1.289162657952576 -1.5083071005570816 
-0.5134737965117554 0.4955550940484227 0.13941634407367798 0.23425506508488 0.46179958276818245 
-0.8032467619734369 -0.6129138754780435 0.33609274213859763 0.5809220364673593 -1.9550155211914788 

-0.027031004356854217
0.09990851712340428 0.2145936271586586 -0.6615576171172696 -1.849027936295011 1.0926241129428873 
-0.0019049425462527331 -0.6389644708851044 -0.6278082469502051 0.27435899073451503 0.2679686041714148 
-0.5738011852053033 -0.3243925500973149 -0.26464307170491064 0.2994767383585223 -0.7887291723350963 
-1.3889793200173974 -1.0284464721733453 -0.021542924940835817 1.7366526809002674 -0.29149073752279553 
1.6144030551059974 0.8445368536091269 0.0789620800666735 -1.8061921747583647 0.19712855387142675 

-0.024632274662548494
-0.5426186516785356 -1.3038875903067837 0.7732166773155635 0.6800891103291072 -0.13303885845165003 
1.2190328004185607 0.22220375160727734 -2.0791425197514295 0.6389107281752896 -0.048096055491583654 
-2.0621947736207336 1.0965517112530936 -2.249925232736501 0.7238291201659038 -0.8038228459290044 
-1.2872023074927643 -0.5756191933951298 -0.6816022539582746 -0.24825577046654657 -0.2492735652540276 
0.8826275303551484 0.6209085378886107 0.3259395493450485 -0.03493647637344428 0.3603775189944316 

-0.013084263096255133
0.31167512525348395 0.6094812121968227 -0.19580889392623194 1.1871755894711173 -2.0069802094274514 
-0.27788158638806454 0.6959712832293536 -0.22781170532810094 -0.017741511506508344 -0.2580443363484131 
-0.6958960569911976 0.7230894973346406 0.4694123909898897 -0.36518231784844296 -0.6048855684596293 
-1.5576005502369092 -1.6994494182206383 -0.5272835204624486 0.08237249589420909 0.9686182422325199 
-0.335363494287974 0.0618771678423763 0.5196414026506387 -1.1672297368707722 0.5263103452767502 

-0.013179586676764632
0.5438634627772369 0.20198687391425058 -1.0508801841095419 0.35434310072846603 0.21896895783764816 
-0.0010482746761687964 0.7394104787901824 0.9683325498903117 -0.23108931240161384 0.016437820925972974 
-0.8154126965842042 -0.6983991684441114 -0.05956515254600926 0.18733642664675307 -0.7641927601466751 
-0.5046924361140149 0.37712619899787503 -1.4133577402562376 0.4401919609610765 -0.33529393274128627 
0.2658701924943154 0.5852502007200344 0.8986022546281572 -3.102583912900356 -0.12605332601374766 

-0.021307765187328433
-0.6071980380043446 0.2007324752225851 -0.7649443573761283 1.0151597490164925 -1.3808406707156493 
-0.10679393521047738 0.5961277844822322 -0.4756443840736153 -0.13789039801022862 0.14965851993634866 
1.1189379599793676 -0.009097214763127085 0.5814074066400291 -0.739270308219363 1.1497744922032112 
-1.5114273380014216 0.8252311196394282 -1.5183821626980742 0.8223552693088353 -0.6600119233923577 
-0.47860772311816996 0.01904084585634007 -1.7458854171551814 1.5395211677129932 -1.1146616592781584 

0.008512095977895661
0.1269904163825363 -0.5478136440348754 -0.554565235575453 -0.48886486137728835 0.4659510625738026 
0.6502268998562468 1.1321955068881027 -1.094027960479754 0.08899531261652886 0.11225764031947225 
-0.859228732003869 -0.3754437200123954 0.4649929866741499 1.0060809121271073 -0.37696906230279253 
-0.8463544322614974 -0.3783266384703503 -1.7849470497097117 0.39657315385626524 -0.7923568216257699 
-0.03703632668907706 -1.1614150243265837 0.5544548791097087 -1.068936848140295 0.0051218765227426305 

-0.01695607292455309
0.18704294878244848 0.7749475215046946 -0.9113193680243077 -0.7740443037396758 -1.0377125194409837 
-1.2494510125293503 1.0488897875036873 0.18609955981602472 -0.6618610005159662 -0.11362951678019875 
-0.30978247899171923 -0.11214088628502403 -0.4318876699422061 -0.3318123562728415 1.5936313319577593 
-0.5049593509488083 0.8176725492840174 -0.368640512491554 -0.3578212506579188 0.33869681295183207 
-1.3022283188136419 -0.918303770718594 0.11650460359061779 -0.3499272376206249 -1.3043478306437866 

7.423500311618138E-4
-0.5131062322483126 1.6609399794582405 -0.2979850275121678 0.28493824676717805 -0.2138898479840757 
0.270817917768156 0.32273931810102996 -1.3921747711453965 -0.6450024872340367 -0.24328668428195319 
0.23805039061561778 -0.5417055461456298 0.44987676835849616 -0.05666611733351346 -1.6808877987677604 
-0.5134765020420855 1.382193019690201 -0.162923032979889 0.4033004619718325 1.0794332248265732 
0.36319202760420316 -1.139510335297879 -0.011302445800521805 -0.4884674366548499 -0.5061045901862297 

0.020620465845120117
-1.2989428013657323 -0.65391305453511 -0.2732778068462804 0.2224306892094615 1.800791478808219 
0.8107620888801959 -0.047969965723257894 -0.6534750147288091 -1.2128181911650946 -0.3075263327417861 
-1.0238915308220196 0.6284077750198767 0.5995565458499624 1.513068756255716 -0.41903947133226205 
-0.18577647324185131 0.7076311954953544 0.031423188613712745 -0.16553439984776577 -0.5152947202156394 
0.5914330443948512 -0.8329488396212079 -2.2623063532361116 0.5091573589124854 -1.1617051507625862 

-0.036613325310516004
-0.6183529875502755 0.542973914067883 -0.06708305563797562 -0.7765408455565752 0.3665125102800262 
-0.03924214389609165 0.33629733808572604 0.18546187480330883 -0.9867938639760421 0.6449240059162167 
1.4335055370472842 -0.1647390318426009 -0.6476529599723354 -0.20109993705570184 -2.0224811719822173 
-1.4888862641805822 0.8130443597376269 -0.44087185933708584 1.2504246424364989 -0.7115680314797738 
-1.5033060850356808 -0.6589775596424597 -1.0863349081625873 0.570720087919192 0.1911289264916291 

-0.0016588914013286786
-1.0214315585440612 0.8738769342511512 0.7181366395346255 -2.0001687184127817 0.7074460029737815 
0.6208743373860716 -0.10489398770302893 0.1432115933473948 -1.8831553395292149 -0.46484777492628643 
-1.9086153715656635 2.6065340557353047 -0.7268502058455709 -0.6110394236438642 -0.3911103433212 
-0.6536854023844278 -0.4262156266909276 0.2213368899043871 -0.6322101663339627 1.474626250853171 
0.8871234376345762 0.07273017263258555 -0.5658733634310589 -0.8611009350087043 -0.16037229259783983 

-0.017159858928721922
0.1349267321512162 -0.2899868370175653 -1.5773600200519255 0.6462607801437118 0.9230070934558969 
1.6210403846847354 -1.1537221073318198 -1.978859334985734 0.07651491064239282 0.3461724840930318 
0.8881887359992015 -1.58351310502218 -0.2905486876462701 0.27545060032242485 1.0297527117080971 
-0.7223976437195192 0.4997902855302986 -0.2689409671298116 -0.6437136157590951 -1.600215643877514 
1.4025371555733748 -1.2159002912744457 1.2688152657454908 -0.267204029647282 -0.8448054082824619 

0.0037019926206702035
-0.39728772206008467 0.9075209174148228 -0.6126681114294138 0.40116648366105107 -0.1047021505699058 
0.575892556436073 -0.23445148802967175 0.20765656502124885 0.3669650759146303 -0.424052379316073 
-0.710452064664037 0.11179938097695312 0.5464212587005591 -0.6262564930626152 0.046596210422812936 
-0.017793618870878603 -1.0808704042369406 0.028054193235655348 0.7534360013135137 0.17525395698244592 
-0.0686976920907551 -0.17718573803971616 0.5313749766157894 0.6904077459233164 -2.321817887176413 

