-0.06631564435651204
0.5667172428596765 1.024981774151614 0.1257320897279416 -0.535376973328137 -1.3001686946914002 
1.648290321789106 0.2582291598636693 0.6808908052676291 0.03729445661763365 -1.782755052332655 
-0.4533779455304535 -3.277244744594463 0.1251244740622887 -0.7977268163181108 0.9292433272874981 
-1.0188346254252882 0.8271992696862666 -1.4872158962434805 0.9669460792067881 0.1551941371993118 
-1.496420109956838 -1.2421831747061336 -0.14270742519491242 0.6377098640119211 0.03428589858384691 

-0.05337340664217298
-0.773698210795496 -0.7935592705583194 -0.5628282706278075 0.15528922724999378 0.7592667348257335 
-0.23831860548548123 1.0910273823980092 -0.9338454398552829 -2.2587234252474615 0.9473995390461726 
-1.6065285654629111 -2.5371435504713116 0.84613033281688 -0.4268703048497253 2.0338163952903074 
1.0992596978509208 -0.35874910226043244 -1.6491379305070755 -1.95518193657742 -0.0982303206701607 
-0.3971337765768657 -0.6234953223273761 -0.5218669927858437 -0.6708349343574382 -1.9837246755338613 

-0.09769240677824748
0.5286562923332884 -1.187142999100379 0.9808073180343643 0.5806388932915342 0.5506830492178815 
0.02530570192330389 -1.748200653698589 0.5678328711795949 1.6862866124889182 -0.08569188435505114 
2.1063965218226723 0.7940894310272024 -1.099411529056635 -0.941021249549822 -2.0195546289924264 
-0.2761437888479191 -0.21814921665827275 -0.2693242099136032 -0.6291179167404807 -0.9797566174906178 
-1.3868581773184527 0.905866309782955 -1.2553174093001094 0.2926391249664695 0.29883572964769106 

-0.2254979478243299
0.6988051187939346 1.7504834839136212 0.7605304505391318 1.4453546201108343 0.37250582369391205 
-1.9555556882646983 -0.5658256652031365 -1.8974222402784262 -1.2710333257058686 0.2198254477736498 
-1.5786939395575645 0.5107671807669849 0.7401087226477172 0.17850781370683994 0.8586646588718041 
-0.843098408400539 0.5832247710791738 -1.4974649449330277 -1.072445383403516 0.3586875205859502 
1.1595946592665705 -0.5878232255529304 0.021624226591230294 0.47078393108338495 -1.1242209701433266 

-0.18168485530421039
1.0392459863499888 -0.6558898253084132 0.9041137055609286 -0.8914526445287374 -2.395172267250203 
0.19456123590827892 0.09769407104681029 -0.17543046771655596 1.4413833351599803 -2.307728607063962 
-0.9418580658569073 -0.28686062896770703 -0.20137988478480748 0.3521891212844184 -0.832728137770041 
-0.6348132521491725 -0.07136022471216345 0.22413554087485285 0.5326753675701414 -0.4429577581389456 
1.608189495077086 -1.3109686759268813 -0.2356061127132452 0.6010811207163157 0.670244048202418 

-0.13073678378543444
0.9412146834099124 -0.6456668927513495 -2.9895839826710295 -1.6822534225354009 0.18524689931501145 
1.00267021225062 -1.2635219865900975 0.6619098973561534 0.10213455785998825 0.800707162318839 
-0.4675690392843909 -0.8265203189774671 0.7661730117490015 -0.4574523019561396 0.00227297509548976 
-1.6334760245250235 -0.40634446161919946 -0.21669359899598792 -0.4306627726881307 -0.9645281984726504 
-0.48792029895375144 2.189658741954601 1.4671257465705871 0.6133321538134419 0.8292429980142394 

-0.12097445238822842
-1.0292787591851378 1.9244334383694228 1.2131115960578875 -1.5431860766893224 -0.9649590492498095 
-0.10173962116849591 0.03266040027074235 -1.2187569067394837 1.4722509607575271 -1.0872186993890223 
1.908455813227711 0.8052866732702738 -0.6420438728788883 -0.8738334868797653 -1.1142225982815497 
-0.5996471895904456 0.06658009128488415 -0.0801406805418407 1.75753877071266 -0.08046070170035319 
-0.9781773770615382 -0.38240936331546993 -1.5513422305204772 -0.1418518900125212 0.7366745541355653 

-0.12321522750870342
-1.483002730048659 1.9533520549474885 -1.5007009864337528 1.0048882991308463 -0.6428356422331972 
-3.2327794667013334 -0.29624864491752284 -0.4200160892678519 0.4397382816415023 0.4772661181730282 
0.5076088219911333 -0.7802791564357302 -0.8435671520075124 -1.0073126105693626 -0.7840184350555081 
0.044000904253111955 0.9215870669180802 -0.037947672821014806 0.7128835329057176 0.8878476422134328 
-0.7643158370414959 -1.4013187454064435 -0.6541408562029245 0.2322867123402243 0.34231944002792286 

-0.1196638492006503
0.7643471264007463 -0.43446623166290965 0.729559633858974 0.5780951962227 -0.5870691376265098 
-0.110583877370426 -0.8198210346508769 0.5989218467168502 0.013208900176022519 0.48038358385067986 
-0.2875223112599081 0.8926325493050126 -0.7529671037494956 -2.078124529354921 0.21032687876385925 
0.8688448340126713 -1.5228330704968647 0.8489215816294096 -2.099614907234764 1.0815887515254028 
-0.4747535569678267 -0.19677379093879557 1.7850014494607453 -1.0844509511439988 0.04245345909995388 

-0.2941566432638741
-1.046006671125834 -0.96070274813311 -0.258933180230785 -0.9405397159192462 0.5229269630573059 
0.7733295767203693 -0.41547820511587663 0.0714029271305832 -0.586113050079827 -0.30519992905926235 
2.0473468036955103 1.0615631049435723 0.6730227862844192 -0.8730674386341567 1.0154126741999987 
-1.202389165752001 -0.5217916279417965 -0.7974704277805135 0.8007447261798849 -1.1047521131383298 
0.7443311022191468 -0.5047559434396521 -1.0867279804721 0.42754256952866926 0.66322762897213 

-0.4707394095202913
1.1594762170264372 1.0838359064182874 -1.1113160257086083 -0.4362008189143887 -0.33278737775432776 
-0.9922296893615157 -0.713202229945129 -0.9526184207798933 -2.3547020590533223 -0.12229677462074254 
1.2211312839507822 0.7542914708692299 0.10120725722977222 0.24060089678867308 -0.22988394510177595 
1.091186454806735 0.4488271717062613 -1.7227790359946369 -0.14666535645703835 0.8114424165241989 
-1.0839397653276637 -0.08816190512546854 -0.10066957468609042 -0.7125076533152145 -0.3731426655267735 

-0.06003848911718847
-0.878980646436969 -0.7479283490704641 -0.518893495693919 0.9415454732998874 -0.8130326537239008 
0.3469528483754833 -0.27845233676335684 0.5464271277432348 -0.5282448209916881 -0.5383083980645978 
-0.9740882519909605 0.6901628416549302 -0.7576938945416375 -0.5647413057970931 -0.7034935233749123 
-0.9561736124829595 -0.609717455186498 0.35840634897450985 0.027617999654555282 -0.14485871713373222 
-0.24449436281986095 -0.3188613882554575 1.8307310545994724 -0.9044770160093468 0.902416971651226 

-0.0412823824984994
-0.4184297475423462 0.22183832282556223 0.6135022944578866 -0.9033525618872228 -0.32876395642651585 
-0.5864934887103193 -0.43230931803174294 -0.8749579910011187 -1.3810807842140111 -0.18984710936343258 
0.6631773802403883 0.6768457086426217 -3.12461144809414 1.4691673337544982 -0.4807112999253847 
-0.6962266782579627 0.33195977549560557 0.38710136181539256 -1.5034849236442982 -2.19350822897654 
2.1939187306092216 1.0463890351245497 1.5514919573278751 0.17956945941801447 1.0025105726451284 

-0.28001705448524983
-0.39905001679547386 -1.550399563265295 0.19413574618347093 1.4716871362695099 -1.3472181894739972 
-0.9927780002341369 -1.2402207435899737 0.5152902591945581 0.5097147951823998 -1.2757981440735642 
-0.24159251167955972 1.317857520556457 1.1949591442616783 0.30066050199584815 -0.44249349849931335 
0.7312719966542366 1.5343674915872243 -1.5447436964315608 0.8377452413579406 -0.8761634808589469 
0.5242808259054775 -1.0876009805307159 0.4919751966032315 0.998486209626785 -1.017537661213997 

-0.11560451072503015
-0.9370640796845792 -1.1439312722677601 -1.685215425296747 -1.3978778665104548 1.444586829057106 
-0.4299151697197499 -0.3088163184670546 -0.37569542008206 -0.4631848894864357 -1.959770487571822 
1.082619700415282 -0.08299982155797707 1.238219663469075 0.8581239784899736 0.04943307611241269 
-1.8734347196955539 0.4421546519213633 -0.14438759544574287 -1.2262097480092664 -0.33648526973763343 
3.20812406353723 -0.018304740169120502 -1.0506857097347233 -0.9912909279170096 -1.1528447259445167 

-0.0941192507736624
-0.05563473102764514 -0.47926512558584733 0.5568708733897518 -1.367760257990907 0.3376172233306606 
2.167155381344221 0.6629522323986221 1.9695314480457784 1.1706648884928095 -1.5391998349317388 
-1.7462714284741336 -0.41379939970780993 0.3154567701350268 0.08024040531446588 -0.8912183783417092 
0.0852151354302051 0.04094894373744029 1.012811206560062 -0.7811339480336564 0.26533503436056544 
0.814893243297345 0.2148183349767436 -0.6520688574460606 0.6506147123082566 -1.1596311469938079 

-0.27831768664920226
0.8256282161630879 -0.5367227700697426 -0.2993802765853514 0.12375199051991621 -0.659764796345866 
0.5965465371301333 -1.2557179876007267 -0.49600699786707897 0.317963504685387 -1.5796817316063774 
-0.012373171163382499 1.2601826921529833 1.2746807035171057 0.9737833750916726 -1.0602491987231664 
-0.26003826774468786 -0.5494537708915824 -1.3321367644860744 -0.30041349405500933 0.7701220482635085 
1.0280887480842484 1.295978981622338 0.931561693151362 -1.2546800634720874 -0.29439260099161063 

-0.04086449920983481
-0.9941663724978825 -0.8517286211206893 0.3096202826866585 -0.40807145459828376 0.039024434527897583 
-2.1837277311802357 -0.5852223230649622 -2.445487423294741 0.04915203652204225 0.5983812215128458 
-0.6124844175883194 -0.13435329147285396 1.5787165924088233 -0.8729426714211047 0.30076267469499035 
0.2891388648751632 -2.0105790850657086 -0.20874890303220955 -0.5037228744546359 0.19409424605574363 
0.8959954247880683 0.40945842621422185 -0.45691480257246325 -1.440274893089835 -1.6214232202402936 

-0.10320233195831786
-2.5666723503850766 1.086531155425078 -0.060912345017204717 0.8947116762017595 0.10116916948574492 
0.04490419622668144 -2.7695684930606927 -0.32217692709321044 1.0638857352154876 -0.29339759301586316 
0.572543646101612 0.12657273905053454 -0.14810408733570846 0.11428525567207745 -1.8841300924123034 
1.4345069869895961 1.2515682690990009 0.13542810178687437 0.9736426381299245 -1.1203108568304363 
-1.8292207099143083 -0.2337083774085816 1.0386696778735593 -1.3961897295209036 -1.2064521012501992 

-0.3031952618139271
0.17649611693097902 -0.8363540016498703 -0.15362011029371736 -0.6974897669106584 0.4016284804818333 
-1.422456040373169 -0.514935707321912 0.40696869602551367 1.5882881587723867 -1.236743470434033 
0.05698030080881282 0.5665266154396511 1.5026949451985216 0.1970806390758426 0.4616030494350814 
-0.6440612535439113 0.8778071015757932 -0.4427135619501819 -0.06964602726327344 -0.8805504584790571 
-1.0274934393202568 -0.6153021383328103 0.2650353883536632 -0.9474134437347469 -0.42296411513242893 

-0.16745448520517558
0.4300834136371112 0.8138800180062457 1.3809630824711365 -0.2726241380284552 -0.5049366724448913 
-2.617520328274147 -0.9995238396527902 -0.3114641368688259 -1.1847426816533295 -1.7765072745805184 
-0.385703684007455 -0.7139349941719639 -2.3872564253782933 2.6416135207843214 0.7104220349124435 
1.0628572429467882 0.6773404917037897 -0.5328172972205365 -0.15951729920338517 0.5971593689610089 
-2.1456834642099234 -0.374957375952249 0.5480220373635315 -0.2978895343894647 0.16998079032841565 

-0.1267375212667108
2.555780143722807 0.36090604855112507 1.1410745566900162 -0.27610404456501225 0.43767831719759753 
-0.4986416517655436 -0.5803477157524849 0.008752516775550369 0.5530936329156599 -1.188004132457544 
-0.5845451077637024 -0.293011797868078 -0.0970732065701668 0.12495225011463126 -0.9628647681092507 
-0.9272423899374403 0.374209242272905 -1.394952527361482 1.9961605414042831 0.6371929383666196 
1.789965541108626 0.45596035232292076 0.8552184777412958 -1.6201683524080532 -3.0371017270533316 

-0.266032290482585
0.38413860404510164 0.3667348537004373 -0.7244124378039135 0.17744392644183898 0.5458453499310776 
-1.5148747622844172 -1.1001380802426368 1.171976900917247 0.8872791809966465 -0.04434601569741977 
1.0896646965973351 -1.4722232548121499 1.6588082115176992 -1.3935121357850742 0.08498049647828129 
-0.4372327869008544 0.43644622941670774 -2.271000489946122 -0.508207033195756 0.8816465520245016 
-0.31646978655332153 1.5420056742737969 -1.2416714619000273 0.04083615801930809 0.7148321468710663 

-0.20064885417774286
1.259696962805661 -1.6588898022138436 1.8018035518988154 1.2356717648896227 0.2784963158822034 
-0.805826279842825 1.7463061977229584 -0.6949246245069275 -2.000594708212348 -0.14918434917950685 
0.4287038624120751 -2.0441522118462143 -1.1917633677973145 1.1803529310661747 -0.24301504177958796 
0.8881870684343053 1.2707839976490711 0.39112878189972816 -0.054712846063544734 0.22101543186383474 
1.1812541106514902 1.0381324996743224 0.656886893381848 1.2058529115501375 0.6615150776857913 

-0.018550500509783862
-0.5477215759243603 -1.2074195172508713 -1.414468707907523 -0.7031317427593 1.8446516355766824 
-0.12440363022778007 -1.1239839362183226 0.6857990070152895 -1.8107160803411628 2.720454856898066 
-0.028295995547862753 1.9980140815048024 0.37101984275837363 1.0140739121096962 0.005798588002077968 
-1.2357768983258806 -0.14127173438030607 0.5396727814502549 -0.9994449595253029 -0.16601744726696427 
-0.1295921028199692 -1.8436077198291698 -0.2207279846513599 -0.482501260346155 0.18927626414234364 

0.08753481152011654
0.980561446432424 -0.22882028275562194 0.894617378273642 -1.4159119859794362 0.8192638441084418 
0.43398093295412327 0.985091923066594 1.7082840658008671 0.11472191467698319 0.18469490005106246 
1.2940053677445913 -1.0342911160865185 0.6079953284425789 0.14302518013217205 -0.7422100271286727 
1.3681242089742383 -0.8101160167673183 1.2317423122499438 -0.5770415735148865 0.20067915751290796 
1.6454453873855033 0.2904555827688937 -1.0501363712975784 1.2987680507221528 -2.0707476975690864 

-0.045049473349163774
-1.1813005651967285 -1.752513691277292 2.0041268405660047 0.05596980805780252 0.9540078644536191 
-1.3388806818565349 -1.0072763073423285 0.49377647395894025 -0.5461786997271773 0.3244933407432482 
-1.772986532994508 -0.8672612696107108 -1.2441605174365373 -2.330612349232743 -0.1617670671782746 
1.1339633101501763 -0.5774252034717744 -0.7500934921229254 2.8604108501933516 0.28818267141133425 
-1.7692344647985685 -0.4342610293448004 0.47620789960610466 -1.7333730732086572 -1.2463619454840196 

-0.0663759160283939
-1.6416866419748937 -0.9041585186186353 0.2982390287225599 -0.1808267916785365 -0.15171916313864592 
-1.505836756236094 -1.8894055316626832 0.26673893457666764 0.5987764769047096 0.9262610278484936 
-1.8603611239487419 -0.5216347429568154 -2.9732578626484427 -1.2492643496191937 0.03126627392840146 
-0.33674993821810456 -0.126036692339029 -0.6318304716184392 0.36739398251104416 0.5323123365002211 
-0.665284256307632 0.6152162861817394 0.444727961558272 0.5448554204540875 -1.0396807855444703 

-0.2777586947845644
-0.4717391276748621 -1.4740242605339016 0.16829665381246162 0.060464115990556934 0.031219378992323514 
-1.0285085351019565 -0.631870712904848 0.33245607406029126 -0.2731002395267481 0.6508374040492748 
0.22699394323623173 1.2426835969808683 -2.7241506397792543 -1.233839434916548 1.8596085711700583 
1.3407943238124653 -0.3471554456147806 -0.2225150741514714 0.40890820090460844 0.026298962603952987 
-0.7303987952005916 0.32145090995778625 -0.9346236649700268 0.4160649674991767 0.4767680818829212 

-0.08426212140501813
0.09063176727886288 0.8601292139514953 0.764122612163119 0.5549685658251581 0.5650108413767264 
0.36579446027841955 0.5577123579735989 -1.8760691683551136 -0.5084521071050478 0.5445277238474517 
0.6743661446597159 0.22505543156540223 -0.7105602059267636 1.5529660672159646 -0.280770462957824 
-0.45376689319532343 -1.2092007620664431E-4 -0.9343344286147041 -1.9141207122626707 1.4878749958530226 
-1.1497098566426278 0.4279769264598517 -0.4621094648183145 -0.3674688697568048 -1.153960919796116 

-0.1491611561750301
-0.7688384117040551 1.7795092077905272 -2.239646549537298 -1.0063904148225367 0.41573528144379335 
1.4462747751096225 0.07333228467941307 -1.2264303763502007 0.23469974701990903 0.218120697820782 
0.30599326108684505 -1.1605905464480022 -0.8468324367871777 -0.5998326233169411 1.850132131737531 
0.15153637438297476 -0.16916374264257347 -0.7094230168182617 -0.5297416983677324 -0.6237882180094615 
-0.690854896929537 1.4686014094483903 -0.8792502756079433 0.5221212234008449 0.7320141643090495 

-0.12141676525576618
1.960025264777486 -0.3732553864303404 -1.1505855167795906 0.7582743090795195 -0.38020082220606277 
-0.18224015985769046 0.44396940307701666 0.007802013899774389 -0.6976096478040056 0.7415795151679349 
-1.4041062596516298 -0.15369272449581733 0.7881034955204653 -0.8596254142051515 1.063004034794694 
-1.092789905375167 0.5024651390886201 -0.7568036642082028 0.0629369057593455 0.09233211703834712 
0.0847426980976682 0.5595900968793208 -1.249700045775171 0.08359273073374371 -0.21957896799809354 

