2.695031584414912E-4
1.4602595747069567 -0.22153706706249637 -0.7210144459496981 0.11813620946995958 0.2131669943960297 
0.05353367616071165 -1.5354036484024793 -0.5195333732637639 -0.05458597588153449 0.15863581995391074 
-0.06598669830250757 -1.0266433228310186 1.1250681633359292 -1.327436062314519 0.15930654715091763 
0.13820964951766862 -1.0704021370394783 0.9859375718812642 -1.033877029565321 -0.39476440624239817 
0.542916478812165 1.0213591788393588 1.0461026333996308 -0.10432868522590953 -0.5036477412017344 

-0.012948906015452951
0.4860960548810206 -1.6134498372549717 -0.6059694954161537 0.16950689711239966 0.3690869990039586 
-0.24321676482726648 -0.4205852758030482 0.3087077092671368 0.9679946319172753 -1.307000459689527 
-0.9269507794998011 0.4965070367036523 -0.3718409029341601 1.0766675652355073 -1.375646720450279 
0.866108891665665 -0.24234461913773891 -0.11737113775767212 0.2255128667205595 -0.8229218527458678 
-0.12438389354411268 -0.21723836019121234 -0.7205851560267627 1.3074638916588024 -0.6235644911404834 

-0.008897695724699681
-0.9170961490659851 -1.5574683136829814 0.002524047154689956 1.8903568323603672 -0.6157447013478825 
1.8961616382333604 0.3879965383467352 -0.3483406313364609 -0.9220057749507867 -0.9713645412496144 
-0.1154711355206318 -0.8964813888686534 -0.4497392708069206 1.3026117969353628 -1.4956468025227834 
-0.5080439746441215 0.5033719560352214 0.15188810104903924 0.24970179957005845 0.4764104478216156 
-0.797047811577472 -0.6052470993884025 0.3457559191869298 0.5931550361949739 -1.9426962489027253 

-0.02777972651848309
0.10539011375829378 0.2198195922456172 -0.6571767821106884 -1.8443945634311087 1.0985643228703836 
0.0020656687925620526 -0.632783050400851 -0.6231916989159071 0.2797776403125406 0.2733992557190193 
-0.5708532378341742 -0.32168883770524526 -0.26493640365514814 0.29845998725482387 -0.7907060371974413 
-1.3828077092021045 -1.023006154418635 -0.01872913545998927 1.7386044302534818 -0.2914191723517055 
1.6225418444924093 0.8533570161100866 0.08227620895371737 -1.8051007513214061 0.1964892911594581 

-0.024423603596706225
-0.5488276031154826 -1.3071113261674394 0.7711904571033048 0.680702681307656 -0.13450922806985693 
1.2119823544130168 0.21735169660098708 -2.083997852110359 0.6367438989552644 -0.05089334701704038 
-2.0663690456317165 1.0933302403038163 -2.2567773153474184 0.7215567254008757 -0.8041703596269405 
-1.2909737602477869 -0.5772236897016251 -0.6845036619610685 -0.24704653833348136 -0.248013529572753 
0.8793160398798168 0.6211700051214853 0.326206025585037 -0.02805573712895487 0.3633902640682711 

-0.013457749706838926
0.31697662755759404 0.6491974119209593 -0.15988219143077914 1.2162441634230505 -1.9790890308868718 
-0.27573320397852674 0.7203234883636312 -0.21288919997942327 -0.013004080728085603 -0.2594002661750285 
-0.6938275896144644 0.7435639784514664 0.48331777962068534 -0.3639862985858459 -0.5984924334595988 
-1.5562394066771525 -1.6913874732624845 -0.5239899177107299 0.07589390316370723 0.9621623140680242 
-0.33517610306858076 0.06849362797236716 0.5210175870094319 -1.1758811929986435 0.5165528704375384 

-0.013004430178058505
0.5422833990141243 0.19536384337510165 -1.0590816044646645 0.3466363171165535 0.2119663072732125 
-0.003846094962378881 0.7324321016521836 0.9610531960157102 -0.23742968271318343 0.008643064047571824 
-0.8188935583347435 -0.7046647055961237 -0.06580417541555615 0.18483529745233845 -0.7676441165420552 
-0.5066046087214782 0.3704998901912996 -1.4185853014864827 0.4384173653112592 -0.337120480145314 
0.2647213813763792 0.5794709572472058 0.8938626491908388 -3.1048867195436456 -0.12786165382506454 

-0.02081570379001431
-0.6078788382344037 0.20696658373123403 -0.7549649925399339 1.026002771837853 -1.3687270038970774 
-0.11315597562095511 0.5933628444100267 -0.4733949494438578 -0.13711146024044596 0.15484624796602708 
1.108406072694965 -0.002699607055843021 0.5940700438683263 -0.7173567108451337 1.1795186101429262 
-1.5171081952719958 0.8384384926213063 -1.5043025826649123 0.8615287334529883 -0.6280933531415362 
-0.483564453725707 0.03049852344461058 -1.7337662888004022 1.561882006064228 -1.0864082987220351 

0.010204712804694115
0.11420411908657997 -0.5585237157378534 -0.5624155670782389 -0.4955273506403564 0.46166031657621626 
0.6496305920358371 1.1331414668985087 -1.091479468412989 0.09309388273366899 0.11882023283656207 
-0.8560526459746506 -0.3689207205134986 0.4767746568579484 1.019567082088639 -0.3623247482678281 
-0.8420346192656409 -0.3728080453558718 -1.7735923204610988 0.4109443076194602 -0.776872146555533 
-0.031732029862786365 -1.1548889616950966 0.563871137659326 -1.0557643529207323 0.01862134242905146 

-0.01663467615727642
0.18264373662701147 0.773902976977497 -0.9083959909504952 -0.7707111802855177 -1.0324974166949827 
-1.2530212763301138 1.0347474855438588 0.17467253776899624 -0.6743941132256523 -0.12165684715826233 
-0.30730884400704955 -0.08052661157681062 -0.40741954546339976 -0.32117531246287423 1.6393165211379739 
-0.503843793646866 0.8450125106500372 -0.35016972368011057 -0.3501396809207827 0.3680283159431158 
-1.3024359054950663 -0.8913976971458759 0.14526831735751836 -0.3413214046196704 -1.283422462013095 

8.498116822671386E-4
-0.5038029321264337 1.6753601709342758 -0.28495862930250304 0.2956134411555188 -0.20378452356345195 
0.2795035840511245 0.33608339046007313 -1.3813334297047353 -0.6374847329192939 -0.2365823172457336 
0.2470824024361801 -0.5312513812584789 0.46065246584889324 -0.04751502411266807 -1.6767316745711511 
-0.5069091809914887 1.394997144708819 -0.14897772692317532 0.4166081000223864 1.0895380723244088 
0.36974907155790815 -1.1290376520997396 0.0011558701413342382 -0.4780161721601849 -0.4954034808468211 

0.020916597988158942
-1.3057689841454516 -0.6647927522757433 -0.2748405420002934 0.23040077318518468 1.8278952036186724 
0.8156058571782098 -0.04553319960304142 -0.6496967815190378 -1.203795625994363 -0.28596196871498064 
-1.0333247634768459 0.6608863284748575 0.5960902203481283 1.5481366801694596 -0.4031918234287269 
-0.19512861928957778 0.7442738482423981 0.04888223426250513 -0.12851684006292166 -0.4975948863226577 
0.5863186421973337 -0.8022392864638278 -2.277369563632081 0.5429056841292716 -1.128374037295788 

-0.03821005985693949
-0.6188172741456802 0.5537118230378291 -0.05413197563925327 -0.768871566477036 0.3770562901876445 
-0.03282251164227357 0.3435193313770533 0.17322675696635734 -1.0154628311708938 0.6193808973516263 
1.439098166110903 -0.15832729939608636 -0.6532801527544885 -0.2285774899701816 -2.055590774864019 
-1.4852150807537297 0.8234085915834903 -0.4378916438200788 1.232605882812614 -0.7387358605680102 
-1.5011800143713925 -0.649415107773932 -1.0869013368922706 0.5502354578775165 0.1580674322329095 

-0.001861336684134578
-1.0200795548201378 0.8736248848894878 0.7136066986449792 -2.0040103701281837 0.703035901472647 
0.6211788810929815 -0.10736700365945452 0.13689836495157057 -1.8897882090050684 -0.4725857034554845 
-1.9053117605036463 2.6161156757078268 -0.7231350318205536 -0.6060820143188212 -0.38342162250260803 
-0.6511981677180492 -0.41647474228944154 0.22500483941978572 -0.6305942957647183 1.4773684415739137 
0.8886288416103764 0.07585564255799598 -0.5648855082769012 -0.8607855279427302 -0.15966583593965905 

-0.01757300230810847
0.13620978691669403 -0.293618099413662 -1.5834040820087225 0.6439000961767147 0.922577497991385 
1.6245810358206894 -1.1523936072008933 -1.9804263918232172 0.07872414962257944 0.35173701857937245 
0.8982925609301944 -1.5768240224969323 -0.28840533356335124 0.2822184453992458 1.039405043736248 
-0.7125429712047482 0.5073273181599884 -0.26588147592857564 -0.6367085179327812 -1.5936363242416014 
1.4121046228279899 -1.2094815725657269 1.270990009724942 -0.26131481195471745 -0.839505597622474 

0.004184499387070744
-0.4178444364909541 0.9254164770527336 -0.5863451436824598 0.4020648233118846 -0.0960010360406433 
0.5621601543682787 -0.19757301452829223 0.21992884896979975 0.327591265790739 -0.43394058674295793 
-0.7200088516915135 0.14333318758537628 0.5706758641967341 -0.6335189887186977 0.10946897372790064 
-0.03056940969464897 -1.0717773466679343 0.031007297546767443 0.7535522875925245 0.18902816264641886 
-0.07814794771238079 -0.1749651213449639 0.5331378108664634 0.6867440379276394 -2.3385631094147166 

