-1.1494060819308796

-0.3479280285361958 -1.4540221422063961 0.15472895924175176 0.6643100018005125 -0.9888028718939821 
-0.23506616571948938 0.48008140887330636 -0.8223685912764593 0.9586686005425807 -0.9319795191416897 
-1.3590917611323972 -0.3065576414970529 1.6245528826967883 0.9535260992397442 -0.5201236189985557 
-0.36934313330840757 1.431566876967084 -0.10231184759963884 2.3553907879982896 -0.39711363726530036 
-0.8060080816662809 1.579673269744592 0.9896970922809466 -1.8393171402182187 -0.9248916124210603 

-0.22228988679543815 -1.522584071461613 0.02442592159354632 -0.1304448141501998 -0.1525346024447619 
-0.697483011481297 -0.34963721667920267 -0.916043367506152 0.645908255051513 0.9147676176989391 
-0.2121901915143408 -0.7059559018886693 0.5722166107557581 1.1901343922717966 -0.8712946300829811 
-1.1031522375839347 1.9270605358165167 1.2557869890733484 -1.2002705360137476 1.12761533525023 
0.5271611130965921 2.0150566137807298 1.7223991534028877 -0.4722937680128202 0.7658719228068143 

0.5876959991470412 0.19932424135725968 0.34446028635158404 -0.23820817015222528 0.9849011442677226 
1.139291894009288 -0.2075588767458884 0.2099282202873738 -0.20034730312645319 0.24889763570620238 
-2.6099278113155577 -1.4164027336303482 -0.2192280014428105 -0.8231598626957989 1.4564613386265188 
-0.27569684002685096 -1.1107032635404748 0.6635978049580762 -2.4549907034128866 -1.3998857836240213 
0.5864986578340764 -0.5910766095785125 0.283070621964839 -0.8114458513859533 0.3792179787434848 


1.7361467664735986

-0.025180304073496695 0.1576292166055332 1.1414327905605999 -0.6856862464697913 1.0831315787791633 
0.2888135348174792 -1.3495988416454165 0.5036565459759197 1.7775446648307272 -0.07065298072142959 
-1.2161760583228136 -0.27373660217569745 -1.7027999624500514 -0.15008849026473822 -0.38640240881163557 
-0.48942837892579766 1.7796654273029289 -0.6121590222797311 0.16721999057347783 -1.2398483371253632 
0.34152003640866196 -0.2643956459318868 -0.2418858668595729 0.7832856092025883 -0.13345839804219958 

-1.493001194253989 -0.9127654196490051 0.4476432989415415 -0.3648196358999119 -2.2593825032441197 
-0.28901256325161784 -0.5293305536174804 -1.4144158225210468 -1.3954592391149991 -0.6247218456674355 
0.6888507923809438 1.797105468386787 -1.5119528593377058 -0.38667539643054444 0.8471314101022255 
-1.9949019148278442 1.395083482825972 -0.5971382872979789 -0.30732014467566615 -1.0867239995925184 
1.1729393133782593 -1.2488538613807765 -1.5930751335853883 -0.2900582545178377 -1.6507545858552235 

-1.0908265670094983 2.444505744988996 1.1221365112671362 0.21964859065150646 -0.6487292820633056 
0.6062097286987865 0.19685408932572976 -1.5465151452686106 -0.6930193190186402 -2.2504256086020384 
0.9681418502054363 0.8123836890611302 -0.9307347470215231 -1.1217237582268833 -1.6647712976635782 
0.17205550342126508 0.7014419397384026 -0.5474227569770289 -1.1534338818644883 -0.006023637425612334 
1.3017265192040401 -1.0558863953607556 0.49742932268632545 -0.08811995522978439 0.926524255372133 


-0.5978420745297581

-1.009937431304847 0.8281194835411144 2.355014150326182 -0.2615656204384501 -1.369331971215631 
-0.19167501061861278 0.3932490960395227 -0.01886818626567461 -0.18632820284361065 0.1636361982189561 
-0.5701362683101359 -0.40530251274408424 -0.9574127395966125 0.5810303181967362 0.1680831058614764 
-0.993050671768753 -0.28384760895489664 0.6984712588244884 -1.0450357689328056 0.3045479111333611 
-0.5278049509091605 0.9960941283816213 0.9902094035712484 0.2366198395155785 0.4905254775115743 

0.5165681526535194 1.441382013500307 -0.15960659650617423 1.7500083600183 0.447469782078422 
-0.18039698127922563 0.7854148935956607 0.38816922503655255 1.2615441239417957 -0.7385728641565463 
1.2587164195349487 -0.5782175105672611 0.9875780070156678 0.3718661249469685 0.7770880100612927 
0.3405254930894882 -0.5462486020927115 -0.19568022553909234 1.0453843777396756 -2.3639423239751443 
-0.003253453702707709 -0.5581692987856469 0.48518717946623036 -1.433282868211253 -1.1713879990361673 

-0.5483149352306468 0.22819037039149306 -1.4960450052720324 0.2229061507348453 -0.250702464884314 
1.3010698303984967 1.5822721846979637 -0.19652018024832396 0.7886059964918956 1.162320154743539 
0.5354431130164443 -0.4235366469612268 0.5036911823675251 -0.8708649156745731 1.6530524929175234 
1.4561414308466951 -0.5694702588357725 -0.8660971810671894 -1.4143340588108637 1.1645704104432455 
-1.9738070804004317 -0.9555459036211966 1.5207061953095362 -0.43000479875194303 -0.23124867606464986 


-0.739569163617581

1.2723420305020259 0.3406742348737353 0.14135702193535646 -0.9864601101411727 -0.9082554774889197 
0.09645155986605357 0.45052232436208517 -0.13823292660343592 -0.6147221550001629 -1.0144599027600734 
0.18058394077816925 0.09208208088725343 -0.9418467583736617 1.1324795946385184 0.17873797915047826 
0.8588876785885673 0.44322278344140625 1.7506345710963092 0.5919280066061188 0.07884536992364462 
-1.3526604960583002 -0.7051888839781115 1.3245774947466784 -1.2921654467555919 -0.3102705266120581 

-0.20417553960586574 -3.508957729084646 -1.2416886480740719 0.18297704491751515 -0.103866807705206 
-0.30506592397786936 -0.5737306356835739 -0.45300908676606344 -0.9533312367777079 -1.8280447096679027 
-0.553787761550506 0.6548866167275608 0.9856706284073957 -1.0137811716153036 0.24456755597320357 
-0.4203455017091451 1.0460833252263817 -0.8570085979440489 -0.010217735539707153 0.19093304796355462 
0.2185896148407168 -1.2271815310373742 -0.6309650173707991 0.22862201611633873 0.5732893963989307 

-0.247889624328153 1.6672594582008078 0.14049536359399864 -0.7599397480997376 1.1670693861497823 
1.5334276117595869 -1.3504704814645947 -1.01161133498279 2.1943526582133113 0.5767226072371949 
0.514604326148155 0.0016086837485529033 1.1075333143932409 -0.6921097022516934 -0.9875420633993016 
-0.36035362377923036 1.4151782810852933 -0.051907026843034186 1.0661196642519923 0.6764859458496976 
1.7292434534310421 -0.07285019584713515 1.5547454577812656 2.4727465921479346 1.8023065332599075 


-0.6948608845500148

-0.37803447434302173 -0.3888985412958178 1.5066265471139098 0.4033999827849445 2.091973422283125 
-0.056635276891962905 -0.39956796033742475 -1.2945018398491366 0.9658838621364901 1.144045865538985 
1.2727069714659371 0.4085855371261486 0.8273665023409267 0.05674905736451416 -0.00587379507497396 
-0.7883002400617888 0.3176082204634994 0.31216936285011787 -0.17826942026117157 0.4826569704396379 
-0.6674207427776688 -2.398187454909793 0.5193351774588089 0.9432544139483156 -0.6912400815545113 

1.9835334364722725 0.6968746749788416 -1.7291604759736912 0.3636796353568613 -0.21541576908673446 
0.541948721467618 -0.1693199194801807 0.3263486794030881 -0.31047549419946785 -0.12856168041445937 
-1.7644410464263083 0.9422865203322686 -0.6228188757128033 1.272128433307637 -0.7015590109864139 
-0.3349790530475104 -0.3813874207023995 -0.5749734113801857 0.30766430349988344 0.9000371354713698 
0.7936076297159922 0.4699520210789494 1.1883573119566928 1.004879897237103 0.20816503149117213 

0.29865181415573544 -0.9325809069934515 -0.9453633644654801 0.6137609861991327 -0.11613909175684328 
-0.1806261462160467 -0.06221031408429093 0.13514692646515034 -0.5646888427815815 -0.258886683601388 
-1.3526840790597467 0.13898163812215286 -0.26913920638724 -0.4268882119059287 -0.1463672724637279 
-0.0763938124632184 0.6802039718550971 1.044306330050185 0.3105873358269385 -1.072755805735505 
-1.319423313197291 0.28577762655460637 1.6440671094389494 -1.012633713496304 -0.22196931027658995 


-0.8486371087602824

-0.6799478214201296 -0.49313035991036275 -0.015160389853652676 -0.2146928543246145 -1.0661462755314177 
-1.0601392634236757 0.5173301697113536 2.2676288207401 -0.21702696540171101 0.6810784043382945 
-0.7708605856357705 -1.9337521138522098 -0.7025038847551429 0.3036448611253802 -0.8652347971742562 
-1.1111168779892189 -1.0592208945520636 -0.6332140949173751 -1.6650715592409182 -0.48337933724640686 
-0.7684210706236277 -1.0374048760014847 0.8098543378803227 1.0407935381186273 0.6446044888472899 

1.8888788827582188 0.2627806004599117 1.7007936801438566 1.0400685847208995 -0.8701077173523549 
1.5386801453876384 1.300046892863875 -0.08395170372724199 0.6839469387191196 0.5416071888140395 
1.0712162835644197 -0.9677388620106242 0.536663460896737 -0.28096522091323384 0.6213646567720935 
1.708928662563558 0.5918539127709439 0.7222842396439088 1.5796222522223187 -2.078346453039383 
-0.010599768474539705 -1.093078855503794 -0.9409972657422225 -0.528537814325858 -0.2850910428547771 

0.5040519522072423 -0.5181904605072631 -0.49130197142329707 -0.7787907833367278 -0.6754786101551303 
-1.7917957500021229 2.1879039877512283 1.4685548305109124 1.725418809007733 0.20355260875591763 
0.31789969635103743 -0.5099593725094888 -1.949518950838366 0.8289293251524922 1.0148582681017297 
-0.8527504826317318 -0.24357773079819517 -0.05601641512054332 -0.1024313833697794 -0.16559183743917064 
-0.4997001888525953 0.8145602345877571 -0.07005111847712382 -0.5213706005641061 -1.1581965078578773 


-0.7645412901142635

0.018981555404936203 0.09465883622710568 0.7427921415310895 -1.10359424764082 0.9203097458742168 
0.07266618469741068 0.24821309480024656 1.1510261378750564 0.5970963483409291 1.3957648740155464 
1.5337803880076932 -0.3391677869204943 0.33976406465124187 -0.683593314960784 0.11665396348840446 
0.549720809189634 -0.22497440107797406 0.3668506298549335 -1.1226393049251222 1.1800699391298721 
0.7388223308270133 1.0046449236510837 0.27001857308102417 0.01150158865198269 0.4303184804034882 

0.6006474100153743 -0.032371359605646265 -1.182814936941071 2.2039765742346287 -1.4355988727436988 
-1.128079083668282 -1.2003172505243136 -1.2425619081251438 0.3334658774022706 -1.3434189656446756 
-0.3266906869086462 -0.7380548602583222 0.1747410658205738 -0.5646521338357126 -0.2756924542128641 
-0.634945657831795 -0.03407725543413629 0.598286053312348 0.4007361792508897 0.8520914519447805 
-0.6759794323900562 -0.37505278045527585 1.2145763782061287 -0.5899515273964574 -0.2594183146016828 

-0.3209273664310353 -1.2663395892428113 -0.5739874111132283 -0.13298741081076068 0.9867857326243112 
0.5042943393294727 -1.1570989753547323 -0.8186797513571321 -1.0209336355539538 0.5540767649688964 
-1.5713258055024313 -0.08043889389796709 -0.20647779724685758 1.1905107005720923 0.559307121930323 
-0.4442314589217012 -0.03327737591721822 -0.9683349250517668 1.332355301620998 1.4027401707478189 
0.020787828187306297 0.7377375301918334 -1.0305910950101653 -0.7561054081574615 -0.2496400230917712 


-0.9463145714839286

-1.1278309974388814 -0.8436794224946731 -1.1498998193238548 1.1058335074039642 0.1091441815948046 
-0.22628817152022848 0.9008810674781829 -1.7167260716460502 0.7964102289808083 -0.17243165263273602 
1.7505969373163681 -1.904212750543971 -0.878800105643614 0.6393748815667947 -0.29596470468368913 
-0.2642142403221891 1.3959209237092323 -1.296092095120883 -0.1713498250302848 -0.6551463798474884 
-0.04868067132700761 -0.6113427058833372 -0.18028892260851556 0.622980009414249 1.1576129835855988 

0.9946294346618363 0.7378689092885851 0.14763933885100833 0.2760039901239737 0.35089085448103013 
0.7876371290395414 0.6762089991298141 1.6820528710154627 0.92428694557956 -0.5981688635460961 
-0.6160611628603286 1.4726866204883013 0.4257991746403306 1.133859309851822 -1.1157288135076011 
0.17281936124457734 0.6682197099796545 0.4962711084110062 -0.1027393911987369 -0.09777831693319004 
0.32349357232006937 0.6480633411110656 -1.7158503242310168 1.3950586753360732 0.5275570482493991 

-0.9489588801635214 1.2970539996548747 0.21921927577440437 0.29003985361047013 -0.357541052336884 
1.0963235320932274 0.8273914380881621 -1.1086658371097744 1.5082711590532218 -1.9842052031167972 
0.6916794350633849 -0.12150206057566716 0.8156695594813772 0.6428347473775226 -0.0909041650015587 
1.9064076357355793 1.1661750319501276 0.3963178312086958 -0.6108659868908746 1.1098120000454923 
0.47423632944420757 -0.081451718244589 -0.8273872500303909 0.6474631487777837 -0.2695517263299989 


-0.6991592052292829

-0.8781519251888851 0.42016457436616617 -0.4852843873020938 0.8662076153294441 -1.0111402035141508 
-1.1885704128307288 1.910873472544589 1.6195247834914825 -1.1695818647453968 2.1798747175242688 
-0.28166034003573537 0.24733955169359545 -0.9626769787748387 0.6734543142425914 -1.1580045534898342 
1.6535958458710431 0.6936823739630362 0.7474425132229108 2.429124882291044 -0.5512221488335811 
-1.5272626649036918 -0.5414479015754495 0.8991420892450347 1.1011018226315221 0.26832775658869795 

-1.2141139231768392 -0.05314373464566778 -0.8363622990995402 -1.5900114457907901 0.1452568394457593 
1.6682568873793877 -0.18410488751162307 1.100490143922595 -0.24355789874401318 -0.8703062731048099 
-0.6839088057263433 0.08123930188390288 -1.0479287457572501 -0.27806671696621593 -0.365178287496469 
1.0688369306651235 -0.32478906872971636 -0.5472302671675845 -0.7135527037113448 1.0897937252847265 
0.6252180291195444 0.3183024129458668 -0.8845902425268104 -0.1593035836963457 2.1070695794976455 

-2.0606352560742516 1.0697924578022273 2.898531621432328E-4 1.7352861992526585 -1.0319063446392605 
-0.08894439633438754 0.17198034633073375 -1.4550036096740555 -1.1519237976788181 -1.2246842047325306 
-0.427033029189597 -3.189547097171072 -0.2538748798453429 1.4519131487883867 0.7883813466020084 
-0.8787979583611323 -1.0608311159064308 -0.0013693937379678453 -0.09529260915084685 1.898254929089686 
0.9643151824287525 0.02330157986196441 0.1493630267816924 -0.1951265334038095 -1.0330135847445736 


-0.9455743254954583

-1.512080942422257 -0.8614669649780871 0.5455765399618995 -0.5914550662112484 0.11307731735447882 
-0.17787743839138104 -0.017781019365920428 -1.1435777592387135 -0.14972174005010125 -0.8241030994129128 
-2.2566284565043953 -0.8015035290489295 -0.2567579775810896 -0.5235542038117945 -0.5167886299203404 
0.23467682526333491 -0.9364514313232137 0.12057838910477245 -0.9656894747056337 0.5025605092778931 
-0.39895800330192416 0.3334159516009625 0.33212496234686445 1.558036896802618 0.7923642150482771 

1.904995707190129 -0.5778571316495796 0.33435026197489265 -1.9829784185674542 0.930917899881362 
1.0082142776244876 -1.7032489536136728 -0.4238163895705135 -0.99004866913997 0.24614247560756075 
-1.6510902398853418 0.5750110466055097 0.21567277113435593 -3.213366815555126 -1.4690916821621753 
0.4617223213910291 0.8573873482298471 -0.21914747022447845 0.44157288314840343 1.0488125915278623 
1.3580193149371333 1.1198914426241504 -0.500650428751986 1.4838071520600564 -1.59104654894526 

-0.11320602725886536 0.11849838190878118 -0.8038203358224555 1.1635730756982696 -0.8304009588781829 
-0.32018021193058355 1.4204657811421724 0.31297819854021636 0.19902992382728277 1.2107766188745863 
-0.4692101943357453 2.133490062560488 2.2084874694248846 -0.4383898546147525 1.0199642973428393 
-0.811109862155977 -1.2355387106007152 -1.1831695267241649 -0.29948501401603883 0.6154768970966995 
0.9789708550427806 -0.4623046434149222 -1.357218097242172 -0.19437421878708205 0.4818120955736327 


-1.0278543512539706

0.164061230592971 -1.2625028311237 0.29007748164347447 -1.298215421930492 -1.661989107898529 
1.0445040917378905 0.4650477165311276 -0.8899359362429252 1.0185358227852275 0.14129558594884353 
-2.844612748920769 0.8813816252411559 1.1567686981417016 0.20876344515421108 0.5478030335606776 
1.315608443357652 -0.2009050923168219 -0.8592905553395855 -0.34653985232688655 -1.156612475195638 
0.40736694287198033 -1.2713426735536006 0.7798536338326136 -0.4723189970850207 -0.4915244765983082 

-1.9191692170155317E-4 -0.9636222582800419 1.1685215853989712 -0.6772654985937998 0.19198678398381752 
-0.5356623187882347 0.5729058095513224 1.4309956238010266 1.075752389050411 1.1561671438870946 
-0.13933407564867337 -0.06726825184928541 0.45653338332995236 -0.5222858444212409 1.3336355721238706 
5.8736332895529124E-5 -1.624189727618339 1.7154067757310614 0.9015242587441961 0.7275344412768575 
-0.7053720815058129 0.644816043581115 0.48272386101134046 -0.7669975775322496 -1.3933542676886725 

-0.748533378168223 0.2451368193722371 -1.7482363524746662 1.8761218062224345 -0.4152251608264565 
0.031038011924921685 0.7520418000064549 -0.2462385905245495 0.25489653233941906 3.156926264340325 
0.9396935682731296 1.1273038049744457 -0.43077357081922213 1.3276219489476613 1.2967091529260886 
-0.05884874050015231 2.150141884933173 0.8465001886087742 -0.5742049284300469 0.14117415164709043 
0.4007434980569673 0.3548807823628788 -1.4599533453598474 -0.7915072784946825 0.8858744015156991 


-0.6604343294258482

-0.46084041529712977 0.1565213284072108 -0.9685490517137977 1.4777805944281568 -1.6355398411649755 
0.5047598548432098 0.3505792180982164 0.9120197522747469 1.1169645738429115 0.6365924973010543 
-0.6041960154091438 -0.37058855690119213 -0.09396305168532997 -0.6030092009998588 1.2240407300675844 
1.4279638346994363 0.31606679225775725 0.5827649592580642 -0.07755828584029849 0.5287892049173628 
1.518451058541117 1.5490709992892837 0.9997823461746816 0.15720935702675393 -1.6346178991432256 

0.5717580046490024 -0.07252260389130215 -0.052334720338952374 0.9597441912300736 1.1199328992005102 
-1.6255915429641348 -0.6580745631990425 -1.0723752269421654 0.27788367201377134 -0.3619578678677334 
1.8666545322490398 2.202384393019337 -0.536550649885168 -1.7133556250656992 0.37933725003672725 
-0.8783793034618252 0.6514771189092365 0.660042108769957 -0.04483803177933829 -0.16057321973861413 
0.4894865801443305 0.3356912248932014 2.095423596196156 -0.743331707736924 -1.105406950143751 

0.8669809479843194 0.4155604046763356 -1.1903610294168652 -1.4935451246259217 0.32758502080740204 
0.1261973847590783 0.8413682069026283 0.2982948489866967 0.8147508786833143 -0.10402774621051492 
-0.2255531735427616 -1.855428991705977 1.4764010457052477 -2.076564404459097 2.3301807502221425 
-1.6515035891359247 0.23902534132007403 0.8452793143370957 -0.4078786649515738 -0.16819696345186225 
0.2265996738786202 -0.6493953168812745 -0.0991269908622097 0.6126145839038124 0.08537375359688525 


-0.7204991971931136

-0.13550399780605166 0.29813198269919694 -1.3096194605617781 -0.11326959113683127 -0.28315927229742166 
0.4158276906891864 1.3003832705864098 0.21805989795425476 -0.9012138552465242 0.5886530019864886 
0.19222134741646263 -1.8440656557090576 1.080348164552675 0.42135625241533387 0.31682752425631444 
0.4447970434021742 -0.5179538012224936 0.5641891164104091 0.461116728373477 -1.1321139433195682 
-2.2371647183137506 -0.3173897323608081 0.044564102573607975 1.3537637749172675 1.0992535792301201 

-0.060282013909699166 0.10675159227456543 -1.0613387092318225 0.7374064029941404 0.9986638471438036 
-0.2570322464876636 2.437523358596007 1.130437872622932 -0.4867861818952263 -1.1131968407133352 
-1.3394709907896534 -0.4673325406974131 -0.7846890045984861 -0.892557610181838 -1.8295618574531962 
-0.2579610632300746 1.3180386672847693 -1.3672506692274469 -1.0741702276589757 -2.0332751356822074 
-0.21299017083909894 -1.751958535529839 -0.3837942052443398 -1.398865497075944 1.3732311349224866 

-1.5471504696532339 0.10503065053141403 -0.4298735981338157 0.620015249775801 1.166811049797304 
-0.07450595515843082 -0.25856175214766924 0.7786487096658004 1.5769766073922613 -0.3344387833472226 
-0.8574461214633796 -0.16571045159314346 -0.49014018822522215 1.4652087068206525 0.3296208565122324 
0.8530538158174202 0.2699506625334476 -1.2995050929647893 2.1318891460413316 0.04934892668348071 
1.2038074762434714 -0.5974834737981455 -0.81990584368333 0.9290346524516461 0.785562791569947 


-0.8465309819766921

-1.5350474927854731 -0.3395685941512579 -0.15851614870639938 -0.052270901933865375 -2.281036895336883 
-1.9197204450749084 -1.0141616186981182 -0.5613119321245132 0.033419943176836164 -1.177917312699638 
0.4974888630528722 0.2428357828881398 -0.9801446962385503 1.8230195926124884 0.9421333993493204 
1.4303423606884869 -0.6705679666369736 0.36030928081748276 -0.3930685738501523 1.723296990847651 
0.8546183000328892 -2.483936236496968 -0.5354670627091558 0.5210282305030746 0.2341930775127817 

-0.34711197321852044 -1.7464689613116502 0.6711754013272726 0.6629978037897623 0.10372986394507167 
1.2220988913437254 0.7169069588208115 -0.16088242357679305 -0.8239114432515414 -0.251343419315042 
-1.837495275705239 0.03848969139064612 0.36553168824636467 -0.7135078925195882 0.840584161241425 
0.4672605889642754 0.4822709018723383 1.1091746282179153 -0.7112868512215885 0.3036122029973554 
-0.19805523257185764 0.10905216221176366 -0.10400201798412324 -0.7922452827604991 -1.2820032565414055 

-0.6038552360892401 -0.09292243730649684 -0.27621253027192194 -0.19295145423359053 -0.2676065021362884 
0.18353118886618014 0.22940197583053587 0.22861785164051623 0.08470857080752194 2.9456983709327056 
-0.6550233178750113 0.8680427836190684 0.6329859377161128 0.28438566680002786 1.9979752040698315 
2.0734253314390507 -0.4399920916292012 0.9997400375825476 -0.7741480755047245 0.6180174219538535 
1.5399899318796604 1.137104420157433 -0.8346649172421261 -0.016518771751125854 0.07726664381874626 


-0.7899290103971262

-0.5553683970575948 -0.8101973981421657 -0.8575278560358671 -1.3128592174789278 -1.6642991552772453 
-2.325906497657795 -0.23230915943571823 -0.5045139251488985 -1.6859563370117199 -1.1053768223138636 
0.923570693350548 -1.8247443132406904 0.9408339892476768 0.17529344870449384 1.8099308106410803 
-0.42704209325962794 1.2946710924646418 -0.5464194271169787 -0.9767885518244764 0.9491491521892514 
0.3786709662545727 0.5223036093221669 -0.684368061252285 -0.23744105597645043 0.967351191324661 

0.8121520662182153 -0.09792383922177128 1.3980699005620813E-4 -0.3576492530547679 -0.908986768650977 
0.6074936868244912 0.7509816646027825 0.4189237899571529 -0.7410004716418161 0.8892616593352167 
1.2192841499361666 0.40411540889835024 -1.5770835911407295 2.9999747348310226 1.9084099225365507 
-0.1330820361364372 2.008161170818114 0.8195140464406389 -2.8555339553726093 -1.4017894133085427 
0.45192581115573527 0.3270670874495656 1.1935187441159418 1.9410165891249944 0.6858161307018747 

1.2604365944043465 -0.5399097906657332 -2.3753774080365337 0.9695668774621752 -0.5923652264123257 
-0.4111846855759897 -0.14675291830497766 -0.5626403962704005 1.6137669780608417 0.014912523032038083 
-0.15612054045252782 1.0752176757250582 0.34848132122522785 0.2166461296178031 0.2121947948114395 
-0.012287354201853649 -1.6885639290751322 1.1954730717858306 2.234644623986787 1.1992743811055253 
-0.1493007314468346 -0.8515306026100832 -1.0286599405908106 -0.4498230947402817 -0.7847454159824958 


-0.7320514030100839

0.786315483622986 -0.22447859059807676 1.018707618084001 0.5965983214627706 -1.228848418942218 
-0.4251707547902637 0.6784339576542335 -1.7864645129540004 1.449893177572045 0.4836894126422971 
-0.09993150879011788 -2.5146819738769843 1.8756524652539315 1.5678803642951382 -0.645309350416363 
0.6493689508343422 1.8693770939576209 1.3525579635550853 0.3891019622726598 0.06900516691852353 
-0.1369625380140227 0.7760003498739069 -0.8679316024925781 0.17239801401851754 1.0453023607535383 

-0.9014231535902493 -0.30447260760918876 -0.0482425468267119 -1.2060668942678072 1.9531986412450362 
-0.3406401229375968 -1.3851371107867394 0.4178585894299984 0.16701497396424783 -0.9716001770434135 
-0.23317361454239013 0.13688260883115358 0.9052041505436759 -0.5240597719430508 0.09814691569148379 
0.031431353522373216 1.0501371086937248 -1.2031862430980826 -0.5307864594744852 -0.6054972376616001 
0.1486945937022466 -0.8122926610284432 0.3990008294740825 0.017657494473629173 0.5023551393185186 

0.15926143762891837 -0.7013318889887853 -0.2658754868995039 -0.12794211773429348 -0.8595231681043247 
0.40963153994823337 -0.17659572485357586 -0.29410146983090535 0.2961593484984759 0.7178047730050621 
0.8161695568200423 0.12368605773176015 -0.4433941369341291 -0.5849867330479218 1.7666522544123748 
-0.06719859178942744 -1.8575431889618594 0.6203217285230657 -0.24099255960968935 0.7235078465718936 
0.2953259026534361 -0.68267502966144 0.35416034003048047 -0.38149414712338114 -0.15336825380531155 


