-0.06668665624213041
0.5665842682674018 1.0249848136603168 0.12554433297295925 -0.5355496791799393 -1.3002689113045733 
1.6486949135703015 0.2588451985014533 0.6801299877634475 0.035811019044519665 -1.7836179919344584 
-0.4528164561335838 -3.276573295703002 0.12284254571523659 -0.8005091245953835 0.9253221596046581 
-1.0183715255600787 0.8278591996115806 -1.4910583450864912 0.9641471008523762 0.15454793783114656 
-1.4960013012959692 -1.2415246452032922 -0.1456292543406652 0.6339966737907313 0.035511989953655426 

-0.05341673008860477
-0.7737627566236784 -0.7941566874623391 -0.563479852744483 0.15466009612549483 0.7587073096376772 
-0.23825879530623495 1.090584055999423 -0.9341793725440317 -2.2589604994274763 0.947167352979991 
-1.6063216283183928 -2.5374521354232527 0.8459240156573589 -0.4269887845514864 2.0337440303907264 
1.0995041941471622 -0.35904310366193426 -1.649451918104526 -1.9554388114643189 -0.09821956760323669 
-0.39694454780945576 -0.6238197163522919 -0.5220687180618857 -0.6710394491067992 -1.9836800704842739 

-0.09780003310829126
0.5272059676048582 -1.190255058083539 0.9803139222272604 0.5815201459095005 0.5517137806766966 
0.024386766597807596 -1.75003520707939 0.5692603975169072 1.687773611364856 -0.08476336301102158 
2.1069803745284332 0.7933641741153542 -1.0975562041344975 -0.9391535359697818 -2.0178064886113014 
-0.2757206632398432 -0.21903792780818568 -0.26921511034883194 -0.6281048571245381 -0.9786113011706481 
-1.387214092472627 0.9050741257704491 -1.2549533820341194 0.2936043480073135 0.29995874981181575 

-0.2153524001277145
0.7191234761146136 1.7688416708478265 0.7812356997360115 1.4663867289505732 0.3938854519670552 
-1.943887751389173 -0.556792076979599 -1.88798090691909 -1.2607063873323057 0.23034447852723489 
-1.5679287712008974 0.5209068741948949 0.7477305642601567 0.17992010972972916 0.8609250874102453 
-0.8326718541475804 0.5941190475739437 -1.489310480973506 -1.067755062944101 0.36476066780229205 
1.1704891877277335 -0.5790832151257134 0.030306868974564798 0.4765636928564533 -1.1187011634564068 

-0.17526927020971542
1.0398448142826582 -0.6553630903682798 0.9057695151552922 -0.8899210202669041 -2.3937404905460546 
0.19446322571750888 0.09733008146524558 -0.16744880219987793 1.4495034023353641 -2.3014299710558803 
-0.9407142103830298 -0.2859117540894506 -0.18863681853782008 0.3646649303124741 -0.8237212470012831 
-0.6336226675809176 -0.0706006731700482 0.23582018847708994 0.5445001852072383 -0.4316706139700921 
1.609375526471235 -1.3103314278776756 -0.22358418880110406 0.6116022409378855 0.6823987387739845 

-0.138534018122565
0.9327800382487005 -0.6530496008956965 -2.9961126859574976 -1.6903977311431468 0.17632328996472602 
0.9983530464283285 -1.2583327760878578 0.6599969794242282 0.09793055249533289 0.7939735669288495 
-0.4766942571063382 -0.8287060161089866 0.7520081903033794 -0.4718547071274965 -0.01159125899452624 
-1.6466320552012408 -0.414159966920431 -0.23921697804259698 -0.4542238689624708 -0.9800123141076256 
-0.506231415866019 2.176353116333094 1.4437824825015952 0.5900827162598145 0.8096198790908635 

-0.12229800024560249
-1.0284855465148286 1.9240382927896835 1.2116960120317515 -1.5447460652614549 -0.9645200149820143 
-0.10067634152578087 0.03372748739091994 -1.2180153842183687 1.471735579027077 -1.087455923250425 
1.9068886878848954 0.8023185760652177 -0.6431946707467957 -0.8768337818352698 -1.1175861582923245 
-0.6024625873897536 0.06315711098270807 -0.08291426988757632 1.7538836440543815 -0.08322911949985919 
-0.9805195811147184 -0.3856416434564507 -1.5545606810764463 -0.1452036908098233 0.7339751142542515 

-0.12097115958222569
-1.4834248673613692 1.9499613722460158 -1.5031642289656293 1.002904633682379 -0.6439593499683448 
-3.233408056835046 -0.29937002036033117 -0.4167473841280984 0.4438775401885214 0.4829164001529149 
0.5069449944338545 -0.7818164837735924 -0.839493752011637 -1.0023311910387354 -0.7760779451089148 
0.04339068244020049 0.9205056486291496 -0.034643105981365274 0.720873477826497 0.8978396992345089 
-0.7649392712749797 -1.4021636616323083 -0.650684872640027 0.23988790821935702 0.35199391396716817 

-0.1159191189368114
0.7646050866029478 -0.43503602717502016 0.728874669113193 0.5758521642100425 -0.5875948071170697 
-0.11026037552993222 -0.8206637415061021 0.6022226744454439 0.014302880317582168 0.48286003863163124 
-0.28705207597818583 0.8924614876577267 -0.7474491097326159 -2.072609722206184 0.2190012327020168 
0.8685921183071479 -1.5240261509837056 0.8529393618071196 -2.0945331594248144 1.089543328045402 
-0.4744883216657979 -0.1984965697448967 1.7911606510597171 -1.0798907982003874 0.05218098381948341 

-0.31057074883506447
-1.0457002694430184 -0.9597357353723329 -0.25750046499706863 -0.9392699237100658 0.524561426218059 
0.7941679709716636 -0.39456525363043365 0.09847426484636067 -0.5568813771194021 -0.27595165637218344 
2.01604265282478 1.0406207758588886 0.653957800278521 -0.8909285598754907 1.006951192768979 
-1.2292727334186653 -0.5470343238102625 -0.8252297685502167 0.7748198836841452 -1.1273540089066139 
0.7187909252236664 -0.5308014984147201 -1.117559085592875 0.39520283357579894 0.6411871228114715 

-0.47587617460055365
1.1584963940212805 1.0832157797930984 -1.1120045753130696 -0.43680724774272817 -0.3333032087423504 
-0.9931572456973429 -0.7138323001144221 -0.9531733526308439 -2.3552784992094624 -0.12287878911721686 
1.2160798404463913 0.7487699693825535 0.0927277940095156 0.23066528474423006 -0.23938575293007527 
1.0833348368958962 0.4424731691990235 -1.7297697758425934 -0.1550116254479593 0.80338690619936 
-1.0896426517356284 -0.09460099769676775 -0.10803784016146666 -0.7190375384381595 -0.37938110017460097 

-0.05542832350818393
-0.8792567666895582 -0.7484287104371677 -0.5204781514188097 0.9400996525015252 -0.8140115777786149 
0.3466426177228628 -0.2794065076836157 0.5438868762983211 -0.530790235894481 -0.5406115567388926 
-0.97446599127756 0.6881770141559197 -0.7497512548987784 -0.5614509194061205 -0.7018975332107098 
-0.9565364476671044 -0.6114904861833985 0.3634362235091635 0.029021090463394097 -0.1440677918940033 
-0.244873268080181 -0.3182085420631679 1.8383652603614895 -0.898611511015305 0.906084012976755 

-0.012744345752389969
-0.4057160612126364 0.2348664892956032 0.6272480303458531 -0.888363837859167 -0.3144638593624457 
-0.5769954880596849 -0.4231267936470218 -0.8643581603436105 -1.3704605750695382 -0.17947462113776017 
0.708542777257521 0.7297222805724698 -3.076715144765128 1.5096542921495884 -0.4417097842768326 
-0.6409606492474228 0.39003407033607723 0.4296612907034697 -1.4658677780279459 -2.1474380267228743 
2.2552533775076062 1.1033257487066768 1.5947101902136278 0.21467659734908315 1.0512509736293696 

-0.28084531054519574
-0.39279891605173484 -1.5457081448629455 0.18371326183424233 1.463008183921498 -1.3520001713422931 
-0.9937790748043422 -1.2423599136536418 0.5045763765338586 0.5004182430239603 -1.2822470167878455 
-0.23140667191999365 1.3316415923951497 1.1959419431188818 0.30958238094001733 -0.4446308841564169 
0.7432954164242817 1.5486652200611801 -1.5465990863980499 0.8433341836309358 -0.8831973120376458 
0.541208148145331 -1.0739055926010033 0.49160821320105946 0.9954927423058242 -1.0250706447032556 

-0.1212073860250855
-0.9383610896308866 -1.1452346680808616 -1.6861508984818556 -1.398756205184376 1.443790605452059 
-0.4312242368514795 -0.3101353681042199 -0.37673314684253023 -0.4642030239500014 -1.9606728893327432 
1.0785296865617133 -0.08508790093589852 1.2346699828517829 0.8588188049504828 0.049642846719493955 
-1.8701383524342503 0.44383719735024624 -0.14450898875006374 -1.2276888312419287 -0.336776843906934 
3.211375227592387 -0.01623281009812029 -1.0493410827919114 -0.9954237818093612 -1.1529984708810874 

-0.09232584661063226
-0.07047633220433366 -0.4774925894099688 0.5516120303830045 -1.362302269362332 0.35115776753680766 
2.156682271282305 0.657256417186587 1.9711644767274648 1.175890255893222 -1.5340183159359932 
-1.7549223986470361 -0.4137165479869574 0.3176966946050741 0.08768779895508852 -0.8948821597488713 
0.087539628430728 0.042699491065583454 1.012656851289375 -0.7846428470865066 0.25428288984545583 
0.819557329248224 0.22556843242586025 -0.6438965640041295 0.6482641109803133 -1.169260692296386 

-0.2861555753602324
0.8407612425875451 -0.5205357966537572 -0.2852496007476688 0.1401787920028164 -0.6425643150526952 
0.6088997802963326 -1.2482403476169897 -0.486848164223019 0.33065244227243695 -1.56508709435266 
-0.03384497370089002 1.2445108630983406 1.2614304448284828 0.9680814304278764 -1.0679797567361964 
-0.2720225574954318 -0.5553110658728494 -1.3441864317188077 -0.31150666510793906 0.7620577347152443 
1.0223529104516376 1.2989595149164321 0.9233759156568849 -1.273813399293054 -0.2998986500448809 

-0.04068879448847614
-0.9940476681457764 -0.8518120147053735 0.3092978600631184 -0.4083488466400212 0.03880119959557939 
-2.1836070704381214 -0.5852254610543468 -2.4455529133630036 0.04913309516051685 0.5983846822490415 
-0.6119887110100355 -0.13384167704209915 1.5791035390761 -0.8724642226881666 0.301381371151144 
0.2897346664736849 -2.010029240825099 -0.20844242601797147 -0.5033772491105598 0.19469402139306835 
0.8966384203346617 0.4099949723342741 -0.4565754499506992 -1.4400185323189774 -1.6208395099765969 

-0.10261950837689288
-2.5660233729561677 1.0875625293508853 -0.06145557743127174 0.8935190184303261 0.10010685953001854 
0.04515690179813963 -2.769412721930976 -0.3228109462572711 1.062985183872997 -0.29425545972867406 
0.5753972621338269 0.12990407171800988 -0.14590545945830585 0.116402861709257 -1.8826233800286523 
1.4369657696749023 1.2546444036243056 0.1381679067614737 0.9763230338638145 -1.1190697014376887 
-1.8277042873352198 -0.23252941038413938 1.040626407795241 -1.3938754129013855 -1.2053850114337854 

-0.298171007591089
0.17651730214962041 -0.8616342832678778 -0.15893906315704673 -0.7001666824910298 0.4006929292097429 
-1.4218940377449598 -0.5289690855110161 0.4273221670223544 1.6089685111671177 -1.221653306138763 
0.05635560551537692 0.5472510290563333 1.5109516116467832 0.21082698025700053 0.47121716674548647 
-0.6450256734694136 0.8611896006108134 -0.438529294084688 -0.06573236647946314 -0.8715534083774361 
-1.0281371743742964 -0.6298635104574806 0.27131911947791615 -0.9425022356364526 -0.41476953853210885 

-0.159067975028123
0.4297753768580053 0.814347996811632 1.3835794265459287 -0.2710451050772592 -0.5032174913173315 
-2.617903496527695 -0.9996048513831132 -0.3097169215308175 -1.18354923333167 -1.774766780448802 
-0.3865837990241391 -0.7190882189284251 -2.3840587498719468 2.6402351272884386 0.7037642044479937 
1.063909989202654 0.6700637549155396 -0.5342811256096016 -0.1630146146967912 0.5895478420497595 
-2.1443095311917646 -0.3748451338941554 0.5482842317308249 -0.29811942360745514 0.1720378758131152 

-0.1279238536525816
2.5611219851219333 0.37246432877185354 1.1509863242718414 -0.26900579612648623 0.4446425953043313 
-0.49586101497823115 -0.578655744851397 0.005302890983349254 0.5529941968284008 -1.188658403075133 
-0.5854730517184936 -0.29512861888159214 -0.0983098189450451 0.12528553654382307 -0.9642499414673547 
-0.922718335387501 0.37615074707560364 -1.3956534880376066 1.9983889891409214 0.6409194883675852 
1.7908796039283512 0.4598724202851536 0.8582235198891296 -1.6201518978707472 -3.0355969618727316 

-0.26339449741058873
0.3868552095625119 0.3474585908637257 -0.722396015440466 0.18466639732272794 0.5570631016459763 
-1.5143600559982706 -1.1220342504525984 1.1777121197139135 0.8912199654520766 -0.03783814053881411 
1.0909162930830507 -1.4908904118406725 1.6661568911283449 -1.3863922044079426 0.09316124184758577 
-0.4357178651554986 0.41531521435067276 -2.269539784781699 -0.49943240907469916 0.89319933680605 
-0.3161767111573514 1.5203291688312324 -1.239912099995589 0.044855323163921115 0.7208519999766487 

-0.1889548807709102
1.3257942087230448 -1.6042942085273608 1.8692253735167452 1.3026844736005365 0.3543035873170987 
-0.7552690152077421 1.786566422742221 -0.6364094141762928 -1.9462605322652358 -0.08606869983091012 
0.4602650691127957 -2.0280431892771134 -1.169800266720458 1.202818385608925 -0.22426291373227658 
0.9247688618471465 1.2813537238601473 0.4068869789258087 -0.03172243921822619 0.240207330562903 
1.213650166576798 1.046769055519126 0.6827363373513945 1.2265524170961035 0.687062625588459 

-0.014394862495330176
-0.5581157747610709 -1.2293763666615707 -1.4026979466776874 -0.6892383842988309 1.8591148681550278 
-0.12915217041791643 -1.1341114294585832 0.7134659307619717 -1.777310692143549 2.74947285226373 
-0.0338853767798785 1.993764525739091 0.39627914524723884 1.0535596706146846 0.04029511157437873 
-1.2400442346876475 -0.14378224001502776 0.556130088217044 -0.9805966125882488 -0.1412989582837526 
-0.1336977419321952 -1.8420574921690964 -0.20404871052123544 -0.4651074321932872 0.21393370416194307 

0.12819747077007243
1.0659122151969391 -0.13617157315110145 0.9314021851800435 -1.374510477450362 0.872170893319727 
0.5362088599893368 1.111422250627733 1.780232940118968 0.19355056645512242 0.259990654723609 
1.3965493095523032 -0.9191774948497479 0.6804346069372421 0.22114882400853308 -0.6786954537188522 
1.4807445121483571 -0.6968862731009723 1.2920733671941094 -0.5118381844891263 0.2676476746404667 
1.760781444398825 0.41507625214449706 -0.985370563589507 1.367408611440629 -2.002365911363497 

-0.049475214685865763
-1.181940322668437 -1.7525346152748538 1.991075722782022 0.04280475135983443 0.9425785370974227 
-1.3397453441975686 -1.0076007151960995 0.48411456185041757 -0.5557370230002612 0.31610626666342045 
-1.773846474258372 -0.867548701066929 -1.2539092640048184 -2.3363453358031796 -0.16774313437970526 
1.1330988013080237 -0.5776573839347987 -0.761240648277289 2.85364494894295 0.2828580495164122 
-1.7700993044669775 -0.43441737108427747 0.46705610030567607 -1.741229506796163 -1.253175981860552 

-0.0663459203881753
-1.641593500692363 -0.9038660510392328 0.298326647759909 -0.1807522105554972 -0.15145482293197943 
-1.5058373759326686 -1.889264336430075 0.26677611378137356 0.5989807273377767 0.9266778638587396 
-1.8604153072541303 -0.5214434395570822 -2.9733289081440626 -1.249305545366572 0.03159589420923789 
-0.3367952628611569 -0.12588331057936467 -0.6321289686857435 0.3672347275111852 0.5326217406148894 
-0.6653196502433736 0.6154510375171951 0.44460192120066067 0.5448013920387839 -1.0396153687647678 

-0.2782594155274789
-0.4714271221754949 -1.472908588272505 0.17719444142564683 0.06986113348993396 0.04389821379971609 
-1.0270432892637271 -0.6327515862282117 0.3403280416066077 -0.26802087779619577 0.6602287561679697 
0.22766986117083687 1.24252039865176 -2.721859198846274 -1.2323911252541397 1.8769292664694657 
1.3455662936503767 -0.3479368517871215 -0.22609638764265966 0.4072560594715992 0.03649192194280895 
-0.7276552129462368 0.3187768278369211 -0.9355075180621422 0.41554926688773475 0.48633724538152523 

-0.08357382015872125
0.10160573993201662 0.8686203280793796 0.7706651979334341 0.5592257478621795 0.5686355190537412 
0.37163681973255014 0.5606862054041355 -1.87694801403264 -0.5076150847148609 0.5459274320784837 
0.6812451924024084 0.2269394635138343 -0.7116416456651088 1.5537193203636508 -0.2777913884988953 
-0.44591687379341655 0.003722731157130161 -0.9348827597866217 -1.911456846266107 1.4890414570435537 
-1.1431864605509132 0.4308556709276577 -0.4615968858698449 -0.36711236362494654 -1.154237585136491 

-0.1411331467559071
-0.7567109044720229 1.792318350288548 -2.2303328972630543 -0.9957526763929744 0.4283960009887361 
1.4574132994347297 0.08540587905899036 -1.2140070620410695 0.25141974599515876 0.23994040954214663 
0.3172304356509701 -1.1464958008624144 -0.8308414889250444 -0.5770681652673232 1.880091447984983 
0.16353974540388047 -0.15514321810442164 -0.6947774484932169 -0.5076544886410363 -0.5954383269802742 
-0.6809863876772932 1.4834424988343307 -0.8623012292254953 0.542092632254976 0.7584530606783204 

-0.1157461067651897
1.9508700947738866 -0.38179194150424317 -1.1567570482678626 0.7535650215057526 -0.3827603171212304 
-0.1903185412301362 0.4500377484287922 0.018294406163200456 -0.6874414463776509 0.7514733699219496 
-1.4094346445673134 -0.1451229611463728 0.7981543262443273 -0.8485359685709419 1.0738964274450833 
-1.098176822902765 0.5102823865754231 -0.749946988228301 0.07301759027021651 0.1020563692579416 
0.07862165444285135 0.5652882422521704 -1.2444334955551337 0.0905074903403206 -0.21159095893236723 

