-1.1495829740952725

-0.3478414814264312 -1.4537563440796797 0.15474820870083283 0.6643767759970549 -0.9886824325863821 
-0.23488987294420843 0.4803248864988153 -0.8223855887887415 0.9586427741647466 -0.9319672136713673 
-1.3590369765028787 -0.30644420741227185 1.6246766689779153 0.9536514414132249 -0.5202500702868021 
-0.36926229641190716 1.4317180631565853 -0.10225421088981158 2.355291207646049 -0.39720317406771893 
-0.8059670975938378 1.5797475529160057 0.9895888585515275 -1.8394120614704275 -0.9250128298424487 

-0.2222590359243034 -1.5223659076672422 0.024375408000382886 -0.13044915471504737 -0.1524629801030578 
-0.6973373291888116 -0.3494652754554116 -0.9160947342940492 0.6458870063236106 0.9147090508670388 
-0.21209536629546746 -0.7058137346232685 0.5723495936492351 1.1902368207193554 -0.8715517194877208 
-1.1030445446041193 1.92722187421399 1.2558156438316617 -1.200366509121307 1.127506718995632 
0.5272094977467896 2.015191511809135 1.7223297388288594 -0.47231188417455533 0.7657099829631808 

0.5878179141937693 0.19954530232856266 0.34444034663580436 -0.23814899100570416 0.9850121905176412 
1.1394401714516027 -0.20738033874396017 0.2099107530030459 -0.200366714132438 0.24877941999145636 
-2.6099348450503506 -1.4163329766044819 -0.21919914713033042 -0.8231598653903769 1.4561678087833796 
-0.27558285251371384 -1.1105478623718554 0.6635696103248296 -2.4551759001762057 -1.400004796127615 
0.5865418531436728 -0.5909657622509313 0.2830388536997207 -0.8114686510747939 0.3791543550117193 


1.7222179004678124

-0.02639848158702425 0.15679374638115154 1.1401529889053814 -0.6869376150927964 1.0837558267186778 
0.288990235877102 -1.3485452842138927 0.5038586563424039 1.7788509093160731 -0.06910989608815855 
-1.2152016067769797 -0.27206175171241104 -1.7034974716314977 -0.15044872712835303 -0.38533629175997974 
-0.4876652324608437 1.7806171454428752 -0.612477994947362 0.16801359557809095 -1.2390951384846844 
0.3425887092131937 -0.26392133523081673 -0.24228310308364093 0.7826592011334798 -0.13351461666216594 

-1.4945002834998913 -0.9129628455207628 0.44713139948601227 -0.36603639578022956 -2.2589740235603726 
-0.28862893349643887 -0.5277166329404066 -1.4150341780667046 -1.3956123474969027 -0.6227712777609904 
0.6888736093091428 1.7986878328559415 -1.5129950542649702 -0.38621063609874906 0.8492545971503822 
-1.9936279761306956 1.3959751916710121 -0.5982372681434996 -0.3071830133752566 -1.085747469727726 
1.1734074948133166 -1.248273570084607 -1.5936580224982289 -0.28963133540229624 -1.6489066655635687 

-1.092565833482839 2.4447555660746683 1.1226950028285199 0.21941878874565496 -0.6471928590550485 
0.6067529249923386 0.19798267583224852 -1.5476293033329651 -0.6933323630549576 -2.2477837741487763 
0.968374865288247 0.8142755881493013 -0.9312371535563126 -1.1216076302867062 -1.663284376357271 
0.17352030209379618 0.7028832348852693 -0.5478292928604768 -1.1528397280786349 -0.004715002978858964 
1.302343118346963 -1.0554893297363248 0.49643841412518014 -0.08960633904656029 0.9273753208174085 


-0.5990581572874079

-1.0103571029096423 0.8278227093443301 2.3545735908657246 -0.26150462009429615 -1.369352246189334 
-0.1922531458682394 0.3926263266642257 -0.019435618650833517 -0.1861690163921075 0.16336705234440987 
-0.5705260456549092 -0.4055039245500063 -0.9576742914137085 0.5815653988618242 0.1682803210932547 
-0.9939981875532183 -0.2839020541748268 0.6981750619007995 -1.0451693148714307 0.3046974475280783 
-0.528342810591202 0.9960517085481165 0.9898886247335745 0.23676232152710883 0.49077582896784216 

0.516133149811585 1.4409973610545732 -0.160084066361606 1.7500782602649732 0.4473089547479444 
-0.18090701717539476 0.7847348193024152 0.38786716328344467 1.2618716119735651 -0.7387632622220608 
1.2587124372743135 -0.5781940241776019 0.9873230719946176 0.37191049838682916 0.7771616165490733 
0.3399454953932285 -0.5462193372868429 -0.19588268645290566 1.045227211950117 -2.3640871741662255 
-0.003633319201241249 -0.5582082363136583 0.48498992594532825 -1.432652854810626 -1.1712551871882533 

-0.5487281210265523 0.2276500710475775 -1.4964845568064256 0.22296374911287845 -0.2509062405585751 
1.3008583703950638 1.5819733202278612 -0.1964785003651334 0.7891603746645065 1.1623370426997168 
0.5353482155920954 -0.4231949095684679 0.5037351006689275 -0.870441366738183 1.65312155333521 
1.4556655564943044 -0.5692816310661838 -0.8660238057523841 -1.4143763042987156 1.1643305403060515 
-1.9740189774778822 -0.9553778230046209 1.520870819472016 -0.4293416723080259 -0.23140489130893047 


-0.7374527800821226

1.272546009046172 0.3408719472204416 0.14174866157541993 -0.9861354670480674 -0.9081256393453788 
0.09675076761212262 0.45049144511586114 -0.13840537937415673 -0.6147748290975749 -1.0145981616500326 
0.18058176107106952 0.09218066919837693 -0.9420607164567347 1.1322090425662241 0.17842266277476065 
0.8590517293479156 0.44353065821294346 1.7506673356578548 0.5920003658767786 0.07889359331127517 
-1.3524460049592963 -0.7048844492870144 1.3247362196784078 -1.292077221272084 -0.31022796667106073 

-0.2040063594468186 -3.508906992342911 -1.2415729193743108 0.18309214812185903 -0.10383830348035951 
-0.3048415773773711 -0.5737761138599151 -0.4532575055360336 -0.9534436946282329 -1.8281968435813603 
-0.5537207635575986 0.6551431404242861 0.9855268475091014 -1.013881445607953 0.24451834186680807 
-0.42008819847110834 1.046532117075631 -0.8570757979419543 -0.010118439592181618 0.19110395856896314 
0.21885018065818349 -1.226870380673445 -0.6310281586649484 0.22862557414420556 0.5733011901596564 

-0.24761587634067414 1.6672521879286384 0.14064633661614726 -0.7598627185074096 1.1671529747203697 
1.5339591987411783 -1.3503788853350143 -1.0118259991461511 2.194138831433609 0.5764744620482756 
0.5149324204652704 0.0019653603380973728 1.107454499261717 -0.6922197219433505 -0.9877408830515149 
-0.36009805824954355 1.4156307636563679 -0.05194422171515762 1.0662358137449452 0.6766517504711004 
1.7294344838622442 -0.07230390834640121 1.5548919652394202 2.472710301402613 1.8023940232854043 


-0.6892944628465121

-0.3781975381098923 -0.38870807161467136 1.50649992821198 0.40329052485611183 2.0920370275320757 
-0.056796948378993684 -0.3994133564496988 -1.294665847401894 0.9657439526146548 1.1442068651115613 
1.2724590951055945 0.4091031023801022 0.8274341231943274 0.056636689143154124 -0.005695104064614712 
-0.7887560040486841 0.31807269514196007 0.31244425774025975 -0.17825623504828345 0.4823726266160019 
-0.6678431019178606 -2.3981556207123393 0.5193953785068567 0.9433565508435885 -0.6913867545362391 

1.9833548105368501 0.6970013590105789 -1.7293462100694996 0.36342274571832067 -0.21547647694907182 
0.5417267709911073 -0.16901386601034643 0.32616810413036285 -0.3107124451641024 -0.12871121764520904 
-1.7647295051677627 0.9428218058588862 -0.6227718222175509 1.272068263855363 -0.7014241239938965 
-0.3354272538180834 -0.38081132893992253 -0.5746531842752658 0.3077385125377053 0.8997425039826606 
0.7930842067207198 0.47000100085634794 1.1885870073456992 1.0050697633596433 0.20799987337468387 

0.29846295616648055 -0.9326142043108895 -0.9455220831787251 0.6136732014313675 -0.11595768109105654 
-0.18094111821174994 -0.06195065000000308 0.13511295085421612 -0.56473087252816 -0.2587302240391245 
-1.3529991882941763 0.1394671954682524 -0.2688607999562131 -0.4269011737651217 -0.1462622261704233 
-0.07699041011457895 0.6806940954311318 1.0448316869700514 0.3107222857264082 -1.0730024816464665 
-1.3200293092628466 0.28599214475508 1.6445345281880004 -1.0123872315591351 -0.22215132266879536 


-0.8503108099019151

-0.6797938741022215 -0.4931880598783101 -0.014808273053966052 -0.21446191770799033 -1.0661740400857087 
-1.0600852062532415 0.5172184457771345 2.2673868749204513 -0.21750186981151345 0.6805834886182665 
-0.7710354205891824 -1.9335571441011583 -0.7023835445574731 0.30377538970720463 -0.8652415024164914 
-1.1115022951174913 -1.0592601123835177 -0.6329116237771304 -1.6648440558887037 -0.48333063831149475 
-0.7686851191552707 -1.0374544067784395 0.8100466086715339 1.040753476353102 0.6442484285471468 

1.8889891997280053 0.26256552342297057 1.700983363884143 1.0400709442825224 -0.8702650782255089 
1.538850041951141 1.2999416137259718 -0.08411432449490774 0.6835348321491794 0.5410845643233415 
1.0712164788370695 -0.9675401013538503 0.5368383443648017 -0.28082460044008095 0.6214380104979117 
1.7086813728857666 0.5916380685350094 0.7225898058170072 1.5798181558286697 -2.07823476529943 
-0.01077206462506109 -1.0933127865868284 -0.9408124536785092 -0.5285150503911814 -0.28519909782287844 

0.5041140652694294 -0.5183114313269999 -0.4912551960427394 -0.7787347309588085 -0.675518880561794 
-1.7914710877289741 2.1879852777126865 1.4683584662948312 1.725097562688754 0.20316210598735804 
0.3178800360378013 -0.5097171644524289 -1.9493869718034915 0.8291401305363382 1.0149643054337896 
-0.852934107253472 -0.2435272312620953 -0.055663009691775775 -0.10210430276494907 -0.16539047862924858 
-0.49975791320049 0.8146254755109751 -0.06978144947197526 -0.5211851317930434 -1.1583042778318964 


-0.7649831570231951

0.01909070338425732 0.09454533762582273 0.7425568519857008 -1.1037151734257402 0.9204460052224533 
0.07271835566544642 0.24818068027969462 1.1510089754155302 0.5971337423488525 1.3959578614618173 
1.5337492855400288 -0.339306473235938 0.3394545435700913 -0.6836856857220571 0.11670643954107619 
0.5498193925900389 -0.2249274260993583 0.3668111004516312 -1.122511230753674 1.1802488208734803 
0.7389120514877976 1.004830530511246 0.2701354682149482 0.011498563127273504 0.4302885659093707 

0.6006211549104638 -0.032283668189032576 -1.1827853971510511 2.2038101756558137 -1.4355587518407067 
-1.1280031612264558 -1.2002324389618144 -1.2423266876835883 0.3334424133749887 -1.3432811208193944 
-0.3266732471983855 -0.7381420319851171 0.17475525121109003 -0.564676877516008 -0.27559106460951777 
-0.6348803115461538 -0.03415526829925371 0.5982659629569912 0.4007594230334339 0.8521042069053404 
-0.6758114141836903 -0.3749605412065447 1.2146924588855899 -0.5899982928444139 -0.25952901216779667 

-0.32096612172642935 -1.2662548341036075 -0.5740416218570953 -0.13312859861431267 0.9868367295354109 
0.504446757908474 -1.1570929561602956 -0.8184578673216462 -1.0208597447968293 0.5542510282017825 
-1.5711937944229482 -0.08064676868015132 -0.2063886359665934 1.1905053100624798 0.5594164483064854 
-0.4440996606670326 -0.03340364775629391 -0.9683451002055494 1.332356324911061 1.4027748495992443 
0.0210174030074232 0.7377858202328814 -1.0305984070974403 -0.7562230934380519 -0.2497689575516116 


-0.9483131108933933

-1.1277288991433574 -0.8437053918010676 -1.1499927068791016 1.105720143598553 0.10927531023602208 
-0.22664817163366144 0.900583273059984 -1.7166522726879685 0.7964530575321587 -0.17242579281075937 
1.7502286472312254 -1.9042615838056465 -0.8786766693853072 0.6394263842860943 -0.2959291009522306 
-0.2642937809319662 1.3958406684397442 -1.2960011404978 -0.17127204659488746 -0.655075713047147 
-0.04851145551399067 -0.6114183108334734 -0.18029031733129455 0.6230995102059402 1.157865920201889 

0.9947223155684142 0.7377220897288074 0.14764656443286495 0.27592265688530565 0.35077082786442326 
0.7873197924484271 0.6759271519128727 1.682287534133258 0.9243915956702123 -0.5982545996066084 
-0.6163641907032174 1.4725350985464474 0.42582510944108476 1.1338733595428352 -1.1156659937882558 
0.17280587482747806 0.6680406987174209 0.49631054838676747 -0.10272222092695031 -0.0976750633216545 
0.32363639466144706 0.6479670102826345 -1.7157034336055883 1.3951893950037115 0.5278140510545498 

-0.9489037540913396 1.2970675151405862 0.21908943267854497 0.2898994601523519 -0.35748470071193866 
1.096151122573426 0.827234468409222 -1.1086217201292456 1.5081443296907653 -1.9842883747036717 
0.6914865013201614 -0.12164731593954381 0.815690619861448 0.6428131944453203 -0.09084391993208726 
1.9064180384904508 1.1659418574811788 0.39641817559921233 -0.610738308129905 1.1098955172195768 
0.4744375711875697 -0.08158142275856439 -0.827370250455293 0.647611418986412 -0.2692954331634395 


-0.6945546885995446

-0.8784571995029835 0.41987045454389926 -0.4851927981910335 0.8662069096639043 -1.0111326771861657 
-1.188614136314975 1.910946908507654 1.6197029166910826 -1.1695181753625337 2.179996180917867 
-0.28182955567070656 0.2472778059847862 -0.9632618886956448 0.6731392064390663 -1.1580754086334621 
1.6533974002347969 0.6938703886016823 0.7475804176347564 2.429459076354019 -0.5509370599301712 
-1.5272314908553792 -0.5413306145329732 0.8993030100732545 1.1009013086839485 0.26826642650903876 

-1.214574207108305 -0.053391658766375825 -0.8362067529031136 -1.5901056543995542 0.1451306868232336 
1.6680392760331308 -0.18440143349656907 1.1005489211699053 -0.24350119627878622 -0.8703523046211549 
-0.6842252426239247 0.08105585008016183 -1.0481976022189317 -0.27793084809369323 -0.36512932562979894 
1.0686475485338363 -0.32494948637270016 -0.5471145393491971 -0.7131664137491068 1.090023627640329 
0.625083079459301 0.31826482722445576 -0.884331533816626 -0.1594119613395712 2.107133053454465 

-2.061022902490879 1.0696286218663527 1.4811591370814703E-4 1.7352008164614459 -1.0320329652139968 
-0.08938430072304342 0.1716446213590187 -1.4550330632292168 -1.1519510828917505 -1.224817373909745 
-0.4274575741065753 -3.1898906885527794 -0.2540521034137833 1.452047413026213 0.7884317606137883 
-0.8789511401104592 -1.0610164369942248 -0.0011852231775675583 -0.09465645128964834 1.898543787728976 
0.9642869611462874 0.02349990542819841 0.14957100391392603 -0.19503476250521684 -1.0330714438044066 


-0.9425285005616578

-1.5120296890048293 -0.861617402735536 0.5454284150685081 -0.5916928121974158 0.11286132038735888 
-0.17785923329394748 -0.01768595657929219 -1.1435566698042583 -0.14989524768053122 -0.824002836266004 
-2.256756002044646 -0.8014160090571236 -0.25685220082732557 -0.5237851204349497 -0.5167608650056256 
0.23446722244242785 -0.9365162348374338 0.12027130659318049 -0.9654214457430017 0.5027718776815048 
-0.39894470921406483 0.3332128469909236 0.3320573344653577 1.5583262452300874 0.7923906875392149 

1.9049518847433495 -0.5779254489833436 0.3344710405947149 -1.9830556508408401 0.930966439662317 
1.008007018454806 -1.7032174478460043 -0.42379368209502355 -0.9903990957598927 0.2461776992058932 
-1.6514057097355674 0.5750105968625967 0.21562779869279042 -3.213722610298088 -1.469009869004057 
0.4617276431867098 0.8574394443917254 -0.21954201620719152 0.4414940312398322 1.0489637662978806 
1.3580326871544537 1.1198787520869302 -0.5006042175623561 1.4840562072184047 -1.5910562082061037 

-0.11334078821790611 0.11850580855419929 -0.8037374780250882 1.163553513487054 -0.8303323535200665 
-0.3205532046270758 1.4205174332233068 0.31293248306184374 0.19874019762618456 1.2107939853107814 
-0.4695975418692249 2.133595630251069 2.2085151438900676 -0.43866203425487943 1.0199663492214794 
-0.8113008372048796 -1.2355453243400911 -1.1833589541137508 -0.29939134071626244 0.6157958197278204 
0.9789666245595853 -0.4624311809306704 -1.357281645291302 -0.19402600886604338 0.48185043787644066 


-1.0298655437695032

0.1639152454081276 -1.262602171141568 0.2900798428557755 -1.2982310242910815 -1.6620059820996165 
1.044805288331262 0.46509436883431865 -0.8899106037705466 1.0184360698526327 0.14130434412287624 
-2.844475431554856 0.8814254092838353 1.1567765322097903 0.20879898936372446 0.547856641279804 
1.3155888862140546 -0.20076215304450595 -0.8593487548839882 -0.3463789953569258 -1.1566770582511559 
0.4074922050013152 -1.2712996072806142 0.7797304369369454 -0.47208711744955206 -0.4915646918987782 

-3.4693763778502007E-4 -0.9637407840693101 1.1684977023412313 -0.6773027688503386 0.1918709997297973 
-0.5353066557755438 0.5729617488741793 1.4309733746233002 1.0756638105119902 1.1561225309300143 
-0.13915133855797904 -0.0672555191676217 0.4563683351536468 -0.5222156744384063 1.3337403822836644 
9.544796382659336E-5 -1.6240679526039083 1.7150982294509103 0.9015139802564379 0.7275145955443016 
-0.7051966327621224 0.6448717632785237 0.4825034815181252 -0.7669167096016953 -1.3933610819690863 

-0.7485969726642616 0.24498879028539333 -1.7480649026165425 1.876114070904137 -0.41517426409629776 
0.03138525203329079 0.7520073107095684 -0.24615215076204805 0.2546875067196633 3.1568022362262043 
0.9398866179156029 1.127235356990061 -0.4307823345172633 1.3275909419548264 1.2966628917717686 
-0.05888123343232963 2.150199740877333 0.8463967077854906 -0.5741276894768729 0.14102930672312292 
0.4008686938609729 0.3549366716431091 -1.4600044547238682 -0.7913169951471454 0.885813003081968 


-0.6663417305471034

-0.46083652787407653 0.1565842534655846 -0.9688460041513881 1.4776147890784554 -1.6355688812301603 
0.5048377972133523 0.35053036034994856 0.9113185416467497 1.1166244074449074 0.6367359492678801 
-0.6039547056021846 -0.3703461296356899 -0.09428856144984171 -0.6024586556533573 1.2248931928945594 
1.4280713163201153 0.3162002569078092 0.5822107727881616 -0.07748229322367249 0.5288979503063616 
1.5183700612808009 1.5489120269479975 0.9987519974968521 0.15729632356500786 -1.6340650962978343 

0.5718068234685765 -0.0723772609141013 -0.05277482810873084 0.9593738467542158 1.1195638622404365 
-1.6254373659874641 -0.6578694314162759 -1.072945729408595 0.27759462641511423 -0.36205750579529816 
1.866921195017287 2.202886639461804 -0.5367498479750494 -1.7128229828275277 0.3798700971044026 
-0.8784034490237117 0.6514963097099086 0.6594355165711271 -0.044291325884389283 -0.16023148814998425 
0.489285758736978 0.335253024308738 2.094449589210313 -0.743132782045 -1.105210245903338 

0.8670934357548113 0.41571076881270874 -1.190771013329047 -1.4936371726825672 0.32755509289503776 
0.12659024869615712 0.8415360270911468 0.29781019622661375 0.8146159720143518 -0.10394037809527638 
-0.22537179096426777 -1.855409807278833 1.4758777140868113 -2.0762579249502977 2.3305855820722483 
-1.6514829713942527 0.23890930478116565 0.8445517181592243 -0.4073983621144202 -0.1677222377409891 
0.22644022734189503 -0.649824205841566 -0.10004445353632781 0.6131233930664912 0.08552478793398986 


-0.7240671858924229

-0.13537292032332363 0.2984124580780823 -1.3092306928255018 -0.11326286137854302 -0.2830553100388104 
0.41590567162800973 1.3006320589308096 0.21853203323767206 -0.9014483885490736 0.5882956973140143 
0.19226224988778803 -1.843925343833607 1.0809717813096986 0.421277520199797 0.31663289621089935 
0.4446726477913296 -0.5178631065582419 0.5650338755714349 0.46152941277682263 -1.1318544619197526 
-2.237095668205892 -0.3173732692344824 0.044366798836313795 1.3534673726499649 1.099257921314851 

-0.060271855566209814 0.10708500499494546 -1.0607240346822566 0.7376173175070746 0.9989145284947444 
-0.25721820552207914 2.4375955433554313 1.1309052586284751 -0.48685061304910376 -1.113483847763154 
-1.3391975505523612 -0.46704651934538566 -0.7839738967100213 -0.8921318744513427 -1.8294792435250526 
-0.2579330334941728 1.317878123944713 -1.3668935500933825 -1.0739043413133593 -2.033157431484038 
-0.21314316659769655 -1.7520112057887771 -0.3838865047187655 -1.3988575692640248 1.3732237337089501 

-1.5471763312016706 0.10523391862886025 -0.42920520257020817 0.6202652323685703 1.167134477923916 
-0.07460990148919201 -0.25837739599260645 0.779397079083959 1.5771776504491817 -0.3345909032257169 
-0.8574773634035779 -0.16556254675408325 -0.48954537659360897 1.465417904246504 0.32945649063866533 
0.8525655207991171 0.26996336613761174 -1.2989796175502113 2.1321055861911824 0.0493807657769958 
1.2033690938076926 -0.5977132687367513 -0.8198217168571313 0.9290670547555803 0.7855455016131894 


-0.849156778537108

-1.535031848079314 -0.3393274907042014 -0.15828454267276001 -0.05215158097580307 -2.2809392131257504 
-1.9191820377699327 -1.013763317661525 -0.5611860805824993 0.033351252636726794 -1.1777767826051078 
0.49752661127098563 0.24293508066319897 -0.9800772067318202 1.8231534706327368 0.9421324774159928 
1.4301007367932987 -0.6707104402962935 0.3604702447643333 -0.3929032722654853 1.723187786221202 
0.8544606651248957 -2.4839808647199244 -0.5354668457347447 0.5210840894561625 0.23400611455826845 

-0.3472120344540365 -1.7464430342560089 0.671503999686537 0.6630576383272254 0.10376809066774648 
1.2224764349791595 0.7172183783424213 -0.16078459450000326 -0.823979772335904 -0.2514439935976975 
-1.837514463851664 0.03853492903378839 0.36565182466301405 -0.7133352764116395 0.8405952815291615 
0.467106985247673 0.4820024511305334 1.109193307692595 -0.7113589304436204 0.30354660322508764 
-0.19824298903580723 0.1089128019090812 -0.10384216536761529 -0.7921742464868994 -1.2819730862454413 

-0.6039140416976728 -0.09265180969655332 -0.2757116559748823 -0.1927791869164002 -0.26750849014044054 
0.18405371089610284 0.22978158723452596 0.22863516591808794 0.08468896814518363 2.94576892399068 
-0.6550206953132103 0.8679460300511811 0.6327983355425917 0.28453082500457544 1.9978562324358815 
2.073208053409246 -0.4402961089690722 0.9995990945748461 -0.7740933698487503 0.6178444207448326 
1.5396462386860115 1.1369764157608018 -0.8345241599560753 -0.01637570591903356 0.077267492210548 


-0.7973003228206546

-0.5552892977231328 -0.8099789290720816 -0.8567014526136336 -1.3122682978073872 -1.6636537250774235 
-2.325980406347588 -0.2323459280344844 -0.5043671186965321 -1.685935194409621 -1.1053907615379885 
0.9231868358679063 -1.8248761788810335 0.9408187268837673 0.1748353511228676 1.8092831230256543 
-0.4271274190402079 1.2949399548187235 -0.5462735283577095 -0.9770611889346693 0.9488586461044026 
0.3785227689550537 0.5223686711556107 -0.6842057053344608 -0.2375406931387167 0.9671970419529269 

0.8120671692303392 -0.0978689060788957 9.160566581968779E-4 -0.3570362080821822 -0.9085303023886407 
0.6073756350237791 0.7508168746196865 0.4190731824829323 -0.7408655286038537 0.8892984101273618 
1.2189593401223615 0.4037668960946664 -1.5772410281103537 2.9992044742349258 1.9074778871415707 
-0.1332876803871187 2.008275979766468 0.8196803365070953 -2.8557943541730064 -1.4023687110896081 
0.45176536483184904 0.32719477171421746 1.1939519997430807 1.9412781453675194 0.6857602380155601 

1.2604894274693608 -0.539780004409442 -2.374324194687853 0.970474657534259 -0.5916123792651403 
-0.4112563696783902 -0.1470667865200096 -0.5625697114960272 1.6137256551013852 0.014846713210353682 
-0.15643732747081035 1.0747756937102224 0.34834420269955346 0.2159151500415335 0.21134728891191948 
-0.012476474813938277 -1.688417743075504 1.1954207165342159 2.2342949702072974 1.1984818039245626 
-0.1494424741613331 -0.8513144751463634 -1.0284355489602175 -0.4497331461357682 -0.7849145661460287 


-0.7324137025109058

0.7863576136440269 -0.2241944641129925 1.018667027413675 0.5966802237516436 -1.2286979654768122 
-0.4252006636623245 0.6785860080658582 -1.7862612315169288 1.449912613723393 0.48366121340446677 
-0.09999541980057647 -2.5146311175829514 1.8760458186342284 1.5681017894640386 -0.6456157287345601 
0.6493867143537827 1.8695770353260146 1.3530207638386182 0.3889340318844578 0.06882619079496961 
-0.13699923152101476 0.7761860272270353 -0.8675012357455065 0.17229255385649322 1.045295300475759 

-0.9014054589613231 -0.3042619891271513 -0.04827340868272673 -1.2059976279590554 1.9533311848938555 
-0.34067754474933404 -1.3850347770469336 0.4179229615349342 0.16701596409964423 -0.9716132245328377 
-0.23321205946409154 0.13693859776271006 0.9055066301042479 -0.5238345386539445 0.0978319352093386 
0.03141219274456894 1.050273762104785 -1.2028128582979913 -0.5309861985168363 -0.6055466709975649 
0.1485825971254317 -0.8122542801682608 0.3992246696330065 0.017421161834209754 0.5023396820194078 

0.15929561915169027 -0.7011060196015042 -0.2658197502417121 -0.127755862756371 -0.8593010541712659 
0.4095406153857281 -0.17648849345318532 -0.29394684425169715 0.2962286247168856 0.7178512306671921 
0.8160272339849707 0.12375092265654275 -0.44324930256650724 -0.584901903318557 1.7664137042945365 
-0.06720867784436524 -1.8573118687247985 0.6204423409477696 -0.24127154297447184 0.7234580546469441 
0.29536706041976835 -0.6824600872188279 0.3542589885434593 -0.38177846207911414 -0.15338399118529597 


