1.7160145059564436E-4
1.46090703616642 -0.21931012075416614 -0.7192111010160543 0.12002462207316698 0.21595491731824193 
0.05606715036739626 -1.533317010106216 -0.517764478151363 -0.052937270169233226 0.1610951597172256 
-0.0661284542213598 -1.0258508000793078 1.1265641800881439 -1.3282384809268366 0.15812732509016075 
0.13825947297111613 -1.0712507258698791 0.9846843187746369 -1.0357317760366094 -0.39655265390874633 
0.5422434427243882 1.0201082472903686 1.0434046658268923 -0.10860825563839596 -0.507790837247839 

-0.013021180961941214
0.48508237172534674 -1.6142743801098272 -0.6075810033210365 0.16764402177900808 0.3673487014079837 
-0.24427310766879842 -0.4211081757291339 0.30709900567107706 0.9658433749129692 -1.3087272223463884 
-0.9274261943524629 0.49626881784569904 -0.3737357336018961 1.0744876794199842 -1.377736927546713 
0.8653335578487715 -0.24271164369831313 -0.11912933965064451 0.22281751925572627 -0.8254729258100787 
-0.12527405349823073 -0.2175516422474343 -0.7217278251028381 1.3051731423417787 -0.6258827125131459 

-0.008945228961189487
-0.9166811490315091 -1.5574169935597189 0.0012528195148644723 1.8881253923279122 -0.6174401677479683 
1.8961964431619316 0.3874945009525162 -0.3494999119214839 -0.9234719858111788 -0.9725020431414647 
-0.11586818456727509 -0.8970688246411753 -0.45118238144342354 1.3007644794321118 -1.497333369292649 
-0.5085054490066713 0.5027528780661854 0.15024915584069493 0.24754901377059363 0.4743699839340642 
-0.797564762616468 -0.6058217602519577 0.34457024643664125 0.5914789492116632 -1.9443827580744957 

-0.027695586541164524
0.10486694968048299 0.2193512301778456 -0.6574069753181104 -1.8446125825163113 1.0981746839029927 
0.0016678430655971748 -0.6333031979262511 -0.6234366837449331 0.2794611133997172 0.273046451995832 
-0.5711927603418347 -0.3218265941807647 -0.26462005363641705 0.2988567820181857 -0.7902635073299188 
-1.3835116380052188 -1.023441412437429 -0.018767868418225024 1.7386979507773177 -0.29118526710248116 
1.6216872663644357 0.8525836295080463 0.0821865723769174 -1.8048832477758971 0.19681625915161569 

-0.02440970713396506
-0.54798972574473 -1.3061007434816991 0.7723901415841858 0.6818148566515907 -0.13347131343539104 
1.2132791817759283 0.21886299379401483 -2.0823435481839865 0.6382529061098737 -0.04949378925841541 
-2.065285991380792 1.094822834554834 -2.2547668622827097 0.7231530512638898 -0.8029356339666904 
-1.289988101148913 -0.5760021769107901 -0.6829698038733667 -0.24591959492370377 -0.24699120940684788 
0.8802938279302878 0.6222171320355204 0.3274930910699961 -0.027502918223409084 0.36427601851660213 

-0.013369641843243022
0.3166515555953832 0.6460722261406219 -0.16236804751738063 1.2143847354487078 -1.980926800743485 
-0.2755175065095337 0.7187706731731893 -0.21323384889219943 -0.012739405476915914 -0.2587834068315599 
-0.6936325327973671 0.7421946604848515 0.48329304357950215 -0.3629597793263441 -0.597830657783965 
-1.5559997720682222 -1.691556235632149 -0.5229549121380951 0.0779299186330652 0.9644785592637076 
-0.33480577077616996 0.06858499426873495 0.5223349991249869 -1.1734733286254098 0.5193260179862413 

-0.012996283916675103
0.5424594393540616 0.19628776039039972 -1.0578339228663312 0.34787515958579496 0.21311680771474098 
-0.0032833866754067974 0.7339036370862827 0.9627170392115569 -0.23588599755679446 0.010315222796874145 
-0.8183401739248639 -0.7034242930210595 -0.06451310597693267 0.18575686449451134 -0.766631092272117 
-0.5062464899719252 0.3716540775306616 -1.417463904509534 0.4391497131790161 -0.3364399356414214 
0.2649957819537172 0.5805367910913507 0.8949610107281982 -3.10409537574212 -0.1271545493900486 

-0.020684974750553163
-0.6076867029222374 0.2064328431355912 -0.7558782977765786 1.0250570451939984 -1.3698255967956976 
-0.11216550079157663 0.5941000648845322 -0.47303178682604774 -0.1362207793771662 0.15536320199461076 
1.1096909233678096 -0.003420422874533824 0.5972559729797199 -0.7120446023438862 1.1836104962804026 
-1.5161921922542725 0.8371635113408236 -1.502257181877396 0.8634671558126115 -0.6255717951239839 
-0.4825874287759074 0.02944794006150758 -1.7325438274105385 1.5650647241412352 -1.0841551422035351 

0.01006197304877357
0.11587200715525349 -0.5566797838030612 -0.5606637349966963 -0.4937902753028908 0.4632705483418608 
0.650035057236824 1.1339404521548582 -1.0905071123665395 0.0941005398559022 0.11959314395977895 
-0.8560816426304784 -0.36878100043387085 0.47661930900783145 1.0194938441950592 -0.36251905447673954 
-0.8422023607610543 -0.3726217745651581 -1.7737691353942455 0.4106063075375826 -0.7772883369628747 
-0.03202471162583944 -1.1547944855381742 0.5639185253669569 -1.0560119373967454 0.018330282125485958 

-0.016640755352263423
0.18347143370744926 0.7746000781925664 -0.9080643005370822 -0.7704481169457128 -1.0324236567815261 
-1.2521381495300046 1.0362734646623735 0.17576842104189566 -0.6732637852296047 -0.12120781095707871 
-0.3068544446239058 -0.08237888417573302 -0.4089617258273627 -0.3213845734519088 1.635908847115125 
-0.5033532651784289 0.8437195300234602 -0.35035710901030936 -0.349993333749049 0.3663385659386074 
-1.3019506227639395 -0.8932354340601607 0.14268515711532814 -0.3418657569399102 -1.2851107193779963 

8.424624631194225E-4
-0.5047275390430579 1.673914176292345 -0.28613794809546306 0.2946507563328909 -0.20470665240157773 
0.27839552357957936 0.33460495176320715 -1.3824019025195509 -0.638081696610763 -0.23720063702826333 
0.24603287449607458 -0.5322524357285695 0.45949444549747176 -0.048499572816321716 -1.6772387838968084 
-0.5075322636782044 1.393731146807229 -0.15062228743211992 0.4149710314591149 1.0882111833765504 
0.3691001770881262 -1.1300222626016971 -2.2706621735078857E-4 -0.4793040000309113 -0.4967545080578853 

0.020742527587080634
-1.3050083907351941 -0.6635194687522588 -0.2738761113685149 0.23138708360346916 1.82692679847352 
0.8153813318937725 -0.04541085180950927 -0.6488781751406417 -1.2028599792589574 -0.286630406318072 
-1.0336458315502621 0.6510072620230735 0.5905565895416448 1.5400204458884663 -0.4094218220144028 
-0.19523064623902803 0.7361645621593352 0.04189559625428715 -0.1362303998952974 -0.5032283979717449 
0.5860616419648723 -0.806543105219913 -2.2815113684063903 0.5349180459307262 -1.135590139622187 

-0.037983385944100015
-0.6183158247618802 0.5529615462600911 -0.05543238027209693 -0.7699347982463275 0.3754434026799783 
-0.03288577526567903 0.34404560128159795 0.17419733916637772 -1.0144826151969002 0.6202299203527633 
1.4391709520388545 -0.15768048109894725 -0.649955288379632 -0.22264302466068023 -2.0493605498009857 
-1.4850321679951757 0.8233325505114157 -0.43582349904396106 1.2374057668939222 -0.7332711921070325 
-1.5008896260140356 -0.6496089978436526 -1.0852896636309781 0.5542732990554883 0.16382317762790558 

-0.0018336473127945046
-1.0197234831744262 0.8747295411784477 0.7152741203719867 -2.002411666818483 0.7046290581929461 
0.6216008409637128 -0.10618831997014555 0.1386489751687428 -1.8880150679706234 -0.47081834978018045 
-1.9053272389043023 2.6152790411974625 -0.7238437802019948 -0.6066099559362326 -0.38424552891304037 
-0.6510213280039568 -0.417203010870021 0.22470943114886824 -0.6305649732609979 1.4768661305134954 
0.8889468965005983 0.07577875648229075 -0.5646147957921551 -0.8601320348992184 -0.15943824718894078 

-0.017529976111303205
0.13622542512491256 -0.2931278180910357 -1.5828244476131568 0.6441347257047586 0.9226359835724205 
1.6247588894103588 -1.1520052560114933 -1.9799048243987365 0.07886465476372187 0.35162778880464046 
0.897655294114437 -1.5771149570020913 -0.28840293812990486 0.28173937182028175 1.0386489248695407 
-0.7132674920982097 0.5068969098823854 -0.26601434566754667 -0.6372809846536124 -1.5941811023872463 
1.411352914176584 -1.2097788070816504 1.2709931811158055 -0.2617588883586658 -0.8398981702794075 

0.00420828714344166
-0.4164451422672342 0.9229617952455786 -0.5879389921506958 0.4049461129925805 -0.0948635114998689 
0.5630783967500373 -0.20087516702748826 0.21962482007472334 0.334010865249488 -0.4314908786474905 
-0.7193369820243384 0.14023754494808016 0.5698560960955297 -0.6294557181606902 0.10437626058140043 
-0.029202300806304985 -1.072893680512808 0.033161395951611196 0.7567855908344916 0.19007338945149393 
-0.07705337302679681 -0.17527087382320036 0.534586719910362 0.689142395841613 -2.3344165442618405 

