-0.06692380715124231
0.5666101303011543 1.0249954864958846 0.1255709217822143 -0.5355238593169421 -1.3002538360759885 
1.6486567804085297 0.2587904183311161 0.6801510452854596 0.035895387156409615 -1.7836674948352593 
-0.4528714051843346 -3.2766376320648414 0.12260228679574857 -0.8006511100488113 0.925261179615539 
-1.018419602327001 0.8277932204265355 -1.4914567227011362 0.963676472141088 0.15403795574577403 
-1.496049408648485 -1.241595849984267 -0.14603150755490052 0.6335928203239811 0.03477369869283392 

-0.05342548512885777
-0.7737697773022048 -0.7941016004840211 -0.5634280231109706 0.15471299123557644 0.7587471990988237 
-0.2382757215492498 1.090630151805677 -0.9341626258250705 -2.258949832512744 0.9471765638018333 
-1.6063555396570572 -2.537415875866425 0.8459317430206018 -0.42699629538639416 2.0337308397748046 
1.099466114925358 -0.35901712568533495 -1.649447175971142 -1.9554331861925327 -0.09824190258734385 
-0.396980245463004 -0.623797026941414 -0.5220806795392401 -0.6710471056677939 -1.983705918449053 

-0.09778305227983461
0.5272316135379589 -1.1899020431221627 0.9803813244149582 0.5813734462454825 0.5514973284704987 
0.02436561781595426 -1.7498387055940394 0.5690898044541384 1.687618245827369 -0.08496986239114715 
2.1068802486684093 0.7934705224183994 -1.0977550912742173 -0.9393620225300738 -2.018076755158025 
-0.2758378288847962 -0.2189612516321787 -0.26921077916236696 -0.6282064885318862 -0.9787446970794079 
-1.3872714338761851 0.905157983697876 -1.2549700487893052 0.2935141950184891 0.2998436203021988 

-0.21642608605921154
0.7168488079045685 1.7666253730202288 0.7785803794197484 1.4633001381371455 0.39057016659830024 
-1.9452389803891752 -0.5580409498231639 -1.889364836631272 -1.2622024465723118 0.22857598352211778 
-1.5691523627877995 0.5196361949155337 0.7467275216369481 0.17932256080105266 0.8601751589726536 
-0.8339047549579082 0.5928775934028319 -1.4900151649787396 -1.0682650286419908 0.36382253846913326 
1.1691856693689104 -0.5800414581540277 0.029319387314510705 0.4755560642892547 -1.1196028832193259 

-0.1763060003723729
1.039790148967764 -0.6554138679730976 0.9055813433000621 -0.8900960961487033 -2.3939110529569976 
0.1944815332601035 0.09736261773873787 -0.16889358579193256 1.4479992551431078 -2.302673149965571 
-0.9408052295418211 -0.28601963525223406 -0.19076989746742523 0.3625439584418386 -0.8254952736360046 
-0.6337246266841581 -0.07070194128200644 0.23361061236689068 0.5421881595722582 -0.4338716816712751 
1.6092975130819496 -1.3104297141391061 -0.22578274867836728 0.6093770731600414 0.680028239304185 

-0.13896878601839988
0.9333433178424861 -0.6525943118098634 -2.9957444980108097 -1.6899172539546792 0.17678934607157648 
0.9981222262662698 -1.2587830276160312 0.6597479524393951 0.09811628130986205 0.7944085056552869 
-0.4764360010947865 -0.8303675209926907 0.7510049952962 -0.47252175573660155 -0.01199707234821594 
-1.6460140061798338 -0.4154482179978367 -0.23923190620017626 -0.45432793213575307 -0.9803533726780362 
-0.505160087975026 2.1754213114237406 1.443562017169643 0.5897370955103667 0.8093962205017218 

-0.12230611876741503
-1.0287625803382554 1.9238769188354288 1.2116852096512145 -1.544750259785381 -0.964769523330492 
-0.10094095429029387 0.033395537975608736 -1.2182187895166592 1.4716267734654087 -1.0876108479959032 
1.906989461493336 0.8024351341258398 -0.6432528387114719 -0.8768478166832927 -1.117589701339237 
-0.602154840887287 0.06335614207003853 -0.08287437543372121 1.7537757820781938 -0.08354764015165085 
-0.9802856161145693 -0.38557372013923435 -1.5545404638782379 -0.1453306870648168 0.7334980512204171 

-0.12129708666279819
-1.483381444368668 1.9504058018941453 -1.5028185175295745 1.0032310641812976 -0.6437375665431719 
-3.233339861529847 -0.29892648882821815 -0.4171286007371135 0.44350986816035876 0.48224454378920084 
0.5070294955505198 -0.781573392648806 -0.8400370177259264 -1.002957845375517 -0.7770902349528396 
0.04346834037522435 0.9206702031877277 -0.035122684617122514 0.719735940551715 0.8964518185680068 
-0.7648638973845032 -1.4020316757835432 -0.6512603259052969 0.23885112720501295 0.3506895295057346 

-0.11594819657496856
0.7646080716829279 -0.4349540459437976 0.729711223145241 0.5767885388055061 -0.5868614504110096 
-0.11028655424992655 -0.8205727668214187 0.6026137242662397 0.015015058342009443 0.4833153225634211 
-0.2870815268652718 0.8924726311318315 -0.7474497693951312 -2.0725922402464945 0.21867179500125605 
0.8686509269739285 -1.523906316235867 0.8529961351242602 -2.0946073118503232 1.0892616975137341 
-0.4744883675480467 -0.19831885471923083 1.7909416086287564 -1.0799667258871655 0.05172743180573815 

-0.3090070484213551
-1.0455926798058541 -0.9597209604831503 -0.25755594359794215 -0.9392780444384526 0.5245208269442941 
0.7916847830863766 -0.3969705699693941 0.09559637609034789 -0.5599554764072433 -0.27896884232238295 
2.019025876202603 1.0430099534670563 0.6562928560150924 -0.8881955022370891 1.008619782271775 
-1.2265579812973357 -0.5443332706873026 -0.8222007038643473 0.7782791680594782 -1.1245293950706308 
0.7217225799956294 -0.5277395217265377 -1.1141547559323375 0.39873058502719216 0.6436301789211063 

-0.47578635494568333
1.1586110646759742 1.0832700793798664 -1.1119378235367638 -0.4367474549456848 -0.3332575589033187 
-0.9930512268585732 -0.7137838924142361 -0.9531373759712123 -2.3552350797516306 -0.12283884033625003 
1.2159005578716893 0.7485854446582495 0.09295618789889801 0.23119646750634615 -0.23892516876689113 
1.0834866579575342 0.44239689776613184 -1.7296868215584678 -0.15459350702336494 0.8038401519827579 
-1.089757945506312 -0.09464408533391522 -0.10790472436052385 -0.7190414047218805 -0.3792504398885816 

-0.056052002344901035
-0.8792465143431498 -0.7483651187601014 -0.5204468980626312 0.9401346257043519 -0.8140042098150685 
0.3466557159600323 -0.2793125522708152 0.5438676289494563 -0.5307683297101683 -0.5405965692389793 
-0.9744522424829838 0.6886229405952434 -0.7507989351576584 -0.5619680437444975 -0.7021646690912047 
-0.9565261182415579 -0.6109863067025333 0.3625882632517815 0.028598729742093692 -0.14428559062742635 
-0.2448604612971639 -0.31799946165164966 1.837215111061337 -0.8996060097118215 0.905468080315255 

-0.015755809980123617
-0.40685775747997005 0.2337305674027115 0.625978511744249 -0.889786229818451 -0.31576828317434874 
-0.5776847510657781 -0.4236764788250713 -0.865076903248508 -1.3711491636666824 -0.18009423065447722 
0.7042507582397031 0.7244884380567146 -3.081413332756358 1.505892282187821 -0.4454160521680867 
-0.6461766474543958 0.38452352327085876 0.42540941652199116 -1.469214549334827 -2.1517841575781027 
2.249628915329358 1.0978273643836411 1.5903062316433023 0.21131653505800949 1.0462562878288937 

-0.28204450984508334
-0.39346951970427235 -1.5460572331718367 0.18692069515520401 1.4661817504187105 -1.3492985325831384 
-0.9949378558441588 -1.243942449257308 0.5063053804390243 0.502105094643075 -1.2809269240300905 
-0.23554964878873372 1.325904813453566 1.1939848681075294 0.3069612952777975 -0.4459975397228417 
0.7390015131604212 1.543059646359844 -1.5487078313869247 0.8407133704135351 -0.8841579841373093 
0.5360109207578239 -1.0794999707503143 0.48900115817370304 0.993744941733156 -1.0262302098502514 

-0.12092391466318642
-0.9382196584198609 -1.1450997859407053 -1.686071259740025 -1.3986777570973474 1.4438601966361357 
-0.4310989510655638 -0.3100226571014877 -0.3766628726045206 -0.46412579670270976 -1.9606053963041095 
1.078525771214555 -0.08529597333886739 1.2347440499005686 0.858184841659393 0.04901407616030585 
-1.8708299815209817 0.4432214581079884 -0.1450263464355757 -1.2279987480229846 -0.3372607354407649 
3.2106291400391918 -0.016877780860500725 -1.050000110270067 -0.9954661516374185 -1.1534605398208229 

-0.0938296021995778
-0.06928947300562692 -0.47784540545028703 0.5529865670072082 -1.3622484847037877 0.35038250531349474 
2.155345855541091 0.6549893509329512 1.968495940280581 1.1727871580760554 -1.5368925076678706 
-1.7564189373291923 -0.416468128008494 0.3142450214565087 0.08396757375973088 -0.8964509470377446 
0.0853609756123858 0.03979207394229687 1.0097228732659351 -0.7871511310209801 0.2528888586149807 
0.8171604918847607 0.22132529559272376 -0.6481486569625079 0.6456593285821243 -1.170847296206339 

-0.2864392633344713
0.8395243151191515 -0.5219696639807905 -0.28630587229306964 0.13883153996466885 -0.6440096261214011 
0.6073179413516956 -1.24923677776676 -0.48791573146701145 0.32924112087960183 -1.5666054530856004 
-0.03274414711157774 1.2443188539249286 1.2613862470919315 0.9672508858619042 -1.0684638754457496 
-0.27207443022163025 -0.5564993938894837 -1.3447172933630038 -0.3121504218058244 0.7614316302024207 
1.0218527394646197 1.2973888041038335 0.9226017170371249 -1.2735244509933752 -0.3009731258799619 

-0.04072225861788624
-0.9940723991035009 -0.8518153657295778 0.3093138220128491 -0.40833489317577254 0.03880856442090122 
-2.183623368973455 -0.5852312625522662 -2.4455637483809847 0.04912497300581399 0.5983707849139401 
-0.6120505878490472 -0.1339088705033899 1.5790410631409812 -0.8725348897261843 0.3012935794069812 
0.28966224536240176 -2.010093426516398 -0.20849897974371753 -0.5034309437818535 0.19461255471869982 
0.896558675925385 0.4099281185237293 -0.456636966389728 -1.440069094546826 -1.6209260391438922 

-0.10265497354236437
-2.5660929369852292 1.0874874717942782 -0.061176237126737885 0.8938941234588993 0.10044005096179273 
0.045122844222421535 -2.7694054888937387 -0.32257814098133963 1.0632621319965563 -0.2940247449779519 
0.5750071662396754 0.12958123690463713 -0.145960124221158 0.11633544642287039 -1.8826959488628738 
1.4366485616648585 1.2544673466170857 0.1381162125186513 0.9761941738215513 -1.1190933556826423 
-1.8279432588441158 -0.23252762917379885 1.040641768132088 -1.3939700375915898 -1.2054047034143833 

-0.2976240619683636
0.17649751267626748 -0.8594370930104895 -0.1580095760422187 -0.6991289282473997 0.40147756885601943 
-1.4218574799922665 -0.5276679981004319 0.4265687306503747 1.6083721405663798 -1.2219244688144015 
0.05679644882697884 0.5495176292179407 1.5119612162549614 0.21124467712255182 0.47219557359263753 
-0.644556982261268 0.8634863607946602 -0.4369216577732018 -0.06428578270716499 -0.8705527940484682 
-1.0277883619390562 -0.6277651567371999 0.27253786676487907 -0.941095523065355 -0.41368651880201185 

-0.15976825236397324
0.42978189090076246 0.8142404456278708 1.3831586058127308 -0.27131034929863324 -0.5035140644172981 
-2.6178828768138582 -0.9996511956344482 -0.3100030513101605 -1.1837610510180063 -1.7750109075425111 
-0.3861476649176922 -0.7180939182212511 -2.3840056697192167 2.640956603209537 0.7049121884704339 
1.0641211919363556 0.6712649402020889 -0.5339905917296162 -0.16246205875235104 0.5907013217826362 
-2.1442307048390252 -0.3745693980758467 0.5483915905137272 -0.2979908834957354 0.171985243762465 

-0.1280076939583585
2.5601974604196434 0.3703787970833346 1.1493507428327612 -0.27031322334646585 0.4434261681623892 
-0.49689477515736746 -0.5794188159048363 0.005298607296883283 0.5527672598200959 -1.188956002189589 
-0.585618910478067 -0.29518907683524576 -0.09867865282693299 0.12484398986119905 -0.9645223377358242 
-0.9235212905878666 0.37541554535268146 -1.3962594375026622 1.997426617404391 0.6401175186623228 
1.790421104153086 0.459091575892398 0.8576358909852096 -1.6206626597578588 -3.0361652641706227 

-0.26292089540671015
0.3863813981239052 0.34765071457538993 -0.7203093282527588 0.18614981906531028 0.5580579728556486 
-1.5145940156010538 -1.1215700777540294 1.1783879953336402 0.8919782001405859 -0.03737846068304018 
1.0904203222332383 -1.4907632899991523 1.6664473207605246 -1.3861031456689092 0.0933027247580021 
-0.4362844256285864 0.41566464983316187 -2.268414767876749 -0.4990251919207451 0.893075863339436 
-0.31658898559635884 1.5208558555259841 -1.238692405072638 0.04581106607930763 0.7210217388372089 

-0.19343302099889245
1.3155628607778516 -1.61618531211712 1.8555853208088802 1.2891096895538174 0.3400085602088705 
-0.7633486724262527 1.777083798278635 -0.6481815403988983 -1.9579743149512938 -0.09851551428104488 
0.4553773343507515 -2.034141829839491 -1.1769023375452325 1.1949474829481521 -0.2316454029314546 
0.9193572087639698 1.275499040507869 0.3994362318710598 -0.04034679115529203 0.23200800607147018 
1.2085018993024463 1.0414049735921014 0.6747587605353342 1.2182876661645545 0.6783340960716993 

-0.016025201640809127
-0.5566465574004015 -1.2269062383102947 -1.4045753552828468 -0.6908885509883225 1.857113398397162 
-0.1280717059945105 -1.1323915187552447 0.7086948365668051 -1.7822778473177596 2.7450112807810507 
-0.03273509832562052 1.9948700198020644 0.39145810209567633 1.047467674163552 0.035021204065183685 
-1.23904200572525 -0.1429154834516009 0.5522969390974098 -0.9844893150971786 -0.14602296567438233 
-0.1327475512539565 -1.841724100626176 -0.2080457432632739 -0.4689958933208387 0.2092959186540789 

0.12439115551676165
1.0598362180044574 -0.1453948026504934 0.9287105505784142 -1.3779203532300206 0.8670361966902942 
0.5286726673359406 1.100368037180339 1.773871061267353 0.18640522172756593 0.2531078354840513 
1.3888719167345571 -0.9289626725313885 0.6733682045688115 0.21378240439899546 -0.6838530614402493 
1.4716320488803472 -0.7069583211958761 1.285769681532862 -0.5182076737855615 0.26192109210443687 
1.7507423225047234 0.40298008478229874 -0.992160137081341 1.3607334364981867 -2.008734183320487 

-0.049307729371128504
-1.1818853398395104 -1.752531842535209 1.9917832125226207 0.043673892691025985 0.9430732684035896 
-1.339661715587253 -1.0075613917713053 0.4845868764759569 -0.5551960415994429 0.31631261376081093 
-1.7737760621747702 -0.8675300223071414 -1.2535208841749597 -2.3363978148088216 -0.16784108753624782 
1.1331663898392004 -0.5776442723722357 -0.760615129144379 2.8538267312535455 0.2828552376543496 
-1.7700317931755583 -0.43441952229902336 0.46745277653034284 -1.7409206014701573 -1.2529041970107795 

-0.06636407342459306
-1.6415893254697147 -0.9038580778707813 0.29832550279670117 -0.18074982585789148 -0.1514802562753538 
-1.5058262079384708 -1.889242095232946 0.266784829890513 0.5989742917994024 0.9266289111169635 
-1.8604192231318715 -0.5214544741181137 -2.973337930107832 -1.249318044506842 0.03152303106742817 
-0.33679978129187926 -0.12589334380741304 -0.6321197429172654 0.36722400798927274 0.5325574506965414 
-0.6653279445705689 0.6154288483666374 0.4445891906813666 0.5447767271776698 -1.0396445183258889 

-0.27834313932444865
-0.4715279949496579 -1.473167869943416 0.1759201884256152 0.06869599994847989 0.04233669198774637 
-1.0275135136666325 -0.6330892390527925 0.33877158194888896 -0.2691677528776035 0.6581468759750029 
0.227331025316993 1.2424051866386898 -2.7224705974046985 -1.23264010767981 1.874807005132138 
1.344800305315969 -0.3480287146202499 -0.2261205440308982 0.4072024823754804 0.035404522698104623 
-0.7281420614873173 0.31885733923412235 -0.9359233746625091 0.4153601112615532 0.4850532075094391 

-0.08408098927261873
0.09990667202856382 0.8664242763752191 0.7689925204842308 0.5576409424223883 0.5670488019032587 
0.3707254055305904 0.5591403681292925 -1.8779227066148674 -0.5088424776016355 0.5444835859782319 
0.6804296256943589 0.22589981442009535 -0.7124184350884709 1.5526250556726786 -0.27922330280318564 
-0.44678619365791095 0.0024220462000044602 -0.9356961457497517 -1.912495764134043 1.4881984718363475 
-1.1439667652651777 0.42973621949966606 -0.46245980634351186 -0.3679115397854985 -1.1548782544065634 

-0.1422308707227281
-0.7581354000865625 1.7907399687927912 -2.231584960534642 -0.9970745665798727 0.42687256802384793 
1.45527648264281 0.0831915462438865 -1.2163418222710323 0.2487452729646137 0.23656133684480463 
0.31562175977387913 -1.1485111639136392 -0.8328591359543148 -0.5797635631143473 1.8767031281821362 
0.1617593128566763 -0.15724744656544207 -0.6966727258172467 -0.5102760514784903 -0.5988045610818189 
-0.6823556152927897 1.4815428958096184 -0.8641299382104204 0.5398517992638645 0.755244559710726 

-0.116101457538378
1.9515080197809227 -0.3807087398635161 -1.1557340972699615 0.754353462954023 -0.3823158891217332 
-0.18973998494749747 0.4497971021850512 0.017570400102961632 -0.6881742590078086 0.7506967492242966 
-1.4091018233018542 -0.14564181884697558 0.7974062402619454 -0.8494609712173331 1.0730725883967251 
-1.0978104000856381 0.509826770631828 -0.7502996829719814 0.07233133616601005 0.10152502000411141 
0.07912905491946208 0.5651782491034403 -1.2446613632491954 0.09034847072391544 -0.21177695148976133 

