-1.1241747630293717

-0.3490225938107211 -1.451148800548934 0.15718462626148974 0.6671052814843712 -0.9891654631561169 
-0.23122462714199396 0.4834537239066005 -0.8225173353400442 0.9601538195908177 -0.9345736564806664 
-1.3589037880122585 -0.3045999862160388 1.6305569768709613 0.9607878213771534 -0.5236434681909261 
-0.3726745637351619 1.4306141797418828 -0.09721393280813294 2.3564116163669087 -0.39843280262667435 
-0.8122684241545584 1.5790902192208698 0.9916343319956648 -1.840837639379785 -0.9244155478401673 

-0.22207051977432013 -1.5198239163197458 0.025570181454518465 -0.12977530614233163 -0.15347980131575023 
-0.6933435859009668 -0.34604564090051276 -0.9162818420822981 0.6457899221453 0.9104289945936238 
-0.21008496761051318 -0.7040618599643534 0.5792357429910319 1.1976524341679584 -0.8757201115916815 
-1.1048312157709261 1.9250209778553071 1.2612994152520387 -1.201883606300687 1.1225239604706578 
0.5227092934901197 2.0142886385974843 1.7264618683051822 -0.4739715451585734 0.7617754416702883 

0.5887952208941282 0.2006800245663797 0.3460195185993842 -0.23639158991375664 0.9847765223422279 
1.142580984953464 -0.2025149125499509 0.21145557025695716 -0.20044859727080994 0.24551422705198536 
-2.608730437687344 -1.4153650499870385 -0.21397783668116654 -0.8169781161148272 1.4503589879088465 
-0.27729985909844973 -1.1104842691774868 0.6670899682785721 -2.4569637067555448 -1.404680574748738 
0.5829687520214335 -0.5894706199038277 0.2887180277105348 -0.8138423942724503 0.3778132327208323 


1.6785602740556425

-0.052718346462182444 0.1287580214169226 1.1333319517108889 -0.6960775984272746 1.097944151539285 
0.3006165532775929 -1.3327626022697199 0.514888255342798 1.814398246875161 -0.030933587388445302 
-1.1881959546235759 -0.24089946276676638 -1.7084978862230706 -0.14737607950835896 -0.3641452609226375 
-0.4367156673031959 1.8144189316069443 -0.6114945109473104 0.16333285723933716 -1.2428447951434844 
0.37566952427063155 -0.2565590913201868 -0.2681765572738098 0.7476797374535062 -0.16461370754188712 

-1.5449506008446054 -0.9432338834908759 0.44273759926198386 -0.37755192414440203 -2.2567434970733817 
-0.2818483016776358 -0.5039128986393638 -1.4038510234037638 -1.3701715309739588 -0.5761682286731131 
0.6947910295886087 1.8395413408567995 -1.5148704876287702 -0.35441515371188154 0.8841197257973626 
-1.9531592977088146 1.419550987937151 -0.6246366228153745 -0.3058957056554419 -1.0913682248274421 
1.2000362161149947 -1.2486166840240334 -1.6221438495420313 -0.2823855277414438 -1.635725640393997 

-1.1031227695108874 2.433763974172422 1.1281875349661241 0.23231479562141463 -0.6019979931820796 
0.6191601117958281 0.21278879923148844 -1.572616303930242 -0.6840824536405467 -2.174128330758424 
0.9788741653646169 0.8368661536728746 -0.942838124068564 -1.116065012770481 -1.637482726483852 
0.2140124997385488 0.7117404310180843 -0.5712143037453908 -1.1481133667124857 0.010453725834149547 
1.3263660159212496 -1.0668426003056293 0.4590408505219001 -0.10992598772407718 0.9299600719048705 


-0.692857079741715

-1.0162913527794164 0.8243363895319281 2.3507057118032577 -0.25727863899098535 -1.3636072586331491 
-0.20902280755208968 0.37729369615925623 -0.029146588689244867 -0.18331162355916647 0.16048650345407395 
-0.5840318701295004 -0.4086687962581061 -0.9534616423178274 0.5882980618689084 0.1724935681040061 
-0.9993975778252252 -0.281320861748038 0.70302504647094 -1.0460251465451458 0.30816755498691895 
-0.5295354830136488 0.9873497304440727 0.9853937832761848 0.23878650227377646 0.49637072543530164 

0.5066029191709287 1.4362490233365475 -0.1608594243067024 1.7537216711832806 0.446506731501624 
-0.1988870005612678 0.7671630690060933 0.3849836898961831 1.2666417569609472 -0.7430421938742469 
1.2478541354145034 -0.5880605764700066 0.9876451346698142 0.3735989616062751 0.7803174544481217 
0.3360512133356411 -0.5427718372060143 -0.18852912061122173 1.0502268787136664 -2.3660388723092662 
-0.004792006697399654 -0.5564603179477403 0.4913513078255122 -1.416817695639419 -1.1644507728162332 

-0.5598317868870422 0.2190956875097025 -1.4982870348145099 0.2229330129314175 -0.25870707571779533 
1.2864135860576964 1.5706510208108213 -0.19207278386157597 0.7969950018840611 1.1549235680641377 
0.519345341753055 -0.4337038784456331 0.5101111941099646 -0.8611070231579602 1.6536254857054553 
1.4515562770883739 -0.564099306547722 -0.8540860893107736 -1.408076142502406 1.1680748760579571 
-1.9698139222737014 -0.947566827271368 1.535002211380901 -0.4154603212938647 -0.22535463985468593 


-0.6873009138802733

1.2755359753772069 0.34037824847414866 0.14356095728027046 -0.9877316163956229 -0.9151549832871068 
0.09703690110399248 0.4502789798489443 -0.14212764835650477 -0.6176054339533908 -1.0200792122582079 
0.17530481613581494 0.0914979280790339 -0.9422678411137667 1.131077321916401 0.1732536475212707 
0.8615282047168968 0.4498200017409633 1.749286843305942 0.5923651179234853 0.07969837701089678 
-1.3452445529504433 -0.6961824519894954 1.3216771805323486 -1.29692543773112 -0.309734646442245 

-0.20081133948620827 -3.513500140829929 -1.246826548621307 0.17911124484306237 -0.11003356172687807 
-0.3054672897057371 -0.5758579159074563 -0.459621239009082 -0.9585921169010865 -1.8340764299896688 
-0.5548166978708935 0.6603724674204287 0.9844860075219747 -1.0133702402062865 0.24594950722590048 
-0.4147892496548146 1.0575578531437329 -0.8610940618380986 -0.007451819611919023 0.1991898982511961 
0.22520890937404842 -1.2170821125996567 -0.6372859317983893 0.22299983267675771 0.5752860112374 

-0.24354351676691385 1.6647356097481572 0.1378917443249708 -0.7631824059928345 1.1631360607432977 
1.5355033686417252 -1.3501051700219024 -1.017029759667465 2.1904547534302736 0.5701993933089027 
0.5134567152918961 0.00901511898119245 1.1071690873010207 -0.6899587964820021 -0.9889048615112603 
-0.35803949565471727 1.4271873352952509 -0.053671160145747444 1.0673352414894681 0.6821437698402928 
1.7349545839170304 -0.060177570127338265 1.5515125535119179 2.4639837809106933 1.803028450104939 


-0.5682631975465595

-0.37942118625542204 -0.38349984886082994 1.5107110925996277 0.4089283770428467 2.0979189741795086 
-0.0634047860921427 -0.40061368077876636 -1.296468343620292 0.9667156101102019 1.1527401403822906 
1.2612865862793634 0.41570952663825056 0.8308953169253956 0.05441615644564877 -0.0033210661046494745 
-0.7951703912673639 0.32471780719129223 0.3179992816033707 -0.1781401309905859 0.4767475597777226 
-0.6712416154986326 -2.390750679606625 0.5262631683569753 0.9442656983122779 -0.6948513721716383 

1.9851240266226693 0.7021057238739876 -1.7276735005390498 0.3663907199090928 -0.20939399253304608 
0.5413510425667011 -0.1626043268981778 0.32449404714350916 -0.31292000392747754 -0.13099348133552624 
-1.7684752237022607 0.9550186656630706 -0.6204409474829724 1.271974753329589 -0.6981219927862239 
-0.3414981052292477 -0.3715572092712026 -0.5720927979262009 0.30867845438778113 0.8946048393575236 
0.785150188186685 0.47173330850797746 1.1958632893575527 1.007891767994995 0.2030903720152954 

0.297272128808636 -0.9312519501032794 -0.941833824451008 0.6209773072148531 -0.10602963576197323 
-0.18791441112995175 -0.05898126490167139 0.13615319319717978 -0.5630979617427319 -0.2536149660198382 
-1.3580237939524502 0.14858233892002587 -0.2637508050640535 -0.42531254329116036 -0.14201571258643947 
-0.08494713048714515 0.6892085140505085 1.0522116104247945 0.3132072942493771 -1.0778426329891244 
-1.3330708257095867 0.2907698484151223 1.6542265221043528 -1.0112026396408482 -0.22866167786113872 


-0.8352265397332584

-0.6766189458666108 -0.49499478882236864 -0.010411987801318438 -0.21209311449257873 -1.0649344838828265 
-1.0618988135077394 0.5149333758672676 2.2660244796150737 -0.2176735529114361 0.6775506466950441 
-0.7773512834488616 -1.9348621652126197 -0.702939131892316 0.30863372545499024 -0.8578711512952173 
-1.1166638506455528 -1.0646817076880177 -0.6357783107147877 -1.668230853587157 -0.48448802209755004 
-0.7705164978993 -1.040473738468707 0.8107145759985567 1.0384965829947832 0.6324801061138191 

1.8907641322639512 0.25968162031241426 1.703717522635327 1.039509679168816 -0.87225528692021 
1.5393699176855427 1.2977209105890688 -0.08713006248482096 0.680994075959833 0.534902667236042 
1.066874699164438 -0.9683622970204419 0.5354078836782167 -0.2767561952874472 0.6297271920198658 
1.7048929962440367 0.5859801630756333 0.7222136982497772 1.5772819083343248 -2.0763033163880653 
-0.011208131544181332 -1.0966803404794632 -0.9399591005848665 -0.5303121849914488 -0.2899280461898478 

0.5077243006713459 -0.5198227322706036 -0.4910499857846937 -0.7806311984652402 -0.6776280604034916 
-1.7894624373562544 2.1853236487618153 1.4629318640547384 1.7211474111966765 0.1960088731755856 
0.31368310603631333 -0.5119046452896702 -1.9509864920740214 0.8344981490630976 1.0258396639569032 
-0.8543909512604622 -0.24616730445344695 -0.05399654245969895 -0.1034057449516996 -0.16095212665565942 
-0.49591406570581203 0.8154892573569831 -0.06782854427107143 -0.525611574193309 -1.1663492146663414 


-0.7011367330799356

0.020711384286068432 0.09243163470340755 0.7413803282075454 -1.1046625169312143 0.9194442230078292 
0.07150387766788774 0.24160751051794285 1.148716936671588 0.6004223029357811 1.4030227108900015 
1.530674770698644 -0.34263740218437594 0.33367843098448907 -0.686967179549206 0.11953685003395653 
0.5516662927579681 -0.22118254231611814 0.36215017845950903 -1.120484274384281 1.1834222108568357 
0.7413417105827728 1.0099475613624092 0.2718227857455996 0.013814630220794233 0.42963943088991 

0.5998628954515529 -0.03138670485548184 -1.182160944458547 2.20024379868814 -1.4370109293076199 
-1.1273445350584206 -1.1983132021057914 -1.2428025011906685 0.3308201146765124 -1.342104464580656 
-0.3297265201346892 -0.7380843899956117 0.17771715495030163 -0.5650377092998188 -0.2732215891919512 
-0.6359775581918269 -0.032084197747347165 0.5989771265669914 0.404593405526563 0.8563798852446243 
-0.6759144779484713 -0.37368334485033156 1.2169313333982699 -0.5889254737769801 -0.26501045071855794 

-0.323962551850214 -1.2674095027222019 -0.5781198619590279 -0.13748226668182864 0.9869825482116201 
0.5049792988560486 -1.1565997758838322 -0.8170496788428406 -1.0197120970058804 0.5605683697472817 
-1.5719937275301452 -0.08240634633429887 -0.20409170523216838 1.1931437172217334 0.5637119262342418 
-0.4450388066844493 -0.033349443490955054 -0.9702883506196939 1.3369402062424565 1.4075247052157986 
0.022692932590233316 0.740946846625673 -1.0321234835387032 -0.7593640357206981 -0.2553095762057784 


-0.8914748654760872

-1.1241882840005684 -0.8441152597332598 -1.153681663023163 1.1091210515245884 0.10984455812977989 
-0.22733011358445532 0.8985674680309669 -1.7186026384120334 0.8010411779911564 -0.17159702588356915 
1.7517979155200625 -1.902200057744034 -0.8794480068804807 0.6409585386940155 -0.29327364538090145 
-0.2587173734542136 1.3979350731800055 -1.2970317583029503 -0.17322712733854229 -0.6572330853350321 
-0.042232785346371954 -0.6116112977588098 -0.18038549108288524 0.6248507863284042 1.159808690791623 

0.9998714012310888 0.7366476061301827 0.1462389838286618 0.28132616278615546 0.3503576691986002 
0.7869374237330338 0.6737482929455694 1.683895171991695 0.9291652456059951 -0.5994640964219015 
-0.614573843228919 1.4751616511949208 0.42599378023408413 1.1348919727931184 -1.1131490480331767 
0.18135692561776104 0.6715847426355377 0.4953342879816051 -0.10496054766673557 -0.09942894374402346 
0.33201037244906006 0.6484242473586984 -1.7173342085284202 1.3962245076022974 0.5284527767626672 

-0.9442050222550395 1.2966087850958117 0.21657564266549806 0.29299260453892945 -0.3577670526380328 
1.098289873772178 0.827060004458623 -1.107711375002518 1.5103833543557716 -1.9856604250094563 
0.6954503660742134 -0.11866790965332326 0.8165369221379428 0.6432218804480306 -0.08746886582486549 
1.9144496922317968 1.16750708664191 0.3959425601259607 -0.6134250410619039 1.1076041506312673 
0.4855728592257373 -0.08203351368937978 -0.8307040519954828 0.6474205027262097 -0.26987079141998066 


-0.6400943098636923

-0.8865943446765516 0.41450299880012337 -0.48538824953757426 0.8642362054986839 -1.0131175276144584 
-1.1960228107257196 1.914610757592315 1.624294138784566 -1.16968032507659 2.184708567036221 
-0.28475743717067686 0.2520776207666514 -0.9697022824772614 0.6688687364526165 -1.1548261293433102 
1.65240437353523 0.7035014752760562 0.7419654036779176 2.433415545121599 -0.5465088058958532 
-1.5296814457624826 -0.5346471377793341 0.898471269530155 1.0901903330238538 0.2590699694927487 

-1.2232186578288455 -0.055064615179029525 -0.8337719775132652 -1.5912527419084284 0.14432087798397042 
1.659365779838029 -0.1830587450438384 1.105955120052928 -0.24275411344322653 -0.8667822281133837 
-0.6915818883994506 0.08372553885218226 -1.0452779876325367 -0.27473257794204675 -0.3642749333662381 
1.0665663133489194 -0.3182142702587792 -0.545062776104602 -0.706278256494567 1.0900742509777301 
0.6193161877997846 0.32488942089798756 -0.8802536601373855 -0.16495272732488245 2.1032240166347225 

-2.0673269147489277 1.0714648016393276 0.0033763417020830667 1.733342497307244 -1.0345933366347835 
-0.10030554196973017 0.17047891623416686 -1.4505683372011116 -1.156352109208478 -1.2248277036583795 
-0.43806430891308634 -3.1934128303901694 -0.25111389153494096 1.4561094844567473 0.7941364657487919 
-0.8821394405123725 -1.0628679634842249 -0.001038393907221162 -0.08169982729768255 1.896921902791523 
0.9644274074169533 0.03308699253310409 0.15227502467474915 -0.19391918917363185 -1.0370710791852997 


-0.8846816754861716

-1.5104148344486663 -0.86194100933501 0.5461044347069467 -0.5898673307806517 0.1135931171043131 
-0.17934507592393756 -0.01742283717137015 -1.1437162260660654 -0.14983995522441382 -0.8192332901315318 
-2.260526874822736 -0.801426658406478 -0.26092932238909305 -0.528668626972863 -0.5159734942038474 
0.2319728847220318 -0.9352607472974944 0.11572925035630935 -0.9559681929355024 0.5070553430052674 
-0.3987573149513885 0.33187613153906365 0.33332080954241466 1.5669275162216942 0.7927669896698185 

1.9061122518750908 -0.5772346053596027 0.33668777743942896 -1.9822313687302768 0.9332258925805084 
1.003560336454655 -1.7044052949193524 -0.425295295682969 -0.9974224361768192 0.24365294452701702 
-1.656246869612081 0.5752126457866292 0.21160792694219752 -3.220041736719867 -1.4690209985261968 
0.4642300018050211 0.8588739696603853 -0.22731707493724534 0.44637179188211756 1.0559009808450677 
1.3592051500772862 1.120128404399016 -0.49840449452257896 1.4884518091786336 -1.5935455684205124 

-0.11247684182533242 0.1173453495803659 -0.803318616364381 1.166407479707063 -0.8260443405021679 
-0.3247851120105962 1.419689157956529 0.3094696617575514 0.1942658892251315 1.210524133716343 
-0.47271740822826436 2.1351698278660347 2.203524504620121 -0.4419802007337737 1.019697235352969 
-0.8089497178080173 -1.2329453387350722 -1.1877679603601643 -0.29198576096707346 0.6222888561009166 
0.9816569025648308 -0.4651172001025836 -1.359313264592976 -0.18830122373262267 0.47940970900191743 


-1.1054173305900556

0.16657479306669096 -1.26063655670298 0.2932169745002942 -1.2931798257155918 -1.6559217575097165 
1.047557252072045 0.4605797379654721 -0.8978815853913136 1.0098321043955 0.13456811674895133 
-2.8452917550596983 0.8765739155867084 1.1531671851149634 0.2087559311951845 0.547369112956048 
1.3160695219098835 -0.19897452345666414 -0.8576126508000855 -0.3403666108989168 -1.155384496597975 
0.41187735050737295 -1.2697784608469738 0.7759141697043315 -0.4697506889627496 -0.49450320015055693 

0.0010181145863998725 -0.9620071223178726 1.1727112464985638 -0.6718202248724335 0.19591277567795093 
-0.5321493753139009 0.5681805040493337 1.4232116103771049 1.0680171911866803 1.1480764340175507 
-0.1384822913316467 -0.0733374301289066 0.45076043854944653 -0.5221094240990961 1.3340117705224963 
0.001625662826658534 -1.6238834869365208 1.7143923243754973 0.906268732492009 0.7299656234249231 
-0.7014906032500939 0.6451277195742154 0.4783487524767702 -0.7648059133322591 -1.3940297286613377 

-0.7445092814501886 0.24726407920640572 -1.7432263426250043 1.8805645159659807 -0.4099351170870863 
0.03738092106184158 0.7479157256095575 -0.2525491203132219 0.24711256619888414 3.14836259289551 
0.9406781937386792 1.120765025196092 -0.4355554737181672 1.3287540954210606 1.2962809738806353 
-0.059168154415037505 2.149721960215999 0.8479050011657445 -0.568140550930884 0.14171684912535032 
0.4031044123245124 0.3559971279814124 -1.4625567908107961 -0.788592262391562 0.8845701471589998 


-0.7561910576960036

-0.45901243293788924 0.16065108715784604 -0.9732918888022106 1.4772649639079227 -1.6358522999504528 
0.5072905950877357 0.3539720225004596 0.9027106480014997 1.1138267449994614 0.6405574306723849 
-0.5992136354603903 -0.3637781201251047 -0.10755535132411487 -0.5955414190311367 1.2331304383535142 
1.4302238957129234 0.3181550551751266 0.5755137973423576 -0.07607218331753476 0.5256478443416434 
1.5128906870051495 1.5426601679774403 0.9880439334122516 0.15915391969809575 -1.6338275765677723 

0.5741099454702789 -0.06805482498056037 -0.054937211586786355 0.9577131041544708 1.1185447257967407 
-1.6211139744054164 -0.649465202322926 -1.0769746033020884 0.27323358376529305 -0.3663598454968959 
1.8706279947988196 2.2109447622875242 -0.5424732164844883 -1.7020721405508012 0.3783314896919744 
-0.8745679802746039 0.6508202464323726 0.6546619626581727 -0.030621188212944534 -0.15954770794544623 
0.48819170256040634 0.3244676363895685 2.0824567314452125 -0.7366437768935401 -1.1066615453075603 

0.8681881434263107 0.4225673131415069 -1.1944230641841904 -1.4931235687940505 0.3280844921455025 
0.1318970082707573 0.8495087057918502 0.29458020341451546 0.8127994927832457 -0.10394351449575444 
-0.22283385058031133 -1.852125983737307 1.46494109117226 -2.0686863243446445 2.327836481528985 
-1.6479908410934998 0.24018021535228715 0.8400710300310047 -0.39238828923601793 -0.16458114104046162 
0.22370707791463815 -0.6582089741653746 -0.11210803465050558 0.6225027557325661 0.08139961196881952 


-0.7373976378905469

-0.1286908476944482 0.3031743119860892 -1.3032977728087203 -0.1099180278484479 -0.2765440956657837 
0.4214554549955203 1.302631295780633 0.2243041602671896 -0.898203120009974 0.5856947194803482 
0.19963834045432288 -1.8459987648859009 1.0829667290055571 0.4242209272676508 0.31625954482275803 
0.4506105983071451 -0.5199886518127301 0.5695709178428371 0.4627888580636294 -1.1339194562072084 
-2.227467389081568 -0.31970593645743645 0.0321744379536317 1.3501513948547752 1.09815335464772 

-0.05768774023231176 0.11066989835403016 -1.0536252302961029 0.7433017750539381 1.0039733973082918 
-0.2553042584763878 2.439954844923039 1.1350988619069526 -0.4834412847793137 -1.1218037414233246 
-1.329025472473636 -0.46255294235173733 -0.7808715823509993 -0.8867487838744974 -1.827252655791312 
-0.25180114681195265 1.3153065579772591 -1.370829617337593 -1.0719777130743515 -2.0321205586182014 
-0.20967496823950552 -1.759329310820741 -0.39453492819961444 -1.3919109455892003 1.3741281997335453 

-1.5491477331137333 0.10315845224275938 -0.42465700609803175 0.6262308291980152 1.175759104264701 
-0.07573697987741966 -0.2525944751042752 0.7874460447800121 1.580568290877722 -0.3426155017758125 
-0.854398120760659 -0.16181864049048436 -0.48358059814528703 1.4679666983768496 0.3227095151527674 
0.8466556230444489 0.2646563496221733 -1.296155951194096 2.1351445782610217 0.05015793014567973 
1.1982949977670891 -0.6096838308224745 -0.8255684827452451 0.9328469947118484 0.7878760583460869 


-0.8872639268368636

-1.53639151956024 -0.3380448948689856 -0.1590103637747723 -0.04689431257740339 -2.275896332395496 
-1.9139354693113093 -1.011095420272235 -0.5617016041933213 0.032589918452538676 -1.1750795907986622 
0.5006775165249242 0.24205923365747106 -0.9768842735680058 1.8289575067306176 0.9412567958876494 
1.429262987271057 -0.6720301925154426 0.3628104375366992 -0.3901810535589273 1.72181287144921 
0.8574190400326746 -2.483310406984861 -0.5372059601366281 0.5169666914564891 0.22323366913989226 

-0.35026346750769866 -1.7450700224260425 0.6745217052941865 0.6633273521066239 0.10526028297939471 
1.226775493664916 0.7216111203990725 -0.1588783833996852 -0.8243532174140477 -0.25524737813554105 
-1.8362302402068256 0.0371169521815763 0.36920255528178403 -0.7068097982383158 0.837690952437269 
0.4674554371002631 0.4731819606039951 1.1050294334254098 -0.7080644566381865 0.30313332317690117 
-0.19455163320878113 0.10219673787978707 -0.10832063239047621 -0.788424450892505 -1.282802119591939 

-0.6053753188079893 -0.08967499746245382 -0.2705660214245998 -0.18956173628430545 -0.26696279543963697 
0.19165000316858904 0.23420390476801012 0.22955468364303735 0.08604178411685799 2.943577457581629 
-0.6531285965331036 0.8623809420413676 0.6346622804966477 0.2953788590169816 1.995323566423372 
2.072054618716012 -0.45431254065339705 0.9938301027080109 -0.7673141923164758 0.6176169237473017 
1.5407639639408122 1.1269929441807156 -0.8415112336757067 -0.012078580650153032 0.07495999537221774 


-0.8642641298930098

-0.5556755943219664 -0.8009060401203495 -0.843622562259356 -1.2994760513076464 -1.653077916121921 
-2.330572575770366 -0.23750210056104726 -0.50919810928922 -1.6904388875292395 -1.1155527860407641 
0.9240195106135978 -1.8256529106115507 0.9367497908272547 0.17013401933079322 1.7994171018117406 
-0.42582304212011934 1.3009900564006924 -0.546713052392423 -0.977315769575783 0.95368530279473 
0.37570787996385235 0.5193601863919537 -0.6842366269968865 -0.2392689720830699 0.9677453965880444 

0.8097968455611373 -0.09283784353249669 0.010158929209804265 -0.34835731292334754 -0.9040131526536006 
0.6038895714479636 0.7452433432893296 0.41525665977194903 -0.7407880327189936 0.8827755801822535 
1.2202013800024758 0.39874722472484 -1.5837953197346997 2.9887245632627395 1.895157067595375 
-0.13327347719955612 2.0102205178778614 0.8183410078494776 -2.860800518094393 -1.4048696810321701 
0.45129663907650436 0.32730020803236237 1.1980560678835062 1.9460832926115879 0.6896282317913865 

1.26191512224976 -0.5359294665607648 -2.361379009359583 0.9858963450616869 -0.5821793958738211 
-0.4142543400077951 -0.1554436054679003 -0.5657545956412404 1.6150418700081954 0.009724000618224246 
-0.15642560236722203 1.0684218149256997 0.34467550890800275 0.20980756907763234 0.19885355852424438 
-0.014603300541566031 -1.6846822958788188 1.190412167325603 2.22813303881392 1.1934710453481319 
-0.15128711910290346 -0.8504353314701907 -1.0287703554716738 -0.44950836398962596 -0.7807915406142752 


-0.7263150381740245

0.786190378451004 -0.21994802125463592 1.0192057057448307 0.5980840199715056 -1.2287303526178652 
-0.4242719352365813 0.6784464095884806 -1.785407587212586 1.4510484812685418 0.4848983810290202 
-0.09997297578932332 -2.5154835270050646 1.8798775037862807 1.5758921832072834 -0.6495553275438344 
0.6480028443623289 1.874765588332938 1.358461784617737 0.3895862691139324 0.06557406441319856 
-0.1397922618847128 0.7820814941281002 -0.8646284029002782 0.16989612499961634 1.0457136276079864 

-0.901295588796897 -0.30209721769112463 -0.049511410667872534 -1.206236353265927 1.9540442573988577 
-0.3407440484896066 -1.383992539302816 0.4174143677967503 0.16638015736592052 -0.970602347385229 
-0.23340235422825215 0.13782105152656546 0.9077848043747004 -0.5207327095262317 0.09417908402236606 
0.029752495758920233 1.052829596490048 -1.199677297648369 -0.5343605186494894 -0.6057037067735133 
0.14493297104050895 -0.8103004468630963 0.3999732116659663 0.014085345644352354 0.5032722783762918 

0.15885567397030273 -0.6993969293090533 -0.26564172209072634 -0.12726750864092487 -0.8577655926971319 
0.40853460477709996 -0.17453887950733393 -0.29155501150314156 0.29753692047291713 0.7206240078749179 
0.8140562203962189 0.12426628714880399 -0.4439365843840066 -0.5828838770804577 1.7609252589762856 
-0.07041717852318585 -1.8537358203624137 0.619232116536175 -0.2440509529349294 0.7226413379677283 
0.29337657108400417 -0.6773818021926331 0.35460721310557164 -0.3865461817423898 -0.15279658658412226 


