-0.07046726332010246
0.5673278726394767 1.0251987426357538 0.12615142331620996 -0.535136651310893 -1.3000446918646797 
1.648116865983159 0.25747052607705945 0.6832133720905933 0.041588752134434255 -1.7782307407578175 
-0.45387264241624214 -3.2781729671070488 0.13036182097116172 -0.7902263021750011 0.940333877331628 
-1.0193142992179796 0.82624774529371 -1.476847797551228 0.9767785978469757 0.16004126029129265 
-1.4968298370019593 -1.2429794008239083 -0.13899390898987526 0.6448840284324606 0.03378427424479053 

-0.052717912531034396
-0.7736045010734303 -0.7921399225276924 -0.5608699169764717 0.15708512539155242 0.7610804077909089 
-0.23844400349043623 1.0921078830093014 -0.9323139530594604 -2.2574866736200696 0.9486742276437578 
-1.6068707770092434 -2.536187263518917 0.8474824903407627 -0.42556228032494936 2.0348930971826427 
1.0988399466774623 -0.35779499947424315 -1.6476351167721635 -1.9538768433267941 -0.09735026642591865 
-0.3975575161142013 -0.6224398352756882 -0.5205352373326612 -0.6696080361701928 -1.9827413484543948 

-0.09772438183482828
0.5309676824102121 -1.183771154752134 0.9799848152375686 0.5784280135344692 0.5486821874109159 
0.026805132704357998 -1.74659320399638 0.5656366019474177 1.6843419307064218 -0.08653638592131022 
2.1054580393506077 0.7943462776952607 -1.1014165667055669 -0.9424274008614447 -2.021196582270713 
-0.2766521333101566 -0.2166366082029954 -0.26890141705010634 -0.6310409351222135 -0.9821231316077635 
-1.386359315588504 0.9065618553823924 -1.2556372161954703 0.2908901924062931 0.2966728900102704 

-0.22703263307985794
0.6638748907425183 1.7596516200474748 0.7671337086114147 1.4448004753169128 0.37035837889931467 
-1.9771384742999079 -0.542024744454126 -1.874535635539252 -1.2607431928888855 0.22732865614764153 
-1.5997925937160546 0.5308226657178606 0.7566512860100844 0.20230124591537962 0.8779698709523243 
-0.8636747294991651 0.5986189792422741 -1.4841014661000487 -1.0543581834080065 0.37143487561697414 
1.1382854674211658 -0.570310135929912 0.03430182326129855 0.49093664172762425 -1.1062422187716945 

-0.1920066749432711
1.0378141349926424 -0.657161775377432 0.90296972299326 -0.8927929691508791 -2.3966474155899267 
0.1930317154251409 0.09631511375717688 -0.18288278416357523 1.4333817368688369 -2.3142094204566894 
-0.9465989632057307 -0.2905929396903906 -0.2128434786119556 0.3470267856214536 -0.8323915757858557 
-0.63962775838578 -0.07540570060906868 0.21856174711021972 0.5295055681108115 -0.44413597438539804 
1.6022317760469835 -1.316051451463374 -0.24650830410407498 0.5946399406562058 0.6623547670437422 

-0.12322073045916683
0.953340879508117 -0.6401306060933101 -2.98802454052715 -1.6780591641800415 0.1896965616468255 
1.021105446079599 -1.27692647171028 0.6661225499347836 0.10332960857041394 0.8047123367422856 
-0.44077570761969725 -0.8274553410461895 0.7879550431222954 -0.44135416437881925 0.01326388109576484 
-1.5998273909516527 -0.3995961638013104 -0.19525030242914573 -0.4048822117336914 -0.9513928639607218 
-0.44695667847948045 2.21051736033029 1.496048116908273 0.642832461112165 0.8535542234281313 

-0.11600515656948368
-1.0306182594010111 1.9256889567335653 1.2156224128933049 -1.538845133352889 -0.9625255825186152 
-0.10066269196010375 0.03908567107980636 -1.213229457912991 1.4784995868191535 -1.0816705417330017 
1.917564132373245 0.8187030278778686 -0.6328070210942489 -0.8632228913993896 -1.1025050779729533 
-0.5905128889422544 0.07875675571944775 -0.0696269388928118 1.770691401505458 -0.06617001233050251 
-0.9725882722632041 -0.3714216578799475 -1.5410294553212807 -0.125547820542749 0.7503145274307557 

-0.12076523107804181
-1.482643684133026 1.9678605420205264 -1.491386578969523 1.0129157306357373 -0.635650812456764 
-3.231975394727835 -0.28417058781710297 -0.4199427790762915 0.437303803038587 0.474973289609604 
0.5086017253550944 -0.7728703873324125 -0.8413783684354722 -1.0072386148172228 -0.7859110340659832 
0.04487032222394232 0.9285510635546249 -0.0331098102000083 0.7147530986651589 0.8878464419820866 
-0.7634472156274764 -1.3941689926439154 -0.6477131226146549 0.23244085474136095 0.34239825348788216 

-0.12097619685380243
0.7677471078819348 -0.4305218555783268 0.7428237013780442 0.5909980836732702 -0.5794998128630513 
-0.10800624667665547 -0.8177294947335004 0.603439041610105 0.021637292516734397 0.486618206219825 
-0.28592699299946 0.8946569859372363 -0.7507254324259143 -2.0753931030708754 0.20994319132230746 
0.871780238460873 -1.5200344916326218 0.8522276046691781 -2.098851239260559 1.0792033527855296 
-0.47342822411963004 -0.19543175823551115 1.7856282888075692 -1.0805033331374925 0.03784745625730597 

-0.2422406517435465
-1.0507852573876857 -0.9675338152191918 -0.26685491843731785 -0.9498711479854134 0.5113240626347721 
0.7530872593357004 -0.434153425926884 0.04370571678360637 -0.6140795404513866 -0.33574068184072625 
2.1506081757975495 1.1429880306093803 0.7569679680049564 -0.7891443776700229 1.0833627489428217 
-1.111607588242426 -0.4292465033530938 -0.7003261047471134 0.8875338232677346 -1.0217055278755078 
0.8277251756740411 -0.40713297565675605 -0.9901038700764553 0.526422418241096 0.7497038194038843 

-0.38114434709158596
1.1584788810389937 1.082911112156834 -1.1110379326111484 -0.43607841267883335 -0.33280950387403896 
-0.9928784364029201 -0.7138816002790679 -0.9522963200190243 -2.354371680251514 -0.122215414630005 
1.3628849064520756 0.9030110208967592 0.25726133229548825 0.39729553666434003 -0.08384487565275564 
1.2333643914992518 0.5996927243620738 -1.5704658861538778 -0.0010024453271457933 0.9518170427360948 
-0.9446672597427557 0.056688293902782856 0.04880350892131908 -0.5625483085403442 -0.23230879792448839 

-0.06674345969295241
-0.8780754558358499 -0.7463735779913773 -0.5101004746763824 0.9487540047539162 -0.8061890029459743 
0.3478667488152744 -0.2756233104543317 0.5531193391950522 -0.5224124042098902 -0.5334494546835639 
-0.9728029503672304 0.6962484932454227 -0.7642276238679758 -0.5656092487974824 -0.7062449454138714 
-0.9548968882355395 -0.603903906597866 0.35592742854167697 0.026893307289570057 -0.14405210791291795 
-0.24316618737680126 -0.31526490877841395 1.8274455556651747 -0.9092086662680986 0.9012468210742962 

-0.08273556717260509
-0.41425165583723017 0.22715083604809486 0.6182784679022609 -0.8999355868590316 -0.32561118323265253 
-0.5759213094558475 -0.4205277852793078 -0.8655559358207678 -1.3738541361340284 -0.18286369167406644 
0.6081148834797563 0.6135952738257298 -3.1836688058367093 1.410306080062908 -0.5450606515605434 
-0.7653870676627381 0.2597553749709367 0.33796622037890206 -1.5521722404924534 -2.262918067277665 
2.1251707712651897 0.9811395688892156 1.4986024676750114 0.13419618225741003 0.9340255421798569 

-0.29016609014221395
-0.4085158230140563 -1.5612865704379673 0.2236362995651149 1.4967023526391998 -1.3245973885934825 
-0.9964421476448417 -1.2522623556044408 0.5375934021143488 0.5295122857981885 -1.2581212009073566 
-0.2830963205758098 1.2672876821728831 1.1945387090860111 0.2814198099860052 -0.4530229414085005 
0.6832752577209033 1.4782659351212903 -1.5586345786434685 0.8074369235226027 -0.8815044877920559 
0.46513894213521895 -1.1432535907820462 0.481523633198587 0.9766948285214604 -1.0255811049275738 

-0.10699769490734169
-0.9343156956779195 -1.141043350752097 -1.682916709024079 -1.3956179697998274 1.446792158338709 
-0.42738926481205913 -0.3062024929358016 -0.37342989779432645 -0.4610778720476401 -1.9577805481398194 
1.0875400170134093 -0.08201162672246542 1.2483646734437324 0.8624543315670758 0.049186270059464555 
-1.875638692022908 0.44092507968076844 -0.13985773792424389 -1.2194315110693228 -0.3378987060142626 
3.2058074443027036 -0.015913503231977835 -1.0482929378465282 -0.9819352052679151 -1.1560825040750424 

-0.05978761063310425
-0.00360643460183116 -0.47487931736784694 0.6056860812921767 -1.3360983981337613 0.35680198487778403 
2.1993134748005763 0.6660807181386478 2.0028551530577468 1.2009160063727087 -1.5179103107182719 
-1.719462434247998 -0.42075688599580285 0.34939073026321427 0.11216784615757257 -0.8452486675561164 
0.10864503360399641 0.02453792912114634 1.043415370873542 -0.7433622012345207 0.31495003814552586 
0.8382914071093366 0.18166827327798463 -0.624747400363599 0.6708563965549066 -1.1334333454478898 

-0.2388382625595245
0.8799755315894103 -0.48808158583524286 -0.2521231825452704 0.16540678715758 -0.6175434893331921 
0.6520601650810152 -1.2016929377998746 -0.4391528628082889 0.3697228217373147 -1.5297639374723473 
0.08875357526993762 1.3559593838676887 1.3704141260420382 1.0485259747124183 -0.9937602936369807 
-0.17948587766510826 -0.46628717815069476 -1.2425982670998537 -0.22101512179091748 0.8381882665908627 
1.105184613128544 1.3533229636318909 1.0088321412177053 -1.1633715796162485 -0.2289104526218354 

-0.041152698387632414
-0.9943557637015217 -0.8513023568429783 0.310684519610202 -0.4072505247455793 0.03978082610380489 
-2.18409275734507 -0.5851569842514861 -2.4447497512323886 0.049608443816625915 0.5987996573278574 
-0.6135806813955867 -0.13524612873112724 1.5784025185696984 -0.8734654397828525 0.2998480734251338 
0.2878657310039871 -2.0115765117869024 -0.20903855050573994 -0.5042397635795566 0.19314737659051245 
0.8946540995602563 0.40849535966117917 -0.4573698015355173 -1.440618640302137 -1.6223240798981882 

-0.10317995504352816
-2.5678593836558137 1.0873890467539171 -0.05786171076724172 0.8978869725768434 0.10367423263074639 
0.044731832870800035 -2.768046338880959 -0.31944020385358646 1.0664279329066466 -0.290711505367674 
0.5708086177628374 0.12442252661562704 -0.1480460838490439 0.11195999551170163 -1.8848862361755605 
1.4332518991731589 1.2478124595509623 0.13377287852865147 0.971011052225601 -1.1210095051960238 
-1.8294567226149476 -0.23536648902830118 1.0373388728494854 -1.397491404981745 -1.2068335084401975 

-0.2979114783694978
0.176774865960541 -0.7991722939322489 -0.13371250254543343 -0.6851756520274997 0.41328435552595677 
-1.4237326675863995 -0.5060967840885383 0.38026571871104825 1.5580085166675917 -1.2552353974101376 
0.055086818144204054 0.6097006920768955 1.5152961107476315 0.20033676178843599 0.47477079233492975 
-0.6455183873827764 0.9193726490534817 -0.42589297366223827 -0.05997178624771133 -0.8726594913515682 
-1.028379964111498 -0.5774742880937902 0.2760769810200977 -0.9358948763638073 -0.41230627207567805 

-0.19139251419184677
0.4308366866354063 0.8146492426632029 1.3822842513142863 -0.27095768809018816 -0.5031974176754005 
-2.616628215285584 -0.998078053966598 -0.3099928938026374 -1.1824848272229476 -1.7762249621227861 
-0.3827525567947286 -0.7124884570758091 -2.3911506464452157 2.6505556882149137 0.7216256112024078 
1.0615167343752123 0.6785871737683425 -0.5352637951095834 -0.15899907123790918 0.6021085969010427 
-2.1482297877347487 -0.385102101279936 0.5434855089186412 -0.30046917182606353 0.16047501313696974 

-0.12536957589115402
2.557615073496445 0.34805404191498146 1.12275817270193 -0.28803312630775774 0.42714521950129314 
-0.49541560676493157 -0.5794956537138982 0.008742081525806756 0.5485080071746367 -1.1855287002597608 
-0.5897771835747558 -0.2932941814104209 -0.10211940126865492 0.11963906195957971 -0.9625080658059589 
-0.9385223752872749 0.3730346166658556 -1.4027173686346701 1.986784814382748 0.6326567256887403 
1.7913860640299801 0.447631958183811 0.8447663275333911 -1.6198342806175676 -3.0369467560846166 

-0.20609131343419657
0.40385557353907087 0.4832363054510391 -0.5694387863809419 0.3286454713485726 0.6922508131169313 
-1.50081008965577 -0.9955791790573589 1.3273420805528928 1.050809749722173 0.11972307625138134 
1.0732508745454568 -1.4075018844408262 1.7827107512809552 -1.2668150304640955 0.19956813166270487 
-0.45837801901173403 0.5021541890750462 -2.144242975575893 -0.3764968872067696 0.9835384007118712 
-0.3268539020912759 1.6078426361472682 -1.1331929761126986 0.16684271214470348 0.8309728665161034 

-0.20931335426372558
1.212478090531536 -1.76897046175527 1.7175713388030203 1.1329653696456266 0.18018928868992223 
-0.8327556150309318 1.6462637292623699 -0.7721250192892456 -2.0873808297936614 -0.22695382923173626 
0.38948328573024577 -2.146028233992344 -1.2252032763373542 1.148956695414563 -0.2671024219358042 
0.8415380534757454 1.1770520448513084 0.35947992424921715 -0.0777446168480649 0.19636554770405623 
1.1502087497892475 0.931593891587799 0.5970365097070193 1.1832446189654349 0.6256452934742818 

-0.02465194666109849
-0.528991968749023 -1.1847531256439996 -1.4444070727425626 -0.7426431891288562 1.8030336966115197 
-0.10830591997190497 -1.1363075973192214 0.626768373142052 -1.88818307857271 2.6571786314696975 
-0.011177456802362531 1.9958406315373112 0.3328028452463862 0.9404169547979452 -0.06061619018865829 
-1.2232724174461516 -0.15083671720856728 0.511339822025858 -1.0419634486736193 -0.2230999835266907 
-0.11692147057574301 -1.8544148094037325 -0.25227345867626255 -0.5239434870851115 0.13131448424151165 

-0.02635359300254323
0.7812771797416274 -0.41109211498822934 0.773299752556127 -1.5588206889492264 0.6735352833701246 
0.22734703073284204 0.777758003724035 1.541788471547443 -0.07603051342711385 -0.006628107281087527 
1.0886165436574062 -1.2403061202638686 0.43630404475948664 -0.0497600133298779 -0.9262429833996252 
1.1491356172129923 -1.022897770594172 1.0589214268501173 -0.7582222420161473 0.02183365686350668 
1.415353763678206 0.045803142292722636 -1.2287061369880414 1.1290353671835853 -2.237513651583433 

-0.044860038747661354
-1.1797853306515378 -1.7518212165775184 2.004575864656916 0.05600109771008819 0.9532554845857072 
-1.3370979540690404 -1.0060653264609747 0.49123370590288734 -0.5501291427215731 0.32103670251688504 
-1.7710497725827885 -0.8661083144763241 -1.2426770017834332 -2.3352496811736456 -0.16634844577486765 
1.1358938066361186 -0.5765176014206697 -0.7473573618180207 2.85442522972117 0.28180765228841714 
-1.7673835334228307 -0.4334440943911643 0.4763452540249161 -1.735872022612309 -1.2486523279321997 

-0.06640459294594342
-1.6420390819409447 -0.904630812088766 0.2984399468669386 -0.1808490615041295 -0.15198550286706758 
-1.5058603913986268 -1.8896438625706604 0.26685306729514646 0.5985819896664306 0.9258736377524861 
-1.8601012600811782 -0.522169138134675 -2.9730089548106107 -1.2492275216000877 0.03076255340804438 
-0.33655591644039884 -0.12657209395568675 -0.6313118349517549 0.3674316637426914 0.5316634690102776 
-0.6652116411466387 0.6145817272510107 0.444777301842603 0.5447470966020382 -1.040104146186812 

-0.26466503537437086
-0.472942599227326 -1.4771552630344638 0.147247007616971 0.03276510529003378 -0.001574730864468831 
-1.0295998172632224 -0.6256411985799506 0.3250705627151473 -0.2826350317599022 0.6374019670173421 
0.25308110341961937 1.2709332944605172 -2.6992681076171925 -1.2139894486386427 1.858460058241895 
1.3539902004047266 -0.32108143860577065 -0.190100348558502 0.431955598697386 0.02619303009865949 
-0.7123986194348377 0.34966459152028867 -0.9082164229497867 0.4426794121506792 0.4809428189806066 

-0.09009814000356313
0.0912583659471128 0.8344479512276984 0.7346648410716968 0.5308828933409725 0.5466400380727969 
0.37093745025613567 0.5430228752196988 -1.8892675071785234 -0.5235061504363258 0.5285992436157481 
0.6735694923619201 0.21027654292073839 -0.7195939355793306 1.5424642583984194 -0.29697518527762795 
-0.45688023747496137 -0.014331344459313613 -0.9427404812485521 -1.9278117237432961 1.4712914936620511 
-1.1494682237901772 0.41647235880758376 -0.47278799096186636 -0.37863549469793456 -1.1668740499970005 

-0.14764313112584881
-0.7796337600393979 1.7695973608645632 -2.245506327921985 -1.0139493477289054 0.4070069664856115 
1.4482939904667826 0.07474844030650744 -1.2220646256587917 0.2392894871142726 0.21669214986486163 
0.30633988611741836 -1.1597087501334298 -0.8422934177463737 -0.597241885698912 1.8445229429124095 
0.1508421362685882 -0.1637081618585386 -0.7055796144399299 -0.5312009845547249 -0.6311016509922769 
-0.6879170532855375 1.4759711288732988 -0.8786437473194751 0.5237292273286174 0.7257198531242471 

-0.135439334009588
1.964938497793428 -0.3707507971578528 -1.1509545362678575 0.757808687581214 -0.3822760538664374 
-0.17775723888628903 0.41879020072975365 -0.018776002811203528 -0.7250238131928961 0.7144827317299367 
-1.4012573833853705 -0.178515151882227 0.7625853463375225 -0.888440484289106 1.030819756721289 
-1.0892374663872992 0.47928265145463195 -0.7774536603567452 0.03758237389773208 0.061692814212276924 
0.08854950111344623 0.5388811114154017 -1.2700430643890117 0.0565348800319764 -0.24846103261115862 

