-0.004616770200171571
1.3634214786725132 -0.2840409230289387 -0.7729572093116516 0.11855353396347668 0.24915203987193743 
-0.003149464897561724 -1.5968794261854415 -0.5554188565137295 -0.03415359927424709 0.2115824079929504 
-0.04262164333040423 -1.008531273403691 1.1660009062221868 -1.277410248926997 0.2133352698446254 
0.1164005572489109 -1.0913872328227034 0.9759860956270642 -1.0227026549463634 -0.3369717287723174 
0.4897215195128716 0.9461424809236975 0.9959233297575778 -0.14064135202711142 -0.49085344560937455 

-0.016256444737483184
0.4644773180565223 -1.6341042702449469 -0.6528487527411906 0.11560470764974548 0.3151065151124194 
-0.26643352938417514 -0.437554000188035 0.2797559135116923 0.9300085881340918 -1.3374189111031478 
-0.9391388489829289 0.4828027408608345 -0.41448094999599283 1.0227768548800462 -1.4331337706581235 
0.846557750254548 -0.2557714940043945 -0.16126059742450158 0.1573330545419557 -0.885249474237333 
-0.147840931213443 -0.23132877098964189 -0.7506352779231754 1.2470803136887139 -0.6829631663697772 

-0.010519588826504844
-0.914304526368869 -1.571365870186547 -0.016970507602425362 1.8631892950796711 -0.6389506147788874 
1.8782226448746386 0.3537982738447389 -0.38445425984061654 -0.9574927119224363 -1.0026702614344178 
-0.13533871084718835 -0.9259960429432244 -0.4866535339149158 1.2633486405236096 -1.5307491727945843 
-0.5275220034079898 0.4747734887188994 0.11771737722825593 0.20972159138759836 0.4409049135423323 
-0.817480512112953 -0.631122703924805 0.31741553311119935 0.5598189058181692 -1.9734332917617214 

-0.02502269403761769
0.09140203760692842 0.20769079683340325 -0.6687481399512127 -1.8571246796738234 1.0807776834971174 
-0.003285916320006483 -0.6435979855602617 -0.6316365883631953 0.2668269440457113 0.26068732401846034 
-0.5868689938517426 -0.3369304144647991 -0.2604468148700434 0.3112542391285207 -0.781222453286205 
-1.4063442879635757 -1.0468728281311208 -0.0280943290907088 1.7352717052759228 -0.29475482538175046 
1.590626901628643 0.8170889256607451 0.0665773661560433 -1.8149905019258317 0.19106297268721878 

-0.02667938484865886
-0.5247461126007206 -1.2974370651965712 0.7667753728392638 0.6612063782449622 -0.13923661721655053 
1.218358702523444 0.21298440991287987 -2.088228510303272 0.6235076553774727 -0.05737354289930716 
-2.064316664732178 1.0736301904502004 -2.2778823062127995 0.6880100592216345 -0.8397609271882922 
-1.2873884112623364 -0.5969753826450179 -0.710581179879812 -0.28745834299257994 -0.28474376834077936 
0.8808765443669052 0.5979371181530837 0.2942408066022443 -0.0850529144903213 0.3202777152941044 

-0.01229782252503942
0.2922848342014822 0.5490894740255348 -0.2667038527534345 1.1258669867615434 -2.064020022743649 
-0.29733248572662324 0.6825832780038164 -0.2138505252637895 0.0024100468040477406 -0.22053105885046045 
-0.7142518611889312 0.6970012613108914 0.45308900164213683 -0.37490911206593425 -0.6193889000452104 
-1.572847077518055 -1.7220486962751467 -0.5467551044767677 0.07743620225204143 0.9529699033184343 
-0.3460039725247325 0.040816808333855106 0.5036685907937098 -1.1733215669305967 0.5150935325591482 

-0.014708980081851798
0.5347329554081984 0.20151983299544995 -1.045830626562114 0.3594318022121234 0.22405840176817282 
-0.014156880471137709 0.7344665533537564 0.9637936674164019 -0.23832774258498868 0.012083522637951134 
-0.8229450182407867 -0.6984328284222554 -0.05886284131503483 0.17556930634337511 -0.7763489824677074 
-0.5131410138602035 0.37805141371028606 -1.414579507019545 0.4301865258136729 -0.34586474054876754 
0.2573719760579157 0.5829242200621602 0.8931820660112527 -3.1152015396446413 -0.13950145703629035 

-0.022318932083525526
-0.6134381652717259 0.18118508998755348 -0.789406216687226 0.9889920975020831 -1.40831522736987 
-0.10968835388799371 0.5932140643964463 -0.47724626397175046 -0.13472077936676996 0.1475990105425656 
1.097629949266524 -0.027014706371786386 0.5586696480974209 -0.7731573542641957 1.0968738870282633 
-1.5339191130575291 0.8031559852790737 -1.5437930654229248 0.7782768260035177 -0.7047394255397617 
-0.49526723156732944 0.001152173164383822 -1.7637177477180495 1.4990155568125112 -1.157971175546811 

0.003318135204811694
0.15417282788646233 -0.5376098906898259 -0.5559583880587186 -0.49411919261852216 0.4530272260461422 
0.6413108044287039 1.1004490008546561 -1.1308644943779447 0.047740219312521814 0.06236297336083761 
-0.8735424188105673 -0.4130567410366646 0.4150287875102909 0.946409765947552 -0.44297651993022813 
-0.8603608370304155 -0.4108944069200423 -1.8280301870042703 0.3474869943203555 -0.845053648064459 
-0.0495393671218032 -1.1926558653524775 0.5192083255769055 -1.1090041393530758 -0.032999245298002064 

-0.015097626371684958
0.18172105613018394 0.7564862986619693 -0.9360461034312518 -0.7968415866093179 -1.0617746022225725 
-1.2650729981522395 1.041791328721721 0.17511936750226162 -0.6651284439193257 -0.11657436701286769 
-0.34544145401470294 -0.179094868453147 -0.45195667129901473 -0.2820565960984545 1.5721174072385506 
-0.528105567006364 0.7765363931014165 -0.38699669246577534 -0.30667569824874813 0.35258181758877516 
-1.3167779826527768 -0.9561894088661208 0.058898079244692585 -0.3515226721930997 -1.2945400272716925 

0.001002179739651649
-0.520926802243586 1.6571377407881314 -0.3063903387753499 0.28100870752908025 -0.22033825317643949 
0.26086395070794627 0.3118334817569447 -1.4053897172103664 -0.6496271434056999 -0.24673058114885835 
0.2216372685665655 -0.5617374746986618 0.4342551661103485 -0.05998278978714679 -1.6790113607653532 
-0.5190623637223498 1.3617873102314988 -0.18814928161328678 0.3869068532615435 1.0687447612120233 
0.35269240452452044 -1.157879828662896 -0.040653996887592435 -0.5069467975164325 -0.520501612828215 

0.014516640952625079
-1.2888057065264762 -0.6382841835437596 -0.25625254512712453 0.22363564927844393 1.7935948085051712 
0.7964483497683185 -0.05935102227345874 -0.6595964402652541 -1.223226735303404 -0.322314453577997 
-1.014630347904831 0.46634960774033085 0.5219331633120362 1.4099923717787484 -0.3822308238946796 
-0.17642748804257946 0.5520854888984832 -0.0183190095268639 -0.2623425178274892 -0.51793505691077 
0.597938544564261 -0.954403547577146 -2.255735272857989 0.4280782571276184 -1.2252057716776497 

-0.033807520701139286
-0.6278037393493251 0.5063535229144659 -0.09183195631554941 -0.7749352699551532 0.3745793573119771 
-0.06485506447329122 0.28523533866592643 0.17311494505695504 -0.9433568482698271 0.6939779435394302 
1.4088510438836859 -0.20981896674917838 -0.698759721409309 -0.20439221410600958 -2.00519366266782 
-1.5064046273941267 0.7664654856313525 -0.49977463426558083 1.2349172063481315 -0.7039845600220288 
-1.51665025312366 -0.7057850490087401 -1.1295534352602519 0.5680161386292061 0.21252182495111932 

-0.0020207215341094447
-1.0303451162695703 0.8615015503809448 0.7154528133062709 -2.004073205398894 0.7055391885873504 
0.6117664073193126 -0.11355508166108624 0.14142165084132993 -1.8843414863707781 -0.4617957273452764 
-1.9216682874512052 2.5755882221623168 -0.745434050419061 -0.6466351194652088 -0.4511020033222262 
-0.6667631340931921 -0.45035248943344297 0.20609887789309936 -0.6724356346765877 1.4257781409891759 
0.8755578104479064 0.05123401734042092 -0.5814302251549461 -0.889966548193399 -0.22388772048022984 

-0.01645296456917311
0.1226148393535544 -0.29573579076310297 -1.5832084708563479 0.6300777412846292 0.9003071821709306 
1.5968947424406363 -1.1715854890415995 -1.9971546408300775 0.04964497064069482 0.31077787735051 
0.8552409119701546 -1.6066352143045775 -0.3107159571925039 0.24463374328663046 0.9922731177099936 
-0.7491914501818525 0.47703508171277953 -0.28919083826456804 -0.6749414113859924 -1.629982909911043 
1.3785552952973767 -1.2351386403325437 1.250141741250257 -0.29557094897424313 -0.8719104978816239 

0.0017891893616090882
-0.3829571519211168 0.8974709069488283 -0.6179470932041315 0.41906371261664294 -0.08062696390179466 
0.5821387871980237 -0.2771111935942074 0.19065589352091447 0.4223668703463762 -0.4193061268481238 
-0.7050204104196708 0.06506817237747255 0.48405512507758225 -0.6595490195180019 -0.04232901401623493 
-0.013135045190492991 -1.0998620442719593 -0.0045162998424573865 0.7148417994742164 0.15642438961992386 
-0.06949921963466865 -0.19812017408204652 0.5107591616372463 0.6805669304415968 -2.294840567022196 

