-1.2047770645424283E-4
1.4572875326820294 -0.2200583824361292 -0.7193310085660649 0.12162724147857926 0.218856515125105 
0.05641712368715118 -1.5330535156472658 -0.5171496879275045 -0.05126484531746889 0.16419446579120336 
-0.07351135732875211 -1.0316730459679329 1.1221402310817559 -1.3332669554258585 0.15260469032035234 
0.13088819836270696 -1.079438281459074 0.9763935090579955 -1.0419564182319738 -0.40128822719365714 
0.5341258934540845 1.0114547146328874 1.036037248012124 -0.11581508048804426 -0.5141104179488636 

-0.01316706873405988
0.4836059118826946 -1.6154759996835342 -0.6098037028534851 0.16501676188262632 0.36481546684835287 
-0.24592271070801036 -0.4221359584863786 0.30494121721932016 0.9629326533281723 -1.3111169255129764 
-0.9283998235080152 0.49521025403962354 -0.37709236498845167 1.0706636624828707 -1.3816784895691163 
0.8638526129318733 -0.24389218036264287 -0.12231334371274555 0.2180653562194643 -0.830076141308462 
-0.12696165259168782 -0.21870216442553422 -0.7241846778769745 1.3008796520582353 -0.6302154599279223 

-0.009037268556818464
-0.9161176727461823 -1.5577024814631366 -9.999445388037304E-4 1.884530782506603 -0.6202558313566218 
1.89588870835534 0.3861304051175831 -0.3519250605937117 -0.9263037073781493 -0.9748474704085915 
-0.11666968065159028 -0.8983244152359162 -0.45382829272700126 1.2974672658463968 -1.5003743587003664 
-0.5094340891731103 0.5014078511626117 0.14730295499246418 0.24377129744199907 0.47080462540606877 
-0.798603139880733 -0.6071245347021439 0.34225255817450473 0.5884071261408392 -1.9474365613138498 

-0.027541547559843917
0.10392676459225816 0.2185007088878742 -0.6580040578021865 -1.845227329994272 1.0973057365390002 
0.0010501310683119255 -0.6341636630662142 -0.6238151124034513 0.27902296736923177 0.27252941866701264 
-0.571185908073907 -0.3215604260755693 -0.2634784960986877 0.300214986987483 -0.7888762460118375 
-1.3842525070859697 -1.0238291961810024 -0.018353455646348413 1.7393515639599255 -0.29030515975627047 
1.6205837824978842 0.85161159534557 0.0824494299666481 -1.8040868953052465 0.19782413582055075 

-0.02441925602349975
-0.54685603850997 -1.3050715902486603 0.7733479235092109 0.6825796326006136 -0.1326845220912185 
1.2149603200845398 0.2206414555546585 -2.0805480737552626 0.6397494869053357 -0.04810605577095453 
-2.064040582147028 1.0962413370413693 -2.2527571456669215 0.7245656393576017 -0.8020733100677572 
-1.2888468398091497 -0.574941676479801 -0.6817107633715356 -0.2452849514266221 -0.24648377205394606 
0.8814294566149291 0.6230891281437804 0.32841726439398033 -0.02784270053617611 0.36452518740710366 

-0.013283024313000168
0.31589170896835994 0.642396671360507 -0.16517677997572888 1.2122955246496587 -1.9831618124799621 
-0.27551292259673116 0.7170522864617389 -0.21404726125853424 -0.012717537771030503 -0.25838917597565847 
-0.6936878666763648 0.7404104033756856 0.48173232979345626 -0.3638233267710484 -0.5997986995136376 
-1.5560078820902037 -1.6924737631693851 -0.5235745296546996 0.07789382244771124 0.9635729126751494 
-0.33463109948561487 0.06761044548756627 0.5215038022644174 -1.173135993440301 0.5186522218418338 

-0.012996891437359997
0.5425830170335366 0.19762984034999495 -1.056078214354381 0.34957111337368557 0.21472051119476493 
-0.0028434623244717543 0.7356608147177944 0.9647965689331225 -0.23399272063314813 0.012550280995916721 
-0.8178325413015326 -0.7019462987329408 -0.06285411412808907 0.18679002894822067 -0.7653484830994877 
-0.5060192250804308 0.3731014911865308 -1.4160468888224687 0.43994599486776936 -0.3356053051084395 
0.2651146929347913 0.5818237110937917 0.8963313338322937 -3.1031715354237877 -0.1262968919670819 

-0.02093931444320942
-0.607217570421557 0.20572291482411934 -0.7573166903412208 1.0235466420498363 -1.371586679196517 
-0.11081559848022626 0.5948694918981375 -0.4729831458627289 -0.13559892794387884 0.1555382701063309 
1.1091877638395986 -0.008770689876604754 0.5885512644102208 -0.7247552977743258 1.171874433511237 
-1.5165925204813429 0.8316266029991563 -1.510036503572579 0.8493458811749661 -0.6361236166652328 
-0.48256497160498685 0.0250049334314944 -1.7371467892905512 1.5574214139747309 -1.0932508057200256 

0.009777664011506239
0.11829388934195399 -0.5545587993919406 -0.5588588445043556 -0.4920439507557424 0.4647323702101639 
0.650147109544168 1.1340558850834694 -1.0904723811125323 0.09419202121317416 0.11943718229681434 
-0.8565285757367176 -0.3695298946693998 0.47507070674407104 1.0180518722726488 -0.36399994293785515 
-0.8429050750275197 -0.37326105249212516 -1.7752456850081584 0.40896360737418913 -0.7789733736221189 
-0.03284977019247007 -1.1555207191935306 0.5629350769686564 -1.0573338724954158 0.017053954170503413 

-0.01676197335365696
0.18460708682929225 0.7751476817731815 -0.9082370047838193 -0.7706199717897663 -1.0329204519334387 
-1.2507503678710006 1.0411628451776354 0.18017317417386744 -0.6686046861840067 -0.11772045815336718 
-0.30655719697753314 -0.08721372698609081 -0.41600576094530606 -0.32780259752250984 1.622917256642504 
-0.5030103972640384 0.8391065818675784 -0.3556812108642196 -0.3546790831964619 0.3575947255423275 
-1.3015474415272754 -0.8983251977144552 0.13509490757824233 -0.34624194862472046 -1.2921674378015378 

8.362042710581497E-4
-0.5057412357531667 1.6721622862142642 -0.2876388426983947 0.29357792005542044 -0.20564868713324266 
0.2770789254030839 0.3328240357045995 -1.3838227946123085 -0.6387701816540559 -0.2378703020808617 
0.24478033499605628 -0.5333760905316159 0.45818088328738493 -0.04960219760041813 -1.677614941042993 
-0.5080900261539627 1.3921797751988128 -0.15263614145812265 0.41291072895662595 1.086630483241705 
0.3685114727557651 -1.1311268660503702 -0.0019966083525719525 -0.4810648957179087 -0.49851128909058534 

0.020540175531684534
-1.3037640788487925 -0.6613876668024727 -0.27227235121891336 0.23185664187060726 1.8219513456343341 
0.8151006829935201 -0.045118788638486146 -0.6478903952317713 -1.203134705473522 -0.2903323426474758 
-1.0302084599652264 0.6516388631736726 0.5946500894281757 1.5372177681092938 -0.41017345902300123 
-0.191971134163047 0.736337442258981 0.04092319079297762 -0.14314786662448536 -0.5060414749627555 
0.5883990735851153 -0.8047357460770805 -2.2774533361358746 0.5287967086638906 -1.1419174400757188 

-0.037633445836764326
-0.6181868472108943 0.5509807332978577 -0.05770209117929075 -0.771390356221536 0.3733550417114359 
-0.03414006681743075 0.3436148985350635 0.17769263723350162 -1.0086056618557988 0.6252156739385507 
1.4380968871206272 -0.15810664417558992 -0.6469415969584572 -0.21560440792159938 -2.0416632489220925 
-1.4857397736137383 0.8219955513206929 -0.43473705657707384 1.2425146114560066 -0.7266506296025791 
-1.5013239978834416 -0.6508519523125168 -1.083873407614593 0.5594847110501663 0.17137274927747412 

-0.0017695714910318397
-1.0194555602931092 0.875750866668802 0.7170559513943364 -2.0006982096392036 0.7064040826010259 
0.622262583924861 -0.10466500869259714 0.1408790744498768 -1.885742064679031 -0.4684230431659979 
-1.9052720572495188 2.615175078218079 -0.7234674740648807 -0.6059822936787548 -0.3839399503837796 
-0.650839704804369 -0.4176382705820519 0.22525557154871564 -0.6296029620506409 1.4773178522089716 
0.8893205427692384 0.07610027564533331 -0.5636256041344783 -0.85853851208511 -0.1582294061120488 

-0.01745074176940235
0.13688191020850077 -0.29159463350117887 -1.581222901451888 0.6451070467174514 0.9231449289691994 
1.6252962851456767 -1.1509647743121383 -1.978678145092456 0.07935715556507583 0.35150279166089016 
0.8969594509426302 -1.5771600033698907 -0.28789609881134925 0.2813616553648414 1.0376241633766439 
-0.7141201198060118 0.5065799053180385 -0.26582868096059015 -0.6379395155673514 -1.59495448783901 
1.4105386840646568 -1.2098872336827649 1.2713459198003907 -0.2622100630642762 -0.8404493634241814 

0.004070277986994816
-0.41368890462818564 0.9130827702208549 -0.6026236378193133 0.39676409648635724 -0.10409259016005067 
0.5640788295256891 -0.213069274038828 0.20523113703859475 0.32769173381006955 -0.4416193796015304 
-0.7188805490350219 0.12941551604128007 0.5599876498227663 -0.633210055519577 0.09037354156274588 
-0.027126057371480813 -1.0781815757410058 0.02910027070239388 0.7545715242435768 0.18458017686701295 
-0.0752658768836919 -0.17918329584972723 0.5321969392624831 0.6881489839693605 -2.333331052031705 

