-1.1501498055350836

-0.3477494373460453 -1.4534013938191581 0.15482815992445184 0.6645451735722143 -0.9884808924907786 
-0.23447786252072064 0.48073759114044684 -0.822478264868104 0.9583964866996371 -0.932083703540098 
-1.3589635942624376 -0.3062313008900995 1.6247464642570617 0.9537628680856676 -0.5205141332966131 
-0.36913490526336523 1.431865361578827 -0.10217768592024291 2.355078016802089 -0.39744184140457256 
-0.8059491027193417 1.579822564892552 0.9896711178663639 -1.8396232897064422 -0.9251489174198206 

-0.22221116783677136 -1.5220214351658448 0.024392799600018267 -0.13034984716735545 -0.15226341531287488 
-0.6969546174840198 -0.3490861354846366 -0.9161746653182787 0.6456974435290389 0.9145144786689099 
-0.21194885712440517 -0.7055167388879824 0.5725296256074599 1.1901901413077574 -0.8720169450999207 
-1.1028405481583736 1.9274525459338887 1.255925378002402 -1.2006327244888133 1.1272376367961776 
0.5272561410928934 2.015311457638995 1.722506613983199 -0.47238816984939286 0.7654306407720957 

0.5879622742766334 0.1998707802672731 0.34454793943106854 -0.23794616860342374 0.9852607458509247 
1.1397458063953763 -0.2069492954106073 0.20992160660906384 -0.20055113359259433 0.24851886250960903 
-2.6098241747090425 -1.4160919887799859 -0.21913419676040272 -0.8231588694964235 1.4555744023795576 
-0.27542921179609314 -1.110302820884768 0.6635855247745557 -2.4555028644643544 -1.4002350868462043 
0.5864843248801405 -0.5908487106108681 0.28326583993024956 -0.8116509289527066 0.3790979157651288 


1.6993652745247458

-0.028996179243533576 0.15536873300211623 1.1390541240467023 -0.6884637995463025 1.0847893231337669 
0.29030647552867306 -1.3469295671968977 0.5052389170179283 1.7821130791551087 -0.06592224856056611 
-1.213737751934092 -0.2707271776173188 -1.7041039572619052 -0.1504623931625694 -0.38340454892135245 
-0.4854091493262516 1.7808230487572412 -0.6124652449499107 0.16904777200653773 -1.2385970549383194 
0.34427731690564056 -0.2633567080616649 -0.24237786759635885 0.7809527189929866 -0.13368829644933775 

-1.4975339835803316 -0.9141706841555072 0.44641214328764606 -0.3678229260234406 -2.2583894212656404 
-0.28773803121928593 -0.5259348508841025 -1.4150102961098214 -1.3943441192244774 -0.618722853926163 
0.6886337586576723 1.8005665781908107 -1.5141229761167183 -0.38486062843199814 0.8529850868025026 
-1.9921976875043668 1.3966004007881923 -0.5997528503851539 -0.3074548906080371 -1.0855452805682995 
1.1740463024677144 -1.2473522913155517 -1.5947945418916396 -0.28969385460541014 -1.646305121537664 

-1.0951710540646395 2.444079606937831 1.1231092696740643 0.21933877512948316 -0.644424120251114 
0.6090118469937568 0.19959359247234515 -1.5487331991022801 -0.6925376775553671 -2.2427168963402675 
0.9693732759039447 0.8160681745377293 -0.932393111324854 -1.1215523793499138 -1.6614581895525422 
0.17558620624805074 0.7036482440196706 -0.5489489635871525 -1.1520279864311629 -0.003098297381317298 
1.3034488296911733 -1.056236586408725 0.49394437738596153 -0.09200247413517502 0.929114492939345 


-0.5995059199538236

-1.0109317831577482 0.8272496165810211 2.353988908344093 -0.2616266436931958 -1.3694201990103123 
-0.19316080072038422 0.3915289203995195 -0.020485080497341348 -0.1861928176261022 0.16304379028431878 
-0.5709895196915203 -0.40545694529658505 -0.9578967336408802 0.5825095021485611 0.16883962682593268 
-0.9948564501643855 -0.28392262769826265 0.6977803665404345 -1.045294157286959 0.30477800789623377 
-0.5289648395299524 0.9957926950242024 0.9896065918672623 0.23709095839355804 0.491150233496361 

0.5155655093644831 1.4404849220543985 -0.16060981432019716 1.7500975578711486 0.4472632013506006 
-0.18141827528690532 0.7839830645387249 0.3874066387634067 1.262246927742843 -0.7387317232147366 
1.258772288789038 -0.5780098576791981 0.9870027386257759 0.37206862134644664 0.7774359376399886 
0.3394316776024026 -0.5462605098571672 -0.19620215952449582 1.0449084191234619 -2.3646470051350623 
-0.0038903328430663093 -0.5582808725843377 0.48497377032346634 -1.4318395245351088 -1.1712781890008714 

-0.5492896695389723 0.22692256463030092 -1.4969370646047122 0.22284617890889816 -0.25114910519249656 
1.3008091638084442 1.5815741283677385 -0.19655925336066474 0.7898148237381547 1.1626140607016793 
0.5353875815478667 -0.422645378133316 0.5039524263763441 -0.8697305079748632 1.6533657562045416 
1.4552228179593674 -0.5690619054516624 -0.8659171667389068 -1.4144803029927577 1.1637658199892724 
-1.9742042644226707 -0.9552461337345299 1.5211783169852537 -0.42872779660623045 -0.23168515045056842 


-0.7336877539263585

1.2728469954598483 0.3410169922375456 0.14235130958296482 -0.985724956587134 -0.9080913448857856 
0.09726962795754017 0.4504827448821553 -0.13859527374435282 -0.6147496892339687 -1.014781869494457 
0.18057126144695143 0.09235004095882966 -0.9423514645201222 1.1318057980693728 0.17793181168134894 
0.8593197979401015 0.44398555053584976 1.7508205363156706 0.5920801077362725 0.07889926821907783 
-1.3521039380694735 -0.704671526506507 1.3247930340922085 -1.2919952750593506 -0.3101780933823385 

-0.2037921818005976 -3.509020804799078 -1.2414054236178687 0.18327170610384957 -0.1039452626315919 
-0.3044588278450732 -0.5738591308186527 -0.4535384980093732 -0.9534888051753512 -1.8283644490475968 
-0.5536929687522297 0.6555139063248946 0.9854350404986508 -1.0140505467173269 0.24437344155546983 
-0.41979052917746396 1.0471572863739975 -0.8571572570608393 -0.009969363215013502 0.19123728797641962 
0.21921831555810412 -1.2266330249415731 -0.6312541135693625 0.22851689199978903 0.5732254719348138 

-0.24723924350401413 1.6671865703608908 0.14091601153388358 -0.7597951337148292 1.1671423632263342 
1.5347414597072733 -1.3502674540128998 -1.0119041803645403 2.19412492543249 0.5761878000398462 
0.5152835292755841 0.0025147026424332444 1.1074365681358138 -0.6923719357980046 -0.9881866430908162 
-0.3598251945492042 1.4164047495683798 -0.051999497852423006 1.066315108160622 0.6767531250728409 
1.7296460273415364 -0.07170935119723272 1.554905176158188 2.4725484892728686 1.8024947735618964 


-0.681107094749608

-0.37837993870511133 -0.38844787455311147 1.5063789451948302 0.4033104847113112 2.0923605312502023 
-0.056979994200557896 -0.399134919791207 -1.2946735280176511 0.9655328549268212 1.144530160024306 
1.272057675275598 0.4097878145054102 0.8274887424317553 0.0564623645756698 -0.005263044403981101 
-0.7894971820776283 0.31860585388191415 0.31268801663041434 -0.17827680892778228 0.4820981537290202 
-0.6684982282127241 -2.398263039435434 0.5193996546867368 0.9434721074338186 -0.691594198757438 

1.983210231824104 0.6971619749210871 -1.7295419668258636 0.36329547160175507 -0.215358289960246 
0.5415338789198105 -0.16853338812022464 0.3261037663404388 -0.3109138581601473 -0.12890394064757738 
-1.7650846214058258 0.9435397701806372 -0.622807915885467 1.271927239048584 -0.7011924777054979 
-0.33606577862029385 -0.380069006934617 -0.574346084713837 0.3077353882958797 0.8993633095136159 
0.792224810121617 0.46989608411677847 1.1888664960526394 1.0053010208270463 0.20774785691181533 

0.2983213313349077 -0.9327171667476549 -0.9455903740519979 0.613854645413324 -0.11531141873861124 
-0.18129178016495187 -0.06162914140484551 0.13522581550090143 -0.5645849925956772 -0.2583794128301616 
-1.3532936749071216 0.1400435512780341 -0.2685316461465676 -0.4269274322238167 -0.14615215472016496 
-0.07781181819216046 0.6813421847306438 1.045467918096681 0.3108712326844039 -1.073367463885259 
-1.3209990272909267 0.2861148800061098 1.6451396778359348 -1.0119969449669086 -0.22241957459418124 


-0.8547987495481552

-0.6794387592883754 -0.49305548632504426 -0.014450521067495802 -0.21417531683806892 -1.0660486799259263 
-1.0599420530886676 0.5171193062453875 2.2668938453386103 -0.21839835790517972 0.6797237846054023 
-0.7713058570056891 -1.9331162308145535 -0.7021811381673374 0.30405366622465274 -0.8651541653737741 
-1.1122111687228926 -1.0594381174777168 -0.6327548926079581 -1.6646380855718694 -0.48332021678028037 
-0.7692265471026924 -1.0375417381450627 0.8102807827732414 1.040734843024421 0.6436071201438202 

1.8892518055203187 0.26230916735369353 1.7010064908843456 1.0398987042641947 -0.8704549238292585 
1.5392322411859651 1.2999198182556706 -0.08446699530498321 0.6827814647648989 0.5402664524227367 
1.0712996752155182 -0.9669449729102758 0.5371697565320883 -0.2805616393986319 0.6216410888091417 
1.7082527386078554 0.5912088529817974 0.722776421198817 1.5799385173201839 -2.078064615054318 
-0.01104828865828161 -1.0936527781766745 -0.9406356384089158 -0.5285883036844099 -0.2854378517966361 

0.5045232389612606 -0.5183268277758393 -0.49145053271080535 -0.7787533848405646 -0.6754369056081816 
-1.7906947007708147 2.18806587829093 1.4678992125532366 1.7242137950408456 0.20245231366153493 
0.3180171885365237 -0.5091813381024164 -1.9489710339976443 0.829612193009551 1.015377968963924 
-0.8532217288689046 -0.24347372064433195 -0.055402711750857925 -0.10175234565318057 -0.1649849903991078 
-0.49981294007744964 0.8146765272562372 -0.06952878965903896 -0.5212458211190293 -1.1586224628160389 


-0.7663875820511675

0.019263314228701808 0.09440195333682169 0.7422889379601258 -1.1038681108416053 0.9205292884943783 
0.07291807559532426 0.2482362963542246 1.1509310073528838 0.5971849157441244 1.396249870895946 
1.5336933213832604 -0.33956428390064086 0.33899324690326055 -0.6837274121638179 0.11676865809128047 
0.5498933389804161 -0.22495073939973256 0.36679079612368837 -1.12222151781578 1.1804591547560515 
0.7390014057670371 1.0050015047959542 0.2702837480881264 0.01164665335221034 0.4302402550769665 

0.6005825930398311 -0.032230765262980646 -1.1827334794043898 2.203622578830544 -1.4355422823477149 
-1.1278482689567892 -1.2001102776688015 -1.2419619147579135 0.33337832480388163 -1.3431760456037298 
-0.32669305718614555 -0.7383969191639134 0.17480019567103514 -0.5646436705258793 -0.27548362680571037 
-0.6349018291913822 -0.034400388096535076 0.5982503351967395 0.4009387585119744 0.8520183451641458 
-0.6756372633050457 -0.37494024206422094 1.214771608469847 -0.5899706296127212 -0.2597663330824018 

-0.3210897274634407 -1.2662631459006455 -0.5740850038394719 -0.1333001546235765 0.9868124186987471 
0.5046155200085991 -1.1571303743466155 -0.8179790512010253 -1.0206876379803453 0.554459462921066 
-1.571075583638788 -0.08102072300439511 -0.2061846158807986 1.190481414811935 0.559422121932443 
-0.44408303533429344 -0.03381075460914545 -0.9683740669134908 1.3323454021815297 1.4027150805704898 
0.02121559516207352 0.7376294446290514 -1.030542794035225 -0.7563311467559054 -0.2500447706616552 


-0.9507940200373515

-1.1277047404250164 -0.8436326583512815 -1.1500806431291144 1.1057299700077339 0.10946259654615052 
-0.22725346044405118 0.9002805648748538 -1.7165827478289815 0.796603021949926 -0.17244718209887738 
1.7496962186687657 -1.9042702778194924 -0.8785786363633082 0.6395166388521354 -0.2958959656654672 
-0.2645354021905773 1.395756660074543 -1.295845982125956 -0.17109324243633606 -0.6550268927850328 
-0.0486101597234002 -0.6115661190767487 -0.1801400479942437 0.6233550822440503 1.1581689822744201 

0.9948043269574176 0.7376991378084077 0.1476555712443302 0.2758820959630394 0.35063375434903865 
0.7868040626665413 0.6756630423076507 1.682544035443052 0.9245585231499444 -0.598404884566651 
-0.6168380521985548 1.4725241138583571 0.42588121047508 1.1339823900738142 -1.1155426856105688 
0.1726498494950895 0.6679151614480606 0.4964042113982051 -0.10263299182051569 -0.09758244773018841 
0.3235475010903362 0.6478351722557684 -1.7154680967976734 1.3954030649326592 0.5281354431587569 

-0.9488784810051277 1.2972081292446414 0.2189471420310124 0.28990701329432994 -0.357355388698914 
1.0957842472164872 0.8271470778333302 -1.1085791113498853 1.5080398856509964 -1.9844415006458307 
0.6912060865987665 -0.12173716297136171 0.8156859002475965 0.6428153433566018 -0.0907590349364252 
1.9063249383194711 1.1657093357649724 0.3965786508784346 -0.610513894357257 1.109958626241264 
0.4744453117646292 -0.08180104934658239 -0.8272055095881325 0.6478436124930599 -0.2690630431391768 


-0.6857236167366169

-0.8791963333332607 0.4194065503801352 -0.48497735523695135 0.8662596597404353 -1.0110486643989283 
-1.188859059454905 1.9113138701657062 1.6200189816937958 -1.169231365328301 2.1803575388123067 
-0.28213442662080895 0.2473936915110183 -0.9640128356525173 0.6727692669033052 -1.158113300459403 
1.6531506070582849 0.6939649737188248 0.7476483155592781 2.4299968786589945 -0.550459906453446 
-1.5272246203844726 -0.5413170851581279 0.8994255853009009 1.1007131415641163 0.26815936407721536 

-1.215472255357293 -0.0539226779319415 -0.8360486431837733 -1.590321921671153 0.14498663916245028 
1.6676793787211688 -0.18455761252717962 1.100784350423747 -0.2431634666634286 -0.8702569141784369 
-0.6846365000761075 0.0809898332398693 -1.048358376779876 -0.2776696129468445 -0.36510285990922053 
1.068401610792627 -0.32511847708363156 -0.547103849628039 -0.7125976571367918 1.090204405711582 
0.6247529780519732 0.318250052143685 -0.8840828893556327 -0.15940732633022572 2.1072319384710663 

-2.0617375384694947 1.0693842307694195 1.0302764070006877E-4 1.7351773605181657 -1.032162491437533 
-0.09000835965245935 0.1712824223414185 -1.4550507837644413 -1.1519125051629548 -1.224930028687658 
-0.428078822616774 -3.1904312470198075 -0.2542539651169379 1.452307355944869 0.7884197499362982 
-0.8792714329406692 -1.0615157259785857 -7.70638790798744E-4 -0.09391619520733971 1.8991353970782094 
0.9643338104707146 0.023491490961964637 0.14995927418077568 -0.1948160280437383 -1.0329716153104866 


-0.9402757488914957

-1.511931402998952 -0.8618195623163136 0.5452454307085736 -0.5918529481836486 0.11271935728982485 
-0.1778119363355385 -0.017537546431135663 -1.1434291312829932 -0.15012226392606484 -0.8238542903405532 
-2.257012407788598 -0.8012940838299101 -0.25683717737642775 -0.5239727404966237 -0.5167719601386821 
0.2341307510135093 -0.9365335835297884 0.11999909912209215 -0.9648473010276061 0.5031127218038897 
-0.3990402243150506 0.3328066458351266 0.3319269160768 1.5585725596810018 0.7923504460836671 

1.9048411783097512 -0.5780884632487259 0.3346449138016275 -1.9830017530774653 0.9310875722295006 
1.0077468854287999 -1.7031389740906602 -0.4236343007663561 -0.9907608387057162 0.2462840386916901 
-1.6518765684500054 0.5749801253690452 0.2157642348504652 -3.214014916560976 -1.468950290278788 
0.4617278068740952 0.8574935584990563 -0.2199539230678536 0.4414911911782168 1.049105058366119 
1.3579875727793873 1.1197244743051744 -0.5005166154152124 1.484363836161203 -1.5910845628426715 

-0.11352234958874281 0.11847351830057683 -0.8036870652271858 1.1636043721813871 -0.8301903274164446 
-0.32108522486234314 1.4205445197255364 0.3129612961127443 0.19843320564303257 1.2108498398838747 
-0.4701672865149756 2.1337089154610283 2.2086941875182524 -0.438875099115478 1.0199034167928713 
-0.8115660283766531 -1.2354980773584363 -1.1835385817470825 -0.29921006917508225 0.6161897215507102 
0.9788544136511261 -0.46283053496744253 -1.3573564439997403 -0.19353130927062237 0.4819159126267484 


-1.03217182606593

0.16363186511173705 -1.2629011205836183 0.28995018602090605 -1.2983165575199351 -1.6620900399147678 
1.0452872955649337 0.4651310329036502 -0.8899743678760428 1.01822269988444 0.14123586120409454 
-2.844247170495894 0.8814686619874808 1.1567103186918248 0.20898535344918245 0.5479952820701823 
1.3155473477242516 -0.20065190974083105 -0.85944627380181 -0.3459890619086609 -1.156854605725522 
0.40769886792745164 -1.271344063417013 0.7796235698413688 -0.47171078039454967 -0.4917615693426864 

-6.204549332404346E-4 -0.964058244466708 1.1682578244219683 -0.677457659267741 0.1916094411786891 
-0.5347419763824799 0.572949415280431 1.430762939613154 1.0753139499736466 1.1558590181247366 
-0.13877602485578755 -0.06730248222670973 0.4560095846415522 -0.5220972689481488 1.3339670875000664 
1.4970042883495418E-4 -1.6240646324472254 1.7146040395381146 0.9017566383208822 0.7275265147878204 
-0.704946604784239 0.644755662680333 0.4822087564654828 -0.7666426583159404 -1.393415616260658 

-0.7487234545229161 0.24468741303006772 -1.7480718563058673 1.8759822958970247 -0.4151647893171909 
0.031988041706457304 0.7518437841911066 -0.24617555222975007 0.2542406034986883 3.156479533481697 
0.9402814599092403 1.127139381869566 -0.43087246503054716 1.327631072641757 1.2966804653493245 
-0.05890268497885464 2.150274919910949 0.8461964558951838 -0.5738925560658539 0.1408117593216003 
0.40103827681247234 0.35487378340846343 -1.4601216738953562 -0.7910004225453104 0.8856832144687561 


-0.6777436901515583

-0.4607919254462004 0.15661772148692693 -0.9692301927558318 1.4774701625533921 -1.6355112727786778 
0.5051151757251867 0.3503773358194207 0.9101967522796403 1.1161062645700948 0.6370698695762578 
-0.6037063376163184 -0.3699319444089285 -0.09471049303082418 -0.6016056144759062 1.2259485880914576 
1.4280837403687712 0.3162498259349023 0.581511775211417 -0.0774225126707116 0.5289498583568921 
1.5181032326764285 1.5483842990414614 0.9972552413240604 0.15744525385907557 -1.6330676142068596 

0.571985788635648 -0.07220809026809179 -0.053375150922528126 0.9590335492070452 1.1191961394267929 
-1.6250877637605667 -0.6576468128382164 -1.0739269558258207 0.27719550079002225 -0.36227248416671 
1.8671264347444634 2.20362625462559 -0.5367899166656158 -1.7118673089649665 0.3803849926456234 
-0.8785218772677583 0.6514125066737643 0.6587995372387646 -0.04340521724869463 -0.1597294251831993 
0.48883017283921987 0.33430202828404365 2.0930080338082364 -0.7427875124803901 -1.1048034350658362 

0.8673782790469327 0.41602635720739506 -1.191230088642306 -1.4935572235566128 0.32766048932843284 
0.1272088331527553 0.8417972207768173 0.29700760855257136 0.8143971442325099 -0.10378781931380766 
-0.22510631913349166 -1.8553912070759904 1.4750317965190147 -2.0756532316332392 2.330726913974247 
-1.6515214076953937 0.2385861491002136 0.8435315783240848 -0.4064436651386784 -0.16707802386106782 
0.2260562339483402 -0.6507336752994818 -0.1014392757800421 0.6139086608053287 0.08586773496312637 


-0.7279766796884578

-0.1351431490908312 0.29883302050610344 -1.3084025231004914 -0.1130714021391692 -0.2826774859910045 
0.41610418541821437 1.3011856619305358 0.21938942387702492 -0.901433217028896 0.587907410194523 
0.19244973485547567 -1.8437716816781364 1.0815442974912204 0.4212530874901237 0.31638530728344433 
0.44450667951181505 -0.5179565801169481 0.5659455289068454 0.4619905032407792 -1.131623346124435 
-2.236940247681266 -0.31742143004699935 0.043783048794341736 1.3528751607674838 1.099101431361755 

-0.06018252061832909 0.10761152359899677 -1.0596088258592136 0.7381000499889318 0.9993783471803069 
-0.25747709511497185 2.4379222830326994 1.1317397898003898 -0.48667286852577746 -1.1138656938632348 
-1.3388406371962072 -0.4667059126946163 -0.7832553617451615 -0.8915346749082257 -1.8294365999161095 
-0.2579144290680789 1.317462900168283 -1.3665134516560131 -1.07352252798204 -2.033058611661892 
-0.21330606592530482 -1.752167465409739 -0.3842192767956413 -1.3988111159084746 1.3730899488481634 

-1.5472379823438551 0.10542479145827109 -0.4279805146188431 0.6208888836720384 1.167863014239066 
-0.07489423800825419 -0.2581700834373339 0.7804733309668578 1.5775519569005019 -0.33488465136786155 
-0.857607830656891 -0.16557523089061446 -0.48896979643835986 1.4658189841170128 0.32916944809327353 
0.8518325556363133 0.2697793604586821 -1.2982166601005527 2.1324927932893054 0.04936716423774327 
1.2027362167247897 -0.5981658177561345 -0.8198604674355534 0.9290864155476213 0.785407185264852 


-0.8496028854865089

-1.535269724406287 -0.3390861588099495 -0.15822264362458402 -0.05215106536288546 -2.280873203595398 
-1.918777377979991 -1.0132871545939097 -0.5610238736444387 0.03321708483959958 -1.1775028439712567 
0.4975491948394579 0.24307738454882202 -0.9797903235096246 1.8236305168933615 0.9423422275001638 
1.42987716798367 -0.6709990974445371 0.36058952493318935 -0.3927734248874277 1.72310601213701 
0.8544404917790052 -2.4841785466851047 -0.5354467365974401 0.5210042552082293 0.23349907691798227 

-0.3476036108195806 -1.7465354562543005 0.671734384082282 0.6629360485028538 0.10376436648479681 
1.222715686228148 0.7175723276751699 -0.16062637259671392 -0.8241726976051531 -0.2515540998844216 
-1.837556590997956 0.038624193778713706 0.3658893276740992 -0.7130041961935691 0.840577658671727 
0.46691177361363323 0.48149717940533077 1.109029249737505 -0.7115750313379915 0.3035107027606654 
-0.19842308545602103 0.10860466471604312 -0.10346102702495916 -0.7919471766040023 -1.281903982048826 

-0.6041357751755368 -0.09234183076168523 -0.27522839211954164 -0.19270983173443929 -0.2674918126059104 
0.18457206987982913 0.2301340631182821 0.22856432553718248 0.0846402193686299 2.945872025882919 
-0.655138410365067 0.8677430191598163 0.6327960274515486 0.28500016807023354 1.9979982712285806 
2.073066592419209 -0.4409331267217538 0.999313975288432 -0.7741484662791378 0.6176153498912264 
1.5395451626836985 1.1365468042846658 -0.8344158339984771 -0.016148953430614045 0.07721811276713941 


-0.8112109193749576

-0.555234902254058 -0.8097347823567135 -0.8555467166977733 -1.3113794734647337 -1.6627611781114713 
-2.3260842673431945 -0.23234323927378994 -0.5041595419771953 -1.685848340780608 -1.105410245673689 
0.9227316633210434 -1.8249490422842478 0.9408425907859734 0.17408907174237462 1.8082126510541534 
-0.42736430418936106 1.2950311558273309 -0.5460712430018007 -0.9776534498482752 0.9481486273508306 
0.37814223020601584 0.5221662107975403 -0.6837519778669279 -0.23768822445854831 0.9666505144284252 

0.811837910802569 -0.09793733636736583 0.002001720324268862 -0.35601064721473324 -0.9078319621003916 
0.607069304065612 0.7505808093093271 0.41931000431560717 -0.7405439379272292 0.8893265096811043 
1.2185630042186555 0.4032600940906819 -1.5774759277493626 2.998015938236593 1.9059469887890088 
-0.1335856503534012 2.008171410399587 0.8199004531820121 -2.856262300312511 -1.4032374305019162 
0.45153128621642474 0.32708973538945096 1.1946621778027393 1.9416516199960683 0.6854800376264588 

1.2605438831157991 -0.5397862579313981 -2.372660623693451 0.9720695978604816 -0.5903869560518289 
-0.4113604938452033 -0.14753357595347102 -0.5623419404023638 1.6138092863418338 0.014773521616214572 
-0.15684763805745788 1.0739463421171522 0.3480515554909306 0.21480659718160347 0.20977210116956876 
-0.012878228966852938 -1.6885405306671388 1.1952739242363797 2.233601833640013 1.1971738867027193 
-0.14972564767130064 -0.8512800045353435 -1.027953116122539 -0.449562948580622 -0.7852995834461646 


-0.7350868002065296

0.7864213708913231 -0.22386024936983534 1.0187111256232122 0.5968131303613409 -1.2284875909531077 
-0.4251410061222943 0.6788239888658287 -1.7859272454204507 1.4498746447280284 0.4836555749237608 
-0.10004369890021901 -2.51446425577946 1.8762823129445703 1.5682059487943967 -0.6460840960303104 
0.6493855398801012 1.8697886725437851 1.3534332386405163 0.3887151029334411 0.0685159698437596 
-0.1370256842731712 0.7763847258021944 -0.8669947259132535 0.1721935436102772 1.0452673406918014 

-0.9013425546000711 -0.30395186207974256 -0.0481028819282878 -1.2058117650650535 1.9535305708367678 
-0.34063651306140913 -1.384816284691105 0.41808366619023524 0.16697347018158284 -0.9716484481951757 
-0.23320346557759908 0.13705230110064184 0.9056391945380581 -0.5237584479823943 0.09735138431365577 
0.03140294333184934 1.050451774491275 -1.2024426930405738 -0.5311940052064623 -0.605640151149108 
0.1484712191268141 -0.8122481367983855 0.3994650467536921 0.01717620465353439 0.5023302740933121 

0.15934787785945068 -0.7008862620457068 -0.2656389880130614 -0.12739877174989855 -0.8589846730849645 
0.4094717212914349 -0.1763216915942104 -0.29363711794191405 0.29633854462066117 0.7179541522194326 
0.815883180362386 0.12382568711080014 -0.44325520746490954 -0.5848304252144108 1.7659033469756424 
-0.06728016772852671 -1.857033360620947 0.6205019720682803 -0.24147458138878686 0.7233527637783655 
0.2953433228221603 -0.6822330365203516 0.3543732346868589 -0.38210520784264457 -0.15339917581887452 


