-0.06727842703376348
0.5666590654833472 1.0250173060168892 0.12563112463172219 -0.5354603811350959 -1.300202466974215 
1.6486091427439382 0.2587119385392942 0.680038644168726 0.03591475524645197 -1.783829568334619 
-0.4529434642263039 -3.276731347163058 0.1222683470668867 -0.800442351227837 0.9255325281004358 
-1.0184799933286461 0.8276976500361087 -1.4916938620328108 0.9635113572159001 0.1536981845155074 
-1.496106631570248 -1.2416980096650667 -0.14637679861849173 0.6334838624564965 0.03403852674527599 

-0.05341540889404374
-0.7737886878776244 -0.7940253302893279 -0.563309509321363 0.15483421469194666 0.7588524196496068 
-0.23830549583736735 1.0906875657530095 -0.9341025695384144 -2.2589082906721716 0.9472198766755824 
-1.6064114268573084 -2.537376486980313 0.8459728409251879 -0.4269710475858807 2.033751197846704 
1.0994072456427955 -0.3589906870491251 -1.6494025712622038 -1.9553831615992532 -0.09823839637143539 
-0.39703035119880986 -0.6237714044491093 -0.5220611869251126 -0.671012554684479 -1.98370187881561 

-0.09769137385892804
0.5276333129683645 -1.189082554835709 0.9806312370290606 0.5813241911133858 0.5513498069305897 
0.024705585747521103 -1.749271812700683 0.5689600949937558 1.687507711127977 -0.0851056702775004 
2.1070867175118604 0.7939376369674436 -1.0978956892973741 -0.9395830473832715 -2.0183107725023692 
-0.27570033755198686 -0.21855399743188655 -0.26908187576550613 -0.6282264787283306 -0.9788475910170835 
-1.3870987958574503 0.9055374741075249 -1.2548861446622697 0.29350278275123975 0.29976674713080975 

-0.22006724699072752
0.7134681999097833 1.7595494807865135 0.7707218400380965 1.4554141418663802 0.3829140534266302 
-1.9471211083545292 -0.5636598591329189 -1.8946678839908626 -1.2673783487401067 0.22314593529780313 
-1.5709051850772042 0.5142781483774114 0.7424640893066845 0.17623974702044348 0.856569788671325 
-0.8355837420050768 0.5876667560653626 -1.494463513268481 -1.071838782252011 0.35978793811761356 
1.1673754971318422 -0.584820702313365 0.024458555531087917 0.4711738435758071 -1.1235611170357729 

-0.1779797659526961
1.0396734951784488 -0.6555187730929126 0.9052838791722095 -0.8903792647412765 -2.394180090079578 
0.1944462095295975 0.09753963283978527 -0.1710749265650507 1.4456430655879324 -2.3047033894605855 
-0.941043557398667 -0.28610410142903525 -0.19404040926683883 0.35954828682032897 -0.8280734074051721 
-0.6339619271108065 -0.07081532787901214 0.23043026775682532 0.5390913161302319 -0.43693417234116905 
1.6090430853342708 -1.310575310677475 -0.22911098156429452 0.6063153404221656 0.6766430833381203 

-0.13808663467661003
0.9346492358804117 -0.6514884624147279 -2.994739871003009 -1.6886545510978657 0.1781078653459365 
0.998811699571717 -1.2593707198910378 0.6605342401637495 0.09965845092418392 0.7960899293801237 
-0.47512131209933334 -0.8315784131828325 0.7519249222009157 -0.4713072188480284 -0.01054871531282884 
-1.6439955412736502 -0.4155835530373897 -0.2365802465693617 -0.4515783097204855 -0.9783886571418314 
-0.5021537291546553 2.1761312444132446 1.4462362744337074 0.5921727777351674 0.8118172719996952 

-0.12216978184038631
-1.0289531163410828 1.9239765813754872 1.2121276064719695 -1.5445368291773154 -0.9649102617065671 
-0.10123048829133556 0.033088195947547 -1.2181760149341985 1.4715845176645213 -1.0877069575502527 
1.9071149441278878 0.8028598455563878 -0.6428875052671233 -0.8763712461430316 -1.1171783343685038 
-0.60163694610268 0.06394929855250285 -0.08237686410062596 1.7543401591926748 -0.08338039156361754 
-0.9798684665621304 -0.385085375255214 -1.5541093166597273 -0.14497654917604733 0.7336187138679 

-0.12177923276560254
-1.4833074241062396 1.9509800837863962 -1.5023582763587882 1.0037494210383924 -0.6433404535430276 
-3.2332201297556584 -0.298313635887588 -0.41768902325823004 0.4430542784994947 0.4813764918558062 
0.5071453366682658 -0.7812641324525368 -0.8408343016255475 -1.0038261230243535 -0.7784532066173592 
0.0435698698270929 0.9208710345192876 -0.03577660440193753 0.7181696446376253 0.8945639288379281 
-0.7647595689809761 -1.4018676107528376 -0.6520546424332802 0.2374584426873752 0.34889429092891133 

-0.11578426474048883
0.7642884238866561 -0.43517736676558877 0.7308245001314118 0.5781751441274698 -0.5858449797615596 
-0.11063393283589468 -0.8206522586419173 0.603378573898186 0.016152678303710956 0.48425137386905626 
-0.2874689119966606 0.8922683510663352 -0.746948201793794 -2.072272144230266 0.2184202691928825 
0.8683846870463399 -1.523922033901077 0.8536422175341685 -2.0943819485064825 1.0891661498514265 
-0.4747935405648316 -0.19824933015888943 1.7911309231655486 -1.0797561082462943 0.051274957968585264 

-0.30673538234197756
-1.0455305790948155 -0.9597768079806157 -0.2577194393280641 -0.9393896547824356 0.5243874024583459 
0.786626253435459 -0.401961123897705 0.08991406447182716 -0.566142583152453 -0.2848253964471026 
2.022984219110738 1.045976614499316 0.6590919499589643 -0.8851388531075565 1.010106170642588 
-1.2229481183728772 -0.5405804309411545 -0.81802095374452 0.7826649627951514 -1.1208412184586485 
0.7256704163780716 -0.5235831469790181 -1.1094278300628126 0.40362542174825095 0.6470064425181811 

-0.47521994116022076
1.1587766712063572 1.083372101129244 -1.1118191480258646 -0.4366356027546416 -0.3331602629654216 
-0.9928914200929999 -0.7136772105903698 -0.9530517294791226 -2.3551340652176447 -0.12274040999517087 
1.216483543922938 0.7490489418896021 0.09431476535539891 0.2327475254550266 -0.23757893303942001 
1.0847471778652855 0.44307399163102207 -1.728722791761191 -0.15325446590623115 0.8051428953563365 
-1.0890162893207898 -0.09396749747549613 -0.10694030376990686 -0.7181478387991224 -0.3783453351053512 

-0.05731489447365026
-0.8792089544365302 -0.74827603082473 -0.5203416517908169 0.9402119740607521 -0.8139480119485211 
0.3467088474070023 -0.27916351597651945 0.5438148277355257 -0.5307690094361138 -0.5405899629289261 
-0.9743856525860083 0.6888672065295013 -0.7531850883704627 -0.5634249372939116 -0.7033329113729934 
-0.9564608139700477 -0.610557414892862 0.3607493179867897 0.027317945782675813 -0.14542336993775826 
-0.24478931960113595 -0.31795230226711946 1.8349769100033901 -0.9017223876469379 0.9036810658759351 

-0.021705156868597517
-0.40997452982174554 0.23057696828442492 0.6226682203702365 -0.8933214310961349 -0.31909932373055566 
-0.5802436856634003 -0.42607413725081666 -0.8676060251415579 -1.3735822884225493 -0.18239619258608245 
0.6943365900605614 0.7131898959805355 -3.09157993382603 1.4972695894711145 -0.453769938370538 
-0.657717024691972 0.37235391733840534 0.41584661980933 -1.477010464255091 -2.1613261070814866 
2.236948693791416 1.0856709308307448 1.5803739978227695 0.20361244169928056 1.0359793766661434 

-0.28288030563357813
-0.39461468764166263 -1.5475075611455522 0.19221270032891957 1.4712262616198657 -1.344796545719203 
-0.9958066043171865 -1.2459067961967505 0.5100131276299745 0.5054019972207892 -1.2778781451389336 
-0.2407043257282046 1.3182012908776624 1.192837042228057 0.3041082642852732 -0.4467899919741306 
0.7336831998839418 1.5354654534604057 -1.5496572008241751 0.838462535062583 -0.884156610329893 
0.5293900438798695 -1.0871499379091332 0.48704743722199184 0.9925955478908367 -1.0264314838331334 

-0.11973588589186049
-0.9379774901931924 -1.144862177159706 -1.6858786990694676 -1.3984886105270389 1.4440368596783124 
-0.43086714183047076 -0.3097967388657445 -0.3764578266332495 -0.46392477966762863 -1.9604187746318509 
1.0795983965130684 -0.08441913161217024 1.2360995157896375 0.8582904324624915 0.0492562078103651 
-1.8705221787315554 0.44346178241069845 -0.14469992542593438 -1.227323429550813 -0.3367703209395844 
3.2108356002258094 -0.016579783874293815 -1.0500831414063867 -0.9943943858065288 -1.1530319453587023 

-0.09443076736233104
-0.06761716057367967 -0.4782012266623973 0.5546406787199237 -1.362623224493943 0.34829848707955613 
2.155550964006579 0.6551924713333029 1.9670764166429882 1.1704064810048016 -1.5388411558943356 
-1.756117763211094 -0.41690944707079003 0.31252374621212886 0.08095625153063249 -0.896187947175383 
0.08410308270436233 0.038656880367994556 1.0086232798091164 -0.7878506297572497 0.25424752464906597 
0.8147105296518875 0.21780025126120114 -0.6506590725593812 0.6454754284363724 -1.1695928030831086 

-0.2851009977884592
0.8373715351656938 -0.5242394590474554 -0.28805707146873516 0.13671497485747233 -0.6461753572548435 
0.6055354289772173 -1.2499356649594986 -0.48844174800496204 0.3280334298818637 -1.568131925830248 
-0.02845943606667479 1.2470441160120407 1.2646486756601871 0.9687719837801315 -1.066499320753667 
-0.26926109564729306 -0.5553458609025779 -1.3421776164761576 -0.30979233646775367 0.7633953276769407 
1.0238970469621895 1.2979502748586929 0.9247251283974367 -1.2694560019178724 -0.2994204721676532 

-0.040764946743008054
-0.9941209062104687 -0.8518466544228831 0.309327033375374 -0.4083196418016944 0.038822715603626774 
-2.1836621033058154 -0.5852675676989411 -2.445574641774996 0.049110454764783915 0.5983514015665929 
-0.6121615009623622 -0.13403330766171556 1.5789517091889125 -0.8726421071418102 0.3011671509092916 
0.2895372774335424 -2.010224487071188 -0.20857563848318486 -0.5035051040954394 0.19449514216666494 
0.8964318761160144 0.40979826440882267 -0.45672107321413996 -1.4401331596254543 -1.6210454271264307 

-0.10274329113780555
-2.566137066707645 1.0874329946928352 -0.06077527491850158 0.8943985565562328 0.10088946404918069 
0.045148960592909536 -2.769364210182749 -0.3223041987547887 1.0636074145384473 -0.2937034014430609 
0.5743467963629182 0.12887834504817972 -0.14629330539394805 0.11611553201244036 -1.8829187443817887 
1.4361117687037228 1.2540179923758719 0.13782262897461278 0.9759159717363985 -1.1192450588748701 
-1.8283465800955387 -0.23265179496696323 1.040500549991591 -1.3942027906828378 -1.2055174293391038 

-0.29827564282283736
0.17650984115612162 -0.856327153711678 -0.15776800792086584 -0.6989849175165284 0.40141515374790904 
-1.4219275506404851 -0.5267213382592155 0.42272351191453506 1.604957303119357 -1.2243159141544133 
0.05752447498278891 0.5515944075506971 1.5106652999656158 0.20912689950081445 0.47103626788965697 
-0.643709456778733 0.8655428507745291 -0.43729256113331405 -0.06466053064836082 -0.8718196960785173 
-1.027191546142586 -0.6260028139108255 0.27181103781515753 -0.9418056109871918 -0.4148217512734598 

-0.16146713396010698
0.4298148435418265 0.8141062637678981 1.3826261753997644 -0.271627313016388 -0.5038947936449814 
-2.6178304415556295 -0.9996952014032978 -0.3103948321414974 -1.1840795239137434 -1.7753782083274738 
-0.3870271507523692 -0.7178831686057633 -2.3851613449130293 2.640748911632168 0.7052791852923738 
1.0628873663633156 0.6719132397595741 -0.5345804944838224 -0.16267821760543336 0.5911147985239872 
-2.145471167019822 -0.37512871868274517 0.5476006347340421 -0.29876203754096237 0.1708717152391038 

-0.12773747454929826
2.5596575428541524 0.36823975063157266 1.1482858768299116 -0.2711940247210092 0.44293676218382383 
-0.4976553089710828 -0.5801000033378805 0.0063262641262883355 0.553232776825361 -1.1884792838441425 
-0.585205139644876 -0.29453734980138313 -0.0982488899531105 0.12504203516463688 -0.9640128788540002 
-0.9240513085468073 0.3751234213856024 -1.395967396834942 1.9969477327585752 0.6392551710024347 
1.7903799580007889 0.4583061797155546 0.8574073581250425 -1.6204405486795879 -3.0365486643529844 

-0.26359187493046243
0.3853053703693742 0.34861710058470596 -0.7210885358998222 0.18435020093952845 0.555825104682849 
-1.5151572666811854 -1.1199087191261246 1.1761452531466676 0.8904595611755031 -0.03889911524470521 
1.089832728526404 -1.4893824477498216 1.6643694817021142 -1.3880563724696788 0.0912650408631201 
-0.43692983829172494 0.417695655000691 -2.268987889753431 -0.5010095262649308 0.8904948162954978 
-0.3170598816285885 1.5230009844986718 -1.23946133848302 0.04471529040208009 0.7194489333159813 

-0.19776309871169387
1.30204727627915 -1.6296410819146776 1.8396739567499147 1.2738028366701817 0.3234540748620243 
-0.7740200354565412 1.7665860312578392 -0.661579587355471 -1.9707051225912207 -0.112183480183535 
0.44791045245606814 -2.0404776146165235 -1.184569594748033 1.1865290926961387 -0.23915496202871425 
0.9111185970473599 1.2699055857056327 0.392334281718829 -0.04923796023094289 0.22345183631493298 
1.2006508898732138 1.0365318729170434 0.666791467018948 1.211098384615787 0.6702881267551548 

-0.01585394370150772
-0.5545543089587618 -1.2222538153324367 -1.4048075851045838 -0.6909849813072886 1.8569065558238071 
-0.12639833316926036 -1.128735363861707 0.7060779041541914 -1.7855708440967881 2.7426432376909418 
-0.030790592133870958 1.99710380569205 0.3893525303231969 1.0429003860652504 0.031239425193063535 
-1.2374466785170373 -0.14124728601280612 0.5518057137964341 -0.9850317811378234 -0.14818213976594893 
-0.13126709638990264 -1.8410990972433185 -0.20894841395794916 -0.469938438677321 0.2076094836376896 

0.11809394871316299
1.0455889323186145 -0.1645570268620038 0.9233853223663242 -1.3833713893946673 0.8589345452407728 
0.5102338442548405 1.0752443416836648 1.7614354983256482 0.1732803586146308 0.24054348161681352 
1.370389010493976 -0.9516991659089049 0.6607778158723432 0.20022536593714813 -0.6936612828754062 
1.4518516314584435 -0.7293229675512437 1.2752163930914735 -0.5294880794167754 0.2519805731207221 
1.7299140931255823 0.3780493047499221 -1.0030613306907077 1.3502175888206027 -2.01824347395204 

-0.04873462824874597
-1.1818014116561186 -1.75255394417956 1.9938031754446444 0.04623812940737013 0.9449140820733688 
-1.3395273578032885 -1.007522729447956 0.4861551274647009 -0.5536420883992644 0.3173548660616667 
-1.7736671177543817 -0.8675161088783759 -1.2520518574950528 -2.3356926532253244 -0.16729706650138643 
1.1332732771529659 -0.5776405712991265 -0.7588573740298845 2.8548339931795 0.28337661395995156 
-1.7699170476473425 -0.43443606654973155 0.46886792486997786 -1.7396774582350227 -1.251983855992032 

-0.06636010845904282
-1.6416077630620978 -0.9038933187104384 0.2983461260069814 -0.18070639456067822 -0.15146507398033865 
-1.5058219310841119 -1.8892496589445658 0.26682038639268246 0.5990011954638665 0.9266482937093359 
-1.8604244109835057 -0.5214818447690406 -2.9733051228661274 -1.2492923951064736 0.03152149713906041 
-0.33680437878037794 -0.1259168020327454 -0.6320582332358033 0.367267688153313 0.5325386734993217 
-0.6653371054295769 0.6153816148333477 0.4446148273449176 0.5447971333603372 -1.039633512702655 

-0.27928554217730456
-0.4716926900884094 -1.4735606185173644 0.17329116649499038 0.06601992436220047 0.039057415653224334 
-1.0280203700424766 -0.6333849360453138 0.3359701511968872 -0.27166720292320334 0.654777303118792 
0.22601038394194725 1.2408829904944607 -2.724783298388716 -1.2350153574509632 1.869415829090793 
1.3425791577860042 -0.3497015074519631 -0.2278602639430144 0.40531175013620907 0.03184433112839851 
-0.7300127102784849 0.3177653011412095 -0.9382443892383445 0.41348736505972244 0.4815711032001681 

-0.08510372954716283
0.09579888272420208 0.861997331285999 0.7650040194994102 0.5541297505269202 0.564121685384482 
0.36800369556573304 0.555867950238145 -1.879984139871549 -0.5113040329946306 0.5416479924132401 
0.6777215617285733 0.22327748771908493 -0.7143725723233847 1.5502524755043259 -0.28237953955386086 
-0.44942125278096384 -2.2212118711193747E-4 -0.9375754407912329 -1.9148188549700516 1.4858743816189748 
-1.14630764692201 0.427374304915641 -0.46438384080774325 -0.36973229771647753 -1.1565425793468371 

-0.1435174420741248
-0.7603863758335485 1.7885375561437165 -2.2331910639073262 -0.9988112111655238 0.42488886319591146 
1.4532760783394179 0.08116190685469667 -1.2187449331119735 0.2457401337745627 0.2327472474476763 
0.31413160790457456 -1.1506358411801367 -0.8355203453499462 -0.5834145872162979 1.8723200577432593 
0.15998788552959634 -0.1591965399495896 -0.6988372460026343 -0.513432380295024 -0.6027119426269351 
-0.6839071377853605 1.47948922015253 -0.8662510625541995 0.53715832071224 0.7514283123642341 

-0.11722346501262493
1.9524585889955286 -0.37925532023065683 -1.154264950279142 0.7558523805134425 -0.38121513211304964 
-0.1886642036389094 0.44851425304632775 0.015518709983338545 -0.6899452810031643 0.7489929919436429 
-1.4085144938325571 -0.14731357680011853 0.795293540605368 -0.851728140292894 1.0710417798969591 
-1.0971337360695708 0.5082122354982094 -0.7518181885753019 0.07049773043594933 0.09991885992513498 
0.07996142842050205 0.5639602608839995 -1.2459864871455375 0.08907775737587699 -0.2130416293271952 

