-0.06561080609698992
0.5685436244474821 1.0274772455801144 0.12872621510857932 -0.5324176680862616 -1.297081402249229 
1.648924354068625 0.26058201058519126 0.6806003300922913 0.03675772998236874 -1.7831448960459881 
-0.45292750171027757 -3.2754673669143965 0.1346775918296047 -0.7927467557792767 0.9337252430956565 
-1.018126217307977 0.8293165745262447 -1.4804078850934552 0.9730926028313215 0.156972312652859 
-1.4956544009644233 -1.2401574431971507 -0.14001119907871984 0.6398757254285211 0.0352188478273449 

-0.053669297831789954
-0.7766141070098441 -0.7933932745429949 -0.563307765796948 0.1547141988921405 0.7589802189948441 
-0.241950738632061 1.0907988879816388 -0.9348449116401537 -2.2598015393713924 0.9470946156895281 
-1.6103405812160507 -2.5374683250797805 0.844570251887552 -0.4280641431869039 2.03332470578405 
1.095504972465558 -0.3589236923942141 -1.650226225318429 -1.9560378287677869 -0.09861993634976116 
-0.4008203932317964 -0.6237878946396268 -0.5228872609223635 -0.6715245502467568 -1.9839071030091477 

-0.0999163474484162
0.5270979310097789 -1.1887354104440604 0.9746188566469717 0.5750358706986892 0.5481531150348115 
0.023557472600789255 -1.7516783555171658 0.559800412009503 1.6801545192946485 -0.08805235081847955 
2.103375015189012 0.7909305338812744 -1.1045436838533695 -0.9452469016204863 -2.023690041627686 
-0.2786144600026773 -0.21921685909730085 -0.27224471567222835 -0.6341242474340948 -0.9847882781226898 
-1.3877991797073796 0.9045135516618229 -1.2593069008952742 0.2871817380011678 0.29406192616640664 

-0.12725882325080842
0.7190674562859377 1.823263100020104 0.8019871910027729 1.49600574076862 0.4441246281378676 
-1.939035125954173 -0.49345599564014087 -1.843890756211601 -1.2064910404816591 0.30503670845355063 
-1.5562735005706114 0.5903490585937318 0.8048619100299084 0.29634721826519067 0.9814087839268255 
-0.8165546322457976 0.645043919193675 -1.436790129428538 -0.9687452785220813 0.459230941146962 
1.1917949629088491 -0.48731520515988097 0.11128583119523881 0.5990475534301545 -1.0133395239606031 

-0.18824896140931197
1.039161421093191 -0.6561101735542024 0.9043023066702591 -0.8909596754484773 -2.394860597003885 
0.19687598054910807 0.09761200839188788 -0.19217558079582206 1.4238871377806823 -2.3207162977144398 
-0.9373005150879397 -0.28311613793346924 -0.2102785926262501 0.3435853645712269 -0.8327588097927925 
-0.6298805744528451 -0.06694512016985753 0.21690259613193463 0.5321863442556257 -0.44063761321096556 
1.6121407175121583 -1.3073035342887982 -0.24538687005835616 0.5979460885177923 0.672725206261665 

0.004354758946176143
0.9325547628349626 -0.5053266541320129 -2.8825804524100036 -1.559535299541102 0.3106358749553746 
1.0640226884061472 -1.0475332436565257 0.8289338513368283 0.27387285108562653 1.0126478497872844 
-0.3985883827084698 -0.6228693852627992 0.921168853745485 -0.290624278951709 0.22324661769022816 
-1.565450417533883 -0.18304070218399607 -0.029571199801353035 -0.21333111388133408 -0.7110719759373989 
-0.42692484378227935 2.4088849704029833 1.6784107635853676 0.8638134748175067 1.1150635657919261 

-0.11792000205956428
-1.030740256297159 1.927524390110395 1.2152749317055163 -1.5428500715542273 -0.963381893097384 
-0.11002960354134873 0.030213846280108703 -1.2160096962656224 1.4720849970543455 -1.0876276347876557 
1.9121474932484381 0.8120027392047937 -0.6345186196432712 -0.867408736095298 -1.1067934511123292 
-0.5934930710437719 0.07240528235798058 -0.07357862353111633 1.7672554284208282 -0.06901948004291424 
-0.9718069668986261 -0.3754484499050072 -1.5439667050706156 -0.12735605033371358 0.7533843160778464 

-0.12358007660123463
-1.4844085348549483 1.962729663563853 -1.4936081990265935 1.0122882713323524 -0.6351045306370009 
-3.2343455325646855 -0.2891941986963284 -0.42493354174621006 0.43206056174767865 0.470878997075345 
0.5061209770701502 -0.7770841182365388 -0.8475020871129955 -1.0113865698173239 -0.7901859777669641 
0.04264946183472607 0.9247999145731772 -0.040704153746765837 0.7097590142415232 0.8848958825556379 
-0.7655649578770035 -1.3982726213001715 -0.655209970521549 0.22620434694663255 0.3377266627196099 

-0.11929995167406132
0.7809913647541067 -0.41703064085592373 0.7443250599329877 0.598597763127598 -0.5675484713977257 
-0.09420119634637726 -0.806298260695258 0.604870781902562 0.03217867371314174 0.49920650152944995 
-0.2660209857107935 0.910913890426203 -0.746578772472552 -2.0683941804404467 0.22391538412946105 
0.8901594197425318 -1.5041145477882618 0.8616891273024126 -2.088832574969029 1.0998987180290491 
-0.4556320018789298 -0.1772163411532551 1.801027536620156 -1.0679118380242907 0.053861618835189515 

-0.2559598226948892
-0.9916916721402038 -0.9098811406346575 -0.20092112896390632 -0.8962843503293558 0.5641179111837228 
0.7962048311142017 -0.42927411189856163 0.04346172452998434 -0.6013663804404206 -0.30718466792145477 
2.1337222829778955 1.1222922666399051 0.7043495883973679 -0.8204435573213937 1.051222515266988 
-1.1180388827999423 -0.4456911889409409 -0.7487976624218742 0.876785911459753 -1.0381434394926181 
0.8221951152291811 -0.4287028721953767 -1.0258165256838108 0.5069694649650112 0.7403836441956332 

-0.43227578555371937
1.1600578594788793 1.0821665647377239 -1.112671525567523 -0.4374764702569984 -0.3339153403532899 
-0.9910342053084938 -0.7142296248444557 -0.9540395737585287 -2.356400897934362 -0.12299192181833478 
1.272273874309561 0.815146575144623 0.15501547208188046 0.30287411720150126 -0.16406338471813164 
1.145997251441422 0.5067657811222006 -1.6651166033679161 -0.08041132633679954 0.8844413738722815 
-1.0321985902303483 -0.03960310051260843 -0.03712970222832594 -0.6466385962221898 -0.29310781795713353 

-0.06285467460172513
-0.8788932518284174 -0.7451930533771806 -0.5157649528432618 0.9454855222387504 -0.809018847103376 
0.34683371156916143 -0.2770859800831493 0.5434802115015681 -0.5299634771932533 -0.5394120611084972 
-0.9742892433617781 0.6870975433711032 -0.7681724551027376 -0.5673778454920911 -0.7035373026667452 
-0.9562145501110708 -0.6115762604539855 0.3476653354432467 0.023665973462897838 -0.14282833987364707 
-0.24463697881017948 -0.32124888901485293 1.8213520073666305 -0.909351251062158 0.9024631803152224 

-0.07573315376716834
-0.42094029878740474 0.21998901031939008 0.6095147978053793 -0.907609785883056 -0.3338446062575458 
-0.5847177363558191 -0.4281077728030216 -0.8715665670941102 -1.378938339767123 -0.18828676514798698 
0.6256039850188164 0.6304534161175978 -3.174133529364143 1.4289216926028736 -0.5204909198891079 
-0.7335456104808172 0.28996197375250043 0.35863195270921183 -1.5304463270066138 -2.2267002924901615 
2.1509484740613214 0.992895631830266 1.5179930410710196 0.15406730860754145 0.9727279459895989 

-0.30439666694066214
-0.40792333927359503 -1.5586960791008786 0.2606423364416921 1.5371247064192066 -1.2855255904425122 
-0.9950525742944252 -1.3215425660872278 0.49171102439139036 0.4845593573771867 -1.2959087113073455 
-0.2722496655595516 1.2042163270725967 1.145409034028021 0.25489227862965985 -0.47187473438456357 
0.6983679841838318 1.411254928151345 -1.603993166053788 0.7958371712293982 -0.88373038133291 
0.47236146739468504 -1.2151467602043708 0.44536133646005927 0.9689072320352045 -1.0182358810476928 

-0.11271034000270844
-0.9340469447916522 -1.1406506344115959 -1.6830269313494703 -1.3955561139969483 1.446976109328365 
-0.42350943226301985 -0.3025378099783471 -0.37030029220905314 -0.4578519312994296 -1.9541735851265896 
1.0894827395368298 -0.08068097750708356 1.2444804429321494 0.8659137118567237 0.05364411284915387 
-1.871833942438924 0.44249167058586625 -0.14545926498305647 -1.2221683104105303 -0.3316741877807634 
3.2089521135399455 -0.020837240253568187 -1.0580469692127352 -0.9892989953992971 -1.1536745603644316 

0.04946436832054018
0.06225378088645753 -0.3796877614517955 0.7072305906411932 -1.2412466661395953 0.4548709438799416 
2.5017263067439988 0.968854940347725 2.3067848661809176 1.5090820279226598 -1.2028861474246524 
-1.4266888034059377 -0.14364038764770165 0.6202515241695189 0.38648995210005777 -0.5405060466771023 
0.3951353379696697 0.2906502434231342 1.2987899801412168 -0.4646745827437822 0.6349196019135114 
1.139916579087599 0.46778404753835884 -0.3824477202033565 0.9476566485363708 -0.8041232040238365 

