6.533426213137222E-4
1.3431059858332817 -0.2996238381484924 -0.832144236323338 0.03333135673209055 0.14665910272693905 
0.037192993465670766 -1.5562445071519755 -0.5702867335229014 -0.08019243382558514 0.1666415881633145 
-0.017703487110986776 -1.0104023724875328 1.105982723119804 -1.3299128113872831 0.16156566308803655 
0.2266159757166477 -1.0357425087373644 0.9295676012870758 -1.056533651538498 -0.38160781389018433 
0.6865737600739173 1.0856447518086798 1.0320489444417853 -0.11696974013725689 -0.49056167008662604 

-0.013424445484217264
0.4816778963594052 -1.6150770157116758 -0.6110735441313409 0.16901600613572879 0.3658356533458002 
-0.2530518140201728 -0.41982653902716993 0.32491982840054723 0.9831283967463085 -1.2925688965455169 
-0.9267516464592156 0.4918870297441412 -0.3812026888223829 1.0592427370488733 -1.4024658377944137 
0.8625863961785117 -0.2453851636560185 -0.12540354470087198 0.20160298149185432 -0.8521539921590585 
-0.1315555360599098 -0.21813591176519767 -0.7126710293788313 1.291341032622367 -0.6461245211644541 

0.020999279059478092
-0.9287354432848434 -1.5750246596349442 0.0234013376639359 2.0015352235605173 -0.551667881352507 
1.887046133616251 0.37150882059578966 -0.46091184025969234 -0.8787396517233812 -0.9395907538971116 
-0.1459043273999764 -0.9324001676459133 -0.546163214803956 1.314897539644625 -1.493932624623441 
-0.5416480156493351 0.4667151730864179 0.06816200862607417 0.2806877401665604 0.45238592490708757 
-0.8273528863731566 -0.6349516064411552 0.2811478237459196 0.6751734458315543 -1.8951771656348055 

-0.02765862649337344
0.09184865049777176 0.2093194312547109 -0.6648039843623549 -1.8495651362432712 1.0927543897469736 
-0.005534571082213789 -0.6410667437802392 -0.6230316787751331 0.2834168353310099 0.2771277286737312 
-0.6023102270380516 -0.3482934081632361 -0.26336339545679455 0.31469308601383406 -0.7800344510066075 
-1.412884863333565 -1.048830014960561 -0.024699944864758114 1.743572639584645 -0.28742021157697295 
1.5932369071878567 0.8261345042880394 0.08027531173433662 -1.8077748372364109 0.19780814916219 

-0.027354386683975523
-0.5237057724486645 -1.2940699643813078 0.7442604011550056 0.6418629885959672 -0.1742705400467728 
1.2308635448652747 0.2268629933521681 -2.087473469052148 0.6212315924649453 -0.06309482334967927 
-2.0535975866084883 1.0864243623613916 -2.285585487071335 0.6817295675547987 -0.8462277802272179 
-1.2774256663667751 -0.5847774895188806 -0.7134536866281426 -0.2940418065812798 -0.29399089622716174 
0.8916157038448312 0.6131820307232573 0.29932849905835085 -0.08978662678905501 0.3138731005192893 

-0.012888577595571035
0.3047036377989482 0.550036923846332 -0.26016289713638385 1.1287858039372147 -2.0615223441882393 
-0.28200090840509273 0.6891777379326237 -0.19425711019450465 0.01755999366487747 -0.20804601559652272 
-0.7011526413436278 0.699992225349338 0.4696716249553276 -0.3624235938397786 -0.6095025082372229 
-1.561734403361921 -1.717477173295696 -0.5296884360773109 0.09300999343932842 0.9631879506899833 
-0.34001686207011494 0.048355442113523966 0.5152998853182504 -1.161782168130458 0.5244084471120252 

-0.01527612414817124
0.5195152389967024 0.18345161037795196 -1.071043558839752 0.3331126778992592 0.19847748494868098 
-0.026846437981158745 0.6946016605560515 0.9173584540686455 -0.2824755722507963 -0.03597026356249473 
-0.8306328077948388 -0.7178357181253284 -0.08547596389166158 0.15478440247049685 -0.7998002232177296 
-0.5192857198905304 0.363002926546825 -1.4351457681665583 0.40992572670401384 -0.36856694966363923 
0.2509712487538435 0.5660147916406799 0.8728174733792817 -3.127710712603073 -0.15938589296831307 

-0.027884004004508592
-0.6054917688214319 0.19748565000277077 -0.7704174932949587 1.0101454385967532 -1.3875965195989008 
-0.13210502828546464 0.5561085687206663 -0.5140277518674752 -0.17174316076227888 0.1106865447977612 
1.0682444551011367 -0.0713769875219273 0.5079034310905252 -0.8252708467170102 1.0503198664389446 
-1.5420733412841323 0.7851000486192393 -1.5631520696663201 0.7538624906620089 -0.7281575816095808 
-0.4986338998237165 -0.010788855708598395 -1.7756013429268398 1.4834221263886889 -1.174912726073838 

0.006169047864267267
0.1367852881199835 -0.5520075147522384 -0.5609095592143928 -0.49718926920805606 0.4560664040518951 
0.6491308450517105 1.1116036874767972 -1.1091895220042274 0.07375173884588236 0.09571435266232116 
-0.8535417736649514 -0.3905423172910096 0.45228259897094825 0.9897278198718249 -0.3939229176214354 
-0.8468873453921552 -0.39578133866669263 -1.802472246402649 0.3730891152495195 -0.8211046384996117 
-0.0417191265479875 -1.185647906204895 0.5280494165320271 -1.100240118629228 -0.031658414920512155 

-0.020017404481549015
0.19423171389236546 0.7787221439628456 -0.9127699709891945 -0.7732714477112832 -1.0357045782426122 
-1.2472513013578874 1.043271498556679 0.17244322080062166 -0.6654804774308333 -0.11058688543005386 
-0.3271172762397561 -0.20101552381341267 -0.4592420270603868 -0.3143767579905791 1.6077246597919947 
-0.5160639774673094 0.7552685401700969 -0.3581154927037785 -0.3266456000326531 0.3823617108299247 
-1.3153772443778786 -0.9725179666196664 0.10886122091254195 -0.3477575717442399 -1.265944966294996 

4.3025322058523683E-4
-0.5082402289428315 1.6605937495706122 -0.2993484818982402 0.28088039620297917 -0.22195216562232342 
0.27060586260587827 0.3112410905495934 -1.3991272645731423 -0.6477409496381039 -0.2448621977492942 
0.2320365603679189 -0.554825567650971 0.44965710440049206 -0.0477286080205456 -1.6720907371729927 
-0.5098471791167564 1.3716612549125609 -0.17188585715775498 0.4011376675689587 1.0791757543191989 
0.36055993634861944 -1.1535573484150208 -0.0266986064694818 -0.4917699044859064 -0.5099442962779442 

0.004831475468596779
-1.3009724521706516 -0.6539513503945154 -0.30720315820876615 0.15882147665625038 1.718439408050815 
0.8120291011951412 -0.04144774755758149 -0.6574244874562928 -1.2332146879739987 -0.33896218115852 
-1.0223192592171229 0.44918768678832716 0.45151458207792766 1.33433001764463 -0.48603922374441394 
-0.18487648108836247 0.5436752150567593 -0.06917975042264446 -0.3103827136869085 -0.57663470606152 
0.5966077555386033 -0.9338585486603277 -2.2786553180730698 0.4089515049013736 -1.2424765783613223 

-0.03391067612905865
-0.6285971844883069 0.5105434806551288 -0.0616699085059576 -0.7411004978650957 0.40703774843398477 
-0.07231412910689886 0.2797035709900029 0.19339140089452136 -0.9253942062369517 0.7060710610706128 
1.402621520642319 -0.21361375491544143 -0.6731566207264355 -0.18109622888073268 -1.9964339979161776 
-1.5090705666344206 0.7773294787726683 -0.45454948397248707 1.2744464414861838 -0.6788338914585406 
-1.5213488604007688 -0.6975633397220695 -1.0845430253868682 0.6086937450754757 0.23992428109133096 

-0.0032865074811271287
-1.0384747747387768 0.8565357692675886 0.7038123187177922 -2.016876586479051 0.686907511582072 
0.6199935393701408 -0.10005452254634686 0.15134501390652869 -1.876489608705098 -0.4600712927495904 
-1.9100427582181467 2.5869850629776385 -0.7436512066064439 -0.6437471984083513 -0.4538645880123413 
-0.6584280150132293 -0.44344715450991984 0.2069550790679944 -0.6675051101974493 1.4250018634691703 
0.8843220547524548 0.062291920032006204 -0.5735439548189635 -0.8800395083923624 -0.21505106313559222 

-0.01917093114654806
0.11644507729986159 -0.30458571675972657 -1.5910785143406478 0.6204683770669219 0.8900605311676101 
1.6237831567674827 -1.1490800244760795 -1.970919746975092 0.07460161036968987 0.335537828817564 
0.8619878948909367 -1.6066183595085184 -0.3043618655369929 0.2488415514455346 0.9998383728971341 
-0.752420499745875 0.47184016527335926 -0.29156375283352337 -0.6764137161207041 -1.6294469722039702 
1.3808679331816882 -1.2372829548777087 1.2463891559369944 -0.2973206013867369 -0.8700194260862237 

0.001875426842263799
-0.41255528207168884 0.9095974444352894 -0.6182982796806894 0.392424597259044 -0.10985857266964427 
0.5589188989100412 -0.2583785447845658 0.2053696996252438 0.41935385971561184 -0.42748628671639793 
-0.7195146766480394 0.07948573266753578 0.47984422364693435 -0.6758717221355408 -0.05548447868585438 
-0.02493784277997401 -1.0912795796032886 -0.0010986434394726701 0.6917184038633346 0.13277642921673039 
-0.07911460857780454 -0.19109528296080636 0.5163428370832658 0.6612628407350575 -2.306639633305215 

