-1.121219996129853

-0.3501985182528405 -1.4516830683127289 0.15632842044668324 0.6652767145451477 -0.9886053143948462 
-0.23323771733180182 0.4821115231275757 -0.8236411889705177 0.9594317551633891 -0.9344054266893898 
-1.360041064904969 -0.3048899368040515 1.629336649493888 0.955210310408672 -0.5272939528020026 
-0.37312452634806603 1.4304033228049207 -0.09861187932504933 2.353955595638181 -0.4024044160619484 
-0.8171960546221904 1.576672027636589 0.9949203290797359 -1.836900163166501 -0.9233056971000236 

-0.22328820043874895 -1.520282148850459 0.026737158201943508 -0.13080091291726806 -0.15396712120018063 
-0.6950975818415958 -0.34766808340665495 -0.9152013464363429 0.6482859770510148 0.9113540625521561 
-0.21104647657205625 -0.7037720410666838 0.5785632625412398 1.1931113449404411 -0.8781908733078293 
-1.1042632903549203 1.9261735698258586 1.2612012391031344 -1.2031306199078353 1.1198798827123415 
0.5184095359959962 2.0126541442786494 1.7303661576288967 -0.4699111232234561 0.7627996308528815 

0.5865851300379975 0.19900554722349123 0.34749949352651804 -0.2363022644566495 0.9852348963083271 
1.1417724649837744 -0.2042721733359502 0.2128236843237785 -0.19802070861225016 0.2453210915713021 
-2.6073863404611326 -1.4134041439503222 -0.21359365197105215 -0.8199782201089856 1.4495870744453503 
-0.2741390533940657 -1.109820663817457 0.6660223823884992 -2.457220338326124 -1.406563023424407 
0.581660117661886 -0.5931347454516839 0.2875035165025284 -0.8108209227453498 0.38058561994400697 


2.315528511097651

-0.05299288684775129 0.12620110273530505 1.1406445871462865 -0.7065586519868878 1.0878609456533452 
0.30511299592289537 -1.326359867294684 0.5070632816082039 1.7776654356076016 -0.054370621320349956 
-1.1656754106371419 -0.21564404778293625 -1.6795041476072674 -0.15101499971873117 -0.3605767055407472 
-0.4159307775556747 1.8365950368155686 -0.5905179578424016 0.16708165633881156 -1.212476703944998 
0.3857377349181177 -0.26427856792368587 -0.25472750651088555 0.7309546919083559 -0.13926255562522635 

-1.547849547377384 -0.9346833135397118 0.4458312214543393 -0.3759392688586882 -2.2599938671531263 
-0.279438978536444 -0.49347203548741114 -1.4144603827500895 -1.398890148623108 -0.5981223800597095 
0.7166779116051419 1.8494621214003384 -1.4939647421888673 -0.3687402545823043 0.8689611297003511 
-1.9368219279597099 1.4368567815404076 -0.6021255273028957 -0.30660939409317867 -1.081477997840298 
1.1930385534749388 -1.2540398898504184 -1.6050268577212812 -0.2795300114613853 -1.6140739935633703 

-1.1176817171829103 2.4424882523318536 1.1443951026244994 0.22866739038671127 -0.6073965165973438 
0.6214852837722216 0.22130884903515763 -1.572874107880458 -0.7091300816933322 -2.2054793417729073 
0.9916000845715971 0.834128888963302 -0.9330022922554159 -1.1252367396097882 -1.6491779232790207 
0.21932844743485755 0.7233231889144962 -0.5514556168790921 -1.1615363426282954 0.011247887613420845 
1.3249177272984445 -1.072424573702065 0.47431188438459415 -0.11943273814225135 0.9613889782313044 


-0.49918862725713586

-1.0123818351350722 0.8290741346384831 2.3562618075916646 -0.25119473974231804 -1.3638281216816177 
-0.2020526316354225 0.3824411132522524 -0.022065038256900493 -0.1807890634417922 0.157570092056377 
-0.5816542184794797 -0.4145655591329723 -0.9543545253323413 0.5867573212126713 0.16990540878147345 
-1.0012283063446294 -0.28153259457448343 0.7062255239528217 -1.0459626905230752 0.3059459309277111 
-0.5371848473879148 0.9906419876169285 0.9945821018035511 0.23261589052670353 0.49135792257884725 

0.5113182119376212 1.4430720962977963 -0.15552430727964478 1.7596364195812246 0.44971045288243217 
-0.19046217597734758 0.7741649439184269 0.39438990959459735 1.270994850775792 -0.7437484671664467 
1.2528822611688222 -0.5914556079264252 0.9885657105669113 0.36818161136314265 0.7747006280308442 
0.33187408901441146 -0.5452527029893891 -0.1867831607087245 1.043147068662719 -2.3698778843017463 
-0.015209747478158968 -0.5584533472872246 0.4988976849920507 -1.4270680662611799 -1.17379655942385 

-0.5578724471083862 0.2246740743314175 -1.4933914766633094 0.22813223983569927 -0.25625665322708996 
1.2955055107843945 1.578949703857908 -0.18326336849985808 0.8023907328100821 1.1584055386367011 
0.5248591721711997 -0.4360736845126232 0.5099397289169049 -0.8652821742505795 1.6505161345411064 
1.447184878207274 -0.5678318465522234 -0.8552652374154007 -1.4130007720665783 1.161934736155471 
-1.9787685813132412 -0.9518394106161877 1.537865979399872 -0.42385335367220317 -0.2334271544508222 


-0.6446151707432001

1.2719174232977128 0.3376490563327003 0.14421319321455237 -0.9853384889839507 -0.9127583834472108 
0.09509958160273928 0.446997455691386 -0.1415798291758758 -0.6130120746136173 -1.021367767666213 
0.17516198294543642 0.09070966306463132 -0.9452374309875528 1.1324290231770175 0.1707020509610331 
0.8613469532608398 0.4527531168658417 1.753949248111974 0.5942138558985335 0.08212433332958732 
-1.3490419909933276 -0.7008093789957726 1.327740082552646 -1.29046889196773 -0.3068348249356701 

-0.20453269307835698 -3.517199967360705 -1.2467634789876099 0.180544252687537 -0.10826352879304753 
-0.3044992149536528 -0.5769733038829535 -0.45908662690672286 -0.9546895500816374 -1.8342695164837468 
-0.5539461658876055 0.6600584981845055 0.9856665746569239 -1.0109265836783727 0.24473908486364243 
-0.4142069010094998 1.0576398148806267 -0.8563013017455352 -0.007140788065775426 0.1979228502629363 
0.22364427164032982 -1.222430535028221 -0.6333809314547297 0.22749215786770213 0.5767356744734844 

-0.2460769849191128 1.6623430525927165 0.14000882231617529 -0.7606824095754928 1.1656000762090066 
1.5363868244538377 -1.3532909230640415 -1.0154619284575064 2.195752384397239 0.5700597280487607 
0.5184899089521978 0.008455040965600014 1.107480381508928 -0.6836085429863274 -0.9892073341964772 
-0.352851992294336 1.428089620036501 -0.054378870758729395 1.068221447778216 0.6836298412200387 
1.7341680801055244 -0.06524825363327286 1.551065235376168 2.4677781450702283 1.803751937321794 


-0.5819841318814002

-0.3815424203786769 -0.3859780802641192 1.5085373488977227 0.4066418494708019 2.0965337746779387 
-0.06414589746873849 -0.3979310796718846 -1.2929934557464269 0.9675324171022734 1.1468980561127484 
1.2653965623166956 0.4175685359067018 0.8375020050416967 0.05783223134680896 -0.006535120677445703 
-0.7934229635537602 0.32518063292193494 0.3254684916639248 -0.18252318508221616 0.4734023597722097 
-0.6742322999681869 -2.3927941687251817 0.5311145333346892 0.9443312634813431 -0.6960091369255308 

1.9843010841015662 0.6986928649715414 -1.7280626542714213 0.36529340054228565 -0.21196345355397997 
0.5411521114913898 -0.1637223634525108 0.32612773648095833 -0.3100322397737016 -0.13178692403975995 
-1.7675310374275728 0.9512441212009174 -0.6172676369195461 1.2760678447047866 -0.6965861821069155 
-0.34029637844147675 -0.37547435755707614 -0.5657509213941768 0.30803575131325067 0.8949061228964211 
0.7857764324736739 0.46865645596041855 1.1964944119132632 1.0064980097674088 0.20237607386871476 

0.29554012637141736 -0.9325207067791873 -0.9420577472821461 0.6213996165706362 -0.10823118048245868 
-0.18904883278513926 -0.059889499037300425 0.13495646110707976 -0.5593459324430183 -0.25358807384564636 
-1.3580547872550175 0.142730921110747 -0.2643761977109892 -0.421838743038877 -0.14303487452627314 
-0.0796560819997822 0.6859408246634653 1.0523263638910245 0.31163212935628254 -1.0763048353012952 
-1.3289052941205988 0.29160352481401614 1.648236917336169 -1.0138252482094274 -0.22453167739026236 


-0.7701716446424967

-0.6759503838975999 -0.4921294637014966 -0.006445060381669235 -0.2102166793975962 -1.0643425555906638 
-1.06141305734983 0.5251779392468011 2.2708623612593413 -0.22030764180847318 0.680367067428272 
-0.7733098828159422 -1.9347570119755242 -0.7117054771519292 0.30125688571323933 -0.8610922803147653 
-1.1146370503395688 -1.0641684140706575 -0.6363001856027182 -1.666693688147913 -0.48667855040698216 
-0.7681495840804718 -1.0399954907759845 0.8157311906411917 1.0403645384669562 0.6336512410273416 

1.8910610626343296 0.26267204579921727 1.707348497964386 1.0414760184772465 -0.8720962131690255 
1.541580621462957 1.3071503231684978 -0.0811060844800818 0.6804112442019477 0.537221748894593 
1.0734257890828793 -0.9690906460903262 0.5284709654112469 -0.2811217029958303 0.6269703781337062 
1.7068534913231956 0.5832142840009569 0.7207879476684467 1.5797300568837773 -2.078948753701987 
-0.010687259242155404 -1.0983124262588269 -0.9355943460860885 -0.5278703755938863 -0.2904801215149987 

0.5075582552181401 -0.5184775004750845 -0.4861258617267743 -0.777310688190548 -0.6765806542491477 
-1.7845991430633743 2.195804836253764 1.46964008197365 1.7221275386128936 0.19892453937599372 
0.3189217178552603 -0.5144032187944536 -1.9564436203281221 0.8331722891722321 1.023895653249613 
-0.8527593209107628 -0.24968155956962226 -0.055367623575300076 -0.10033173150661638 -0.163518445272707 
-0.49355736400361333 0.8151909675995681 -0.06569274958853535 -0.5273154463403266 -1.1682043517405152 


-0.723679668040472

0.018588573174244248 0.0911017644016572 0.742179112862845 -1.104432095812952 0.9200701917111468 
0.06850958459162154 0.24029138705907882 1.1495390546771846 0.6003415771646221 1.4017877077366336 
1.5279458989766064 -0.3460437554031864 0.3357009988974963 -0.6860532699160632 0.11739874651259162 
0.5495490484429993 -0.22252192808732263 0.36581414543124197 -1.1200701501740122 1.1818433512999391 
0.7407790468967075 1.0088992466026074 0.27366391056269956 0.01519885195971264 0.4305828407594504 

0.599548380714669 -0.030952011256060726 -1.18194230748936 2.2003088779949227 -1.4358540447518449 
-1.129240745399679 -1.1987314563442741 -1.2415417648329612 0.3300809781115813 -1.341130082729326 
-0.3306772162529365 -0.7379624605775765 0.17943884234436783 -0.5654429325313085 -0.27517777501445717 
-0.6358944646329469 -0.030508730113689028 0.6018811493971115 0.40294928330814234 0.8536739074176196 
-0.6764744434549482 -0.3746416202733615 1.2181766436166417 -0.5889277568895068 -0.2638766554435838 

-0.32374014617143954 -1.2662391344788202 -0.5766826285575467 -0.13639379043457228 0.9882193265420371 
0.5036739259094142 -1.156333199632381 -0.8159122058987894 -1.0192729296152347 0.5616392366260982 
-1.573643870019774 -0.08197883771600221 -0.20235392834251553 1.1908527552773231 0.5618048396458946 
-0.444818998678397 -0.03159945805827192 -0.9669623919589758 1.335115314111184 1.4053633926409241 
0.02181713191280502 0.7396800621415696 -1.0307278981826933 -0.7579673844260638 -0.25470747053470066 


-0.9092797940518559

-1.1245662652594033 -0.8440636175359615 -1.1527432855182025 1.1065443096348189 0.11115324823672361 
-0.22966948640825893 0.8965052405207665 -1.7179768632415837 0.8002462013526106 -0.17078042602160476 
1.749606865737507 -1.9046957196234813 -0.8809079809025587 0.6443194513786575 -0.294156580980301 
-0.2607518285254551 1.3966005978505762 -1.2983860253583417 -0.1735718447474482 -0.6581727177464473 
-0.04514027547330867 -0.6122376972006587 -0.1798043284317012 0.6249660984474413 1.161963640567069 

0.9984894529276336 0.7362907414889251 0.14702339817585983 0.27804446167380653 0.3509803412536031 
0.7850424384121384 0.6719866166383858 1.6844504176420307 0.9278314571835201 -0.5980385138971207 
-0.6164496682410642 1.4722545453201854 0.4245325612862141 1.1396613816099979 -1.1123007574804833 
0.17915956932802785 0.6699593208373238 0.4933617163739549 -0.10476254745365926 -0.09919170252475061 
0.32869546587485293 0.6467952006541524 -1.7166921368414554 1.3959256778610831 0.5314690096252668 

-0.945069930526555 1.2971169392205508 0.21687003922741774 0.2914956789776231 -0.35739992134481086 
1.09600826554754 0.8259369901713235 -1.107403807365665 1.5100819377897765 -1.9839452990077904 
0.6933444140079663 -0.12123642964170729 0.8142950741626839 0.6476146250821481 -0.08610028000732227 
1.9135334133879434 1.1668983667577797 0.3927292140628639 -0.6118167947866617 1.1096808106815519 
0.4820036894015778 -0.08340470426032315 -0.8310225023577936 0.6473454629720025 -0.26642477182151475 


-0.6166110711629648

-0.8919186354496794 0.4132766667986395 -0.48469401581670946 0.8649650181479035 -1.012508821615407 
-1.1990689083311514 1.9119242767751274 1.626020597354771 -1.1670706242449542 2.1903747201516994 
-0.28545838441277527 0.24877344647492586 -0.9721020268333483 0.6621778237497946 -1.1559941527953843 
1.6513094042522816 0.6953182089885588 0.7414283988165916 2.427803850609646 -0.5522816490114829 
-1.5277644100290353 -0.5385372993241712 0.8990759707204513 1.0913351544445165 0.2624852383035505 

-1.2263048005070707 -0.058811549234960375 -0.8336932150535648 -1.5912483884100033 0.14341084416639438 
1.6582215752043061 -0.19184636128780722 1.1066958846893167 -0.2392562931581257 -0.8627639932692538 
-0.6906576504859204 0.07300008630076579 -1.0453102203239502 -0.27407581819202465 -0.3607130443909046 
1.0684758104074048 -0.3301127116683427 -0.5442567913307623 -0.7029427184969099 1.0904723031861594 
0.623570644747373 0.31900354895873406 -0.8820920240739972 -0.16118577640921683 2.1087876629702307 

-2.0711703277004063 1.0678682041298313 0.006038707824706096 1.7395633090395852 -1.0324511326172148 
-0.10312967802254275 0.16064614022835474 -1.4481579818551908 -1.1483691292657092 -1.2204269521610025 
-0.4362870007150505 -3.2028841885194814 -0.2533115716234296 1.454129856186366 0.7917563911209456 
-0.8804440850417213 -1.0731063457714403 -0.0026615706144430327 -0.08094789705896997 1.8982759230066315 
0.9695342938806599 0.028973361057579146 0.15111819839142385 -0.1902651140506283 -1.0310903893266585 


-0.8481036246279346

-1.5108602613715503 -0.861340887215476 0.5456825183539549 -0.5923213111144601 0.11183816723141529 
-0.17794926320673682 -0.016918946858353833 -1.1445547706923334 -0.15080131350852077 -0.820465248755579 
-2.2616227643937252 -0.8037367861919562 -0.26216339780484543 -0.5303268544094948 -0.5182397576823303 
0.23186692278034882 -0.9354015446793981 0.11546140411458773 -0.9595174663298219 0.5089508494009919 
-0.39874605106884825 0.3318345615327628 0.3312381264821655 1.5666653014102294 0.7946594489198718 

1.9070596209334125 -0.5753379779677184 0.3370299766840236 -1.9830207680649106 0.9318817743210945 
1.0043839429681192 -1.7040905811936227 -0.4267520847353695 -0.9990530822482095 0.24140358716442945 
-1.6590640171571356 0.5735308764352062 0.20870767182689207 -3.222627375014331 -1.4702899762156891 
0.4634350949631371 0.8620290184549443 -0.22641555858927412 0.4438156474917907 1.0585163759640117 
1.359439402690942 1.1220849381412636 -0.4997687376959265 1.4879210502674036 -1.5932385675601473 

-0.11182272862640857 0.11867553218634846 -0.803882494805038 1.1637602933802256 -0.8274577714387865 
-0.3237229234138521 1.4216445859161995 0.30931934012155493 0.19221289461011742 1.209566683860805 
-0.4760560979777943 2.134712036431658 2.2024772573382965 -0.4452359800919552 1.017606693950106 
-0.810024101813538 -1.2300975966856118 -1.1865486184475487 -0.294603716319715 0.624955113642182 
0.9816526933981072 -0.462929235250808 -1.3606937162947657 -0.18969346154651678 0.48053317589738065 


-1.0898539459193706

0.164590083287245 -1.263210972128647 0.29301439376211375 -1.2938364550930086 -1.6569437023845024 
1.047255177242645 0.4599924722970035 -0.8947310982879055 1.0121331853702642 0.1351875058983536 
-2.843988699194965 0.8789523171265827 1.1539042479730788 0.2056273070957411 0.5457772351762643 
1.3159464062805888 -0.1949883758521504 -0.857469644288506 -0.34367788572314734 -1.156661042899643 
0.40923871357038344 -1.266902698121611 0.778084607482444 -0.4715280828292329 -0.4948884937484871 

-0.0011738454486236037 -0.9646439445931954 1.1722482682991084 -0.6729521484176945 0.19458737401725226 
-0.5336970113182349 0.5686967081021645 1.4280727858875273 1.0701876798117262 1.1484460286333456 
-0.1389399778713533 -0.07018599027808266 0.45335345759435225 -0.524839972425163 1.3321155185684008 
0.0012552620827674657 -1.6185665758544527 1.7167594580529884 0.9046115150852193 0.7288298322410901 
-0.7043181450864012 0.6477914346840736 0.4823669273321702 -0.7656949094016553 -1.3953606189154328 

-0.747977540937085 0.24382017170054526 -1.7450575237185635 1.8783927592136342 -0.41160403280481467 
0.03306820259534527 0.7463380588998111 -0.2480247305493776 0.248675015532885 3.147685687523707 
0.9407743230917861 1.1252912888830908 -0.4317596652128549 1.326463457759651 1.293606501657502 
-0.057770568622426015 2.1567704249934545 0.8509447185031672 -0.5692429152664898 0.14096984073471724 
0.4008344031307095 0.35846594916341545 -1.4592395336054071 -0.7892457635080082 0.8837111079467006 


-0.715537097109197

-0.45895718415590947 0.1607713216226947 -0.9712940291642463 1.4770152638304301 -1.635771223507599 
0.5078621747781481 0.35604879150134877 0.9018571350873524 1.1122504686271022 0.6387942774019579 
-0.5992467136296336 -0.3645067778934867 -0.10724473977226556 -0.598876676109232 1.2316740027645043 
1.4286151919959307 0.32158322363150266 0.5758734638025318 -0.07733205833011149 0.5257767609326086 
1.5124206802014384 1.5520945622006905 0.9927323267729153 0.1606870483826912 -1.6327909501683942 

0.5737851076260219 -0.06716034697378105 -0.05072419237631026 0.9597635529136178 1.1198827710735377 
-1.6219253819325177 -0.6486740715289532 -1.0748182588007937 0.2747077280758522 -0.36648690154312263 
1.8714706885365042 2.209988119792029 -0.5417816955026757 -1.7090048236447604 0.3753327369698801 
-0.8766280229995306 0.6535621224270597 0.65667091412316 -0.03554458998503964 -0.16037654159056963 
0.48336368548831593 0.33166290949807614 2.0913450644019353 -0.7358765508352578 -1.1072147119964468 

0.8678601843187583 0.423114884479495 -1.1925166554117101 -1.4915063206099564 0.3282074948451722 
0.13174822804030117 0.8504507049926441 0.29402434900106456 0.8148120819686322 -0.10418500918509395 
-0.2222011386533126 -1.8542358413686275 1.4659527309481741 -2.0728271475542557 2.32600230774822 
-1.6509296479280202 0.24019880412059613 0.8417012528955418 -0.39741515786834203 -0.1670646699443682 
0.2222291835420578 -0.65174889762785 -0.10364621265317067 0.6243389192048564 0.08450969204424146 


-0.7619093364678926

-0.13123013807227815 0.30271665578125684 -1.3019725114253147 -0.11077211400876635 -0.2767987427953072 
0.4225438561269238 1.3039430299142407 0.2241166625686129 -0.901533900059948 0.5850520262591992 
0.20231107553094918 -1.8420877644507352 1.0817413615118783 0.42058546132047303 0.31493327294945556 
0.44894970278367596 -0.5163414133292923 0.5696941424909918 0.4612511538435136 -1.1340860432293534 
-2.2300229929535385 -0.3194305563051349 0.03387122847068592 1.3464659841506186 1.0956094681155466 

-0.059182304739711665 0.11106793998894987 -1.052514227042361 0.7425808366524163 1.0033285665348122 
-0.2547835700567273 2.4391493248429548 1.1364110744575218 -0.48545723710205724 -1.1222313939467845 
-1.32784299375127 -0.46349023488989904 -0.7786652907246641 -0.8852874097763874 -1.8260298400971897 
-0.2516566948141255 1.3149029382386563 -1.3715235872920002 -1.0701219286722081 -2.0300248714418987 
-0.20813214807403524 -1.7581379228549165 -0.396325167322383 -1.397851225200858 1.371269405743822 

-1.5494424675871734 0.10244708101893298 -0.4239477876193035 0.6244274960491355 1.1743277707455921 
-0.07282831752180091 -0.2521068672694182 0.788262244858289 1.5794633779625502 -0.3421703075958234 
-0.8512054111250892 -0.16032854256645682 -0.4837830752623254 1.4703471896227787 0.3231801594018121 
0.8488537558101008 0.2652552364752832 -1.3013439752119027 2.1336694765149997 0.050438472703980955 
1.2017956619600152 -0.6070677136970233 -0.8294861641550049 0.9245485596257734 0.7841058117468888 


-0.8916146839064145

-1.5351689247149605 -0.3366591270201767 -0.15659767929807455 -0.046704918096267464 -2.273008151205539 
-1.9157880680727222 -1.0119436199917589 -0.5633627876939813 0.03251435995095439 -1.174329486119354 
0.4999806377833515 0.24471623481716412 -0.9803988652857588 1.8234415624198508 0.9414313372866435 
1.4285352961680196 -0.6713205477079313 0.36152444312299264 -0.3920118420880889 1.7223559262047543 
0.8556215405934465 -2.4862573557908876 -0.5390349959006968 0.5185853863553909 0.2244141605803073 

-0.3508230734359165 -1.745572384664054 0.6748772906203528 0.6632980749501814 0.10818365000821728 
1.2271303805725675 0.7202772638575764 -0.16154587106373217 -0.8247608303822264 -0.2530654460433691 
-1.8353905394891672 0.039922452661144435 0.3657482411824136 -0.7096488342396308 0.8383243436991684 
0.4673576945328315 0.47599472932200515 1.1061535555867483 -0.7077317786454315 0.30522739849368075 
-0.19851921979889417 0.10038102020851743 -0.10796105045746941 -0.7893872548922765 -1.2836109965480422 

-0.6039156716075835 -0.09105843721039183 -0.27186253264668514 -0.19019025224503555 -0.2646442542716231 
0.19122153079552642 0.23267997026874707 0.22582942785805166 0.08527660639497374 2.9446778996887697 
-0.6510583984900897 0.8648972302368763 0.6308054373733014 0.2924061573133184 1.9987904614472902 
2.0748627564913273 -0.4515820232324275 0.9947435777518912 -0.7678439811587022 0.6190065769942621 
1.5369018412100295 1.1261168733304638 -0.8425422811418449 -0.015195338576549465 0.07243462212171804 


-0.8038978227168742

-0.5581237908730597 -0.805864756991174 -0.8468418757699578 -1.3030047997135727 -1.6563078347841784 
-2.3301173352739175 -0.23459097891998 -0.5072938606355358 -1.688178341485252 -1.1122268571188232 
0.9215476736822413 -1.818902162728826 0.9420557660804555 0.16835798453699016 1.8001636918313761 
-0.4262868212034912 1.302556327034462 -0.5435385999283933 -0.9781468085313721 0.9492284688682895 
0.3758930508203571 0.5181083942411515 -0.6829493504269516 -0.23704788594790632 0.9616026264207933 

0.8077767719630089 -0.09740229395808422 0.008828756242784265 -0.34854909198969664 -0.9036680164731222 
0.603552468237653 0.7451017923740418 0.4153380037752687 -0.7391900548493382 0.8868744260256831 
1.2199413061509352 0.40407342672902813 -1.5795865582456288 2.989251378818801 1.8962499305727407 
-0.13362449464545875 2.0124569416114406 0.8233966679230496 -2.8576249922743746 -1.4056527977806639 
0.44908255940276465 0.3238827151565225 1.1965167140192237 1.9475119984032006 0.6843330964692697 

1.2608338661014908 -0.5417753387040805 -2.365100189178158 0.98605047309045 -0.5806607107006931 
-0.4144254585565819 -0.15747635591222023 -0.5677501989853845 1.618902416261101 0.01473423070411445 
-0.1554630185145648 1.0733766057186593 0.347711065765478 0.2112029791234664 0.20251194941724251 
-0.011288642665094141 -1.6831808030730757 1.1961594617453621 2.232634177537052 1.1946823800044888 
-0.15157800499347845 -0.8555409927930537 -1.029964872752291 -0.4468434562066975 -0.7860833617199194 


-0.7139323530697137

0.7853168749820402 -0.22019821626727362 1.019992237459543 0.5976411492866027 -1.2268959848795407 
-0.4246777555147631 0.6790939592201867 -1.7863905206559423 1.4510721010799636 0.4861613631582254 
-0.0997095824756939 -2.5182519892611523 1.8764927482608087 1.5724262289804158 -0.6500202922511621 
0.6490976699151202 1.8722219246640575 1.3557850753401832 0.3879285195406673 0.06389075289770205 
-0.1374156513241908 0.7819234455914182 -0.8655253929985061 0.17165093253307517 1.0451967704501461 

-0.9021883859403046 -0.3044663227536886 -0.04782156923686402 -1.2050575699665362 1.955185028747074 
-0.3409586226153591 -1.3864138957512007 0.41725006779218576 0.16771381876456232 -0.9696133618228411 
-0.23290199809846782 0.13461258921790223 0.9074003349438078 -0.5219010033907896 0.09449048767905191 
0.03140526539812837 1.0507472402112625 -1.1999905456087132 -0.5350038623669721 -0.606524780825554 
0.1477563189551247 -0.8108125686970586 0.40026297462551713 0.014791415985881167 0.5025583450996982 

0.15807217125844442 -0.7019890356916859 -0.2650771635372098 -0.12619988934849607 -0.8575679926259048 
0.40882243066454294 -0.17795280810971992 -0.2940323743990409 0.298799395012789 0.7216759008694696 
0.8153793408342574 0.1212731035848625 -0.44355911555868144 -0.5829366234423629 1.7632126227935814 
-0.06768234753908152 -1.8562158033094305 0.6209085134818604 -0.24430628928862394 0.7227101097176255 
0.29590377020745584 -0.6794145700840928 0.3554281419427463 -0.38538295842203346 -0.15341053188345516 


