-1.1493662791564376

-0.3479344958805139 -1.4540430597138434 0.1547262214127459 0.664304695895342 -0.9888118343409013 
-0.23508091178378862 0.48006305258852106 -0.822366148337058 0.9586693720310236 -0.931981913242401 
-1.359099640386491 -0.3065636459963248 1.6245470993149482 0.9535141535196302 -0.520117100457094 
-0.36935166734029795 1.4315551518037024 -0.10231793476299181 2.3553947313296537 -0.39710825803220023 
-0.8060099881926455 1.5796697584636061 0.9897044807751569 -1.8393147660215263 -0.9248829386788843 

-0.22229182696600105 -1.5226010248602773 0.02442871327180783 -0.13044457984839383 -0.15253926466448728 
-0.6974950263046189 -0.34965011578007116 -0.9160388321897366 0.6459097884911904 0.9147714732334743 
-0.21220090812279663 -0.7059630290015514 0.5722085425923583 1.190125621266248 -0.8712757020545792 
-1.1031626856625592 1.927048910221648 1.2557823918657605 -1.2002674557399235 1.1276215305511028 
0.5271598275300844 2.015049433908567 1.722402859563549 -0.4722985364275443 0.7658821936183221 

0.5876874409469336 0.19930681108799558 0.34446154506306514 -0.2382111602925257 0.9848945540800906 
1.1392793895822861 -0.20757378572112445 0.20993002632644323 -0.20034538714459113 0.24890684000843313 
-2.6099353826310483 -1.4164065662814322 -0.21922750720191278 -0.8231626359486898 1.4564806707536087 
-0.2757090445992657 -1.1107144443216188 0.6636009508136121 -2.454980225545811 -1.3998782975423225 
0.58649636717691 -0.5910810598305365 0.28307464147478234 -0.8114488237826857 0.37922027732012603 


1.737602070518348

-0.02511345787244822 0.15774310920997597 1.1415503318005784 -0.6856161524705336 1.0830820063947935 
0.28877964092348524 -1.3496260348370777 0.5036762245762916 1.777437617342487 -0.07074297329215201 
-1.2162794080239379 -0.27382803789136734 -1.702740546033645 -0.15010072576188838 -0.3864976780557387 
-0.48959959967811745 1.7796083522317319 -0.6121259899198346 0.1671439246717347 -1.2399068197766225 
0.341400200620785 -0.26439840073681375 -0.2418472212890505 0.783333196109162 -0.13345085230697404 

-1.4929118656489788 -0.9127157053710613 0.4477066712268834 -0.364744619074566 -2.2594338065560566 
-0.2890568707958403 -0.5294009739093284 -1.4143472643503596 -1.395474174845607 -0.624869829603638 
0.6888246987027531 1.7970138048655342 -1.5118743018517293 -0.3867326887375188 0.8469637533974923 
-1.9950350078618375 1.3950053738589099 -0.5970867460631263 -0.30731595995851413 -1.086775777094552 
1.1728789437971303 -1.248896184374188 -1.593031157870016 -0.29007647143809046 -1.6508908458400264 

-1.090714997057891 2.4445022928770515 1.1221252626098928 0.21966466566626505 -0.648863492951397 
0.6061485367153852 0.196781931863256 -1.5464189149123007 -0.6930118850973653 -2.2506134853769697 
0.9681033506131245 0.8122530680559694 -0.930697540026281 -1.1217546262026477 -1.6648792141203632 
0.17192658872334135 0.701326213846963 -0.5473702118260708 -1.153449800433946 -0.006090979854126324 
1.3016545888316065 -1.0559109890810032 0.497528848911074 -0.08798374358160804 0.9264477583200219 


-0.5978846767811457

-1.009904439193886 0.8281445063068509 2.3550475570698697 -0.26157045986973226 -1.3693276277758637 
-0.19163152518331386 0.3932956618739945 -0.018825174839552067 -0.18634257247410171 0.16365104811461464 
-0.5701078797495074 -0.4052853228198375 -0.9573888660350324 0.5809924189116656 0.1680623405013792 
-0.9929894399718443 -0.2838325013674679 0.6984928001456852 -1.0450192659280393 0.30454086363373134 
-0.5277717353989452 0.996092968797968 0.9902196861367388 0.2366093051748283 0.4905102742661885 

0.5165995887913931 1.4414097780349782 -0.15957035875387426 1.7500056291042514 0.44748881201219326 
-0.18036084049976472 0.7854630716871495 0.3881960167432746 1.2615211910132262 -0.7385586634271198 
1.2587238472078184 -0.5782078136036362 0.9876055045763347 0.37185760257961725 0.7770714239489503 
0.34056269733888267 -0.5462405365120506 -0.19566487223165882 1.0454009269434623 -2.363934993163833 
-0.0032263747402554747 -0.558174814868243 0.48518848285475014 -1.4333280470112815 -1.1713955035452779 

-0.548281753709095 0.2282295290695315 -1.4960070009794417 0.22291075673110192 -0.25067888254020576 
1.3010857516822172 1.5822925020885357 -0.19651606367109872 0.7885680255329177 1.162314591765622 
0.535455193698136 -0.4235557363648314 0.5036904344957766 -0.8709061466342034 1.6530290119261684 
1.456174107827432 -0.5694747023839735 -0.8660982287964711 -1.4143266040989908 1.1645803036128366 
-1.9737863930310957 -0.955562297348607 1.5206889402045476 -0.43004591461138064 -0.23123776653953892 


-0.7396851015285624

1.2723254356592293 0.34066559680495295 0.14133082341456085 -0.9864839176348246 -0.908270266208038 
0.09642165078203482 0.4505230834335916 -0.13822419310815168 -0.6147223301527803 -1.0144536897417995 
0.18057546991949777 0.09207700809528951 -0.9418363230182927 1.1324939712552715 0.1787572673463666 
0.8588717967811078 0.44320749786905944 1.7506316213460749 0.5919199071527463 0.07884318057493181 
-1.352677873399155 -0.7052004237884508 1.3245695463598033 -1.2921717342299888 -0.31027300905244826 

-0.20419046178097788 -3.5089567787792606 -1.2416946451524131 0.18296750360454925 -0.10387181774732729 
-0.3050899309457568 -0.573726515038781 -0.45299082461413187 -0.9533315706145263 -1.8280385578300127 
-0.5537969797601293 0.6548732339825488 0.985679123584978 -1.0137794824494457 0.24457046884777173 
-0.42036654095108045 1.046060228192117 -0.8570005880183045 -0.01022824099265047 0.19092262150209072 
0.21856881927075325 -1.2271958119892175 -0.630957931591078 0.2286203670722197 0.5732885711794797 

-0.24791513769815413 1.6672622140085318 0.1404871029193111 -0.7599466690692507 1.1670603150613608 
1.5333785481369868 -1.3504781570879274 -1.011597881703166 2.194358158145669 0.5767342506181768 
0.5145745754321385 0.0015893224552362235 1.107537963163549 -0.6921076842331993 -0.987530454461216 
-0.3603736732841947 1.4151581992157412 -0.0518986828778016 1.0661118301700785 0.6764802826428377 
1.7292286009620845 -0.07287872276413335 1.5547419483090072 2.4727489111297367 1.802301241192652 


-0.6951528087921363

-0.3780295276977958 -0.3889139622924814 1.5066319507350237 0.4034107168389123 2.091974691666354 
-0.05662908060945042 -0.3995760366101444 -1.2944958377953149 0.9658935755237852 1.1440419400562232 
1.272718214609249 0.40854822793782947 0.8273589803107413 0.056756430984829055 -0.005888638004481322 
-0.7882752215074889 0.31757771332574974 0.31215489345197234 -0.17826856014013012 0.48267074710036706 
-0.6674000840320269 -2.3981861599812455 0.5193331196446431 0.9432490915324321 -0.6912324764216355 

1.9835423160378898 0.6968640187799346 -1.7291525323571868 0.36369701126104087 -0.21541069202307192 
0.5419608741789892 -0.16933792994444896 0.32635721693693415 -0.3104571870072431 -0.12854829500015924 
-1.7644274722661992 0.9422497021487741 -0.6228225363399199 1.2721394350803208 -0.7015684096853281 
-0.3349535322296673 -0.3814276153035688 -0.5749930384634212 0.30766399704439157 0.9000542466121403 
0.7936372840204763 0.469951403579277 1.188342536302585 1.0048694075311047 0.20817534065275048 

0.29866058572669735 -0.9325812638671129 -0.9453523419785909 0.6137707161383988 -0.11614778626050994 
-0.18060784490533777 -0.06222675966663474 0.13514977862491037 -0.5646804934144977 -0.25889125583106193 
-1.352670375520986 0.1389434213381571 -0.2691560125136027 -0.4268834967779391 -0.14637780795300498 
-0.07635951784889174 0.6801651507399824 1.0442741373188424 0.31058307877659325 -1.0727408161661274 
-1.3193869560470137 0.2857611379657398 1.644036604598724 -1.0126464897983822 -0.22195529143804818 


-0.848470375977548

-0.6799587493939235 -0.4931397160845782 -0.015196129153595231 -0.21471974442236483 -1.066154317241041 
-1.060134535380364 0.5173422831654465 2.267651610775286 -0.21698595533264617 0.6811215212506352 
-0.7708437778488215 -1.9337574672167475 -0.7025120654516881 0.30363571487519525 -0.8652287486811998 
-1.1110859094088075 -1.059217546214671 -0.6332367998020505 -1.6650894254528006 -0.48338417631885877 
-0.7683989963155025 -1.0374081802831223 0.809839149378991 1.0407938004005848 0.6446286414870581 

1.888873435305632 0.262788624781109 1.7007740193014875 1.0400680803579878 -0.8700975003637966 
1.538672789868685 1.3000578951627513 -0.0839368558216288 0.6839852703600661 0.541651322680254 
1.0712172567064164 -0.9677456104383902 0.536650001695394 -0.2809745036012289 0.6213619896339997 
1.7089470588579794 0.5918738218694906 0.7222625931938036 1.5796074763703407 -2.078357485939391 
-0.010586503654050061 -1.0930655155508093 -0.9410141054109521 -0.5285415224189847 -0.2850843477929295 

0.5040522742517767 -0.5181923335629707 -0.49131138396857077 -0.7787989258506945 -0.6754813033671587 
-1.7918109025481683 2.1878956138499555 1.4685677017596648 1.7254425170159784 0.2035823599832335 
0.3179039188872064 -0.5099759489384036 -1.9495315500894665 0.8289134552707931 1.0148535860567596 
-0.8527357456470664 -0.24358094441164205 -0.05604265721546406 -0.10245737569900172 -0.1656083650827326 
-0.49969373043286935 0.8145508227017355 -0.07007163812988988 -0.5213854219203857 -1.1581887553130932 


-0.764582637403031

0.018974579049443472 0.09466960908046948 0.7428093986608418 -1.103585586715083 0.9202991442047924 
0.07266150196099948 0.2482159555772005 1.151024860533126 0.5970916966642101 1.3957475136374087 
1.5337826129301226 -0.33915824374367826 0.3397829805274647 -0.6835885705382452 0.11665076767495895 
0.5497150728522979 -0.22498074671036644 0.36685455142735035 -1.1226453366609124 1.1800546066677613 
0.7388174301420575 1.0046289430954793 0.2700074031868585 0.011506746688636722 0.4303232832114118 

0.6006491848392521 -0.03237501102748549 -1.1828196171443655 2.2039863777807183 -1.435602661241697 
-1.128083316578345 -1.2003213734741571 -1.2425815699231921 0.33346988498824526 -1.3434261464550499 
-0.3266923546925616 -0.7380444782048523 0.17473745586841896 -0.5646510249053366 -0.27569877568378776 
-0.6349485831881123 -0.034071164948317315 0.5982879645764684 0.40073607658120325 0.8520868624696905 
-0.6759884968515432 -0.37506339965417557 1.2145644281834276 -0.5899418150532152 -0.2594075174175094 

-0.3209243169562545 -1.2663454448908587 -0.5739838196229277 -0.13297898571113861 0.9867829418514446 
0.5042843626285021 -1.1570977136076337 -0.818693536153492 -1.02093532467381 0.5540683459429233 
-1.5713351545392351 -0.08042335687390494 -0.20648406842290093 1.1905043734969019 0.5592990885820666 
-0.44423669206902855 -0.033269800863974706 -0.9683301072408417 1.3323510275048474 1.4027346236453548 
0.02077554519072068 0.7377305729706235 -1.0305882667229163 -0.7560926601737131 -0.24962794458109666 


-0.9461795911151971

-1.1278379100675056 -0.8436746737116596 -1.1498952735507328 1.1058408423271204 0.10913665126280728 
-0.22625834457993693 0.9009061475832705 -1.7167367917864822 0.7964010109229969 -0.1724286585091386 
1.7506278153805668 -1.9042056530589735 -0.8788121396700963 0.6393654168354932 -0.29596419002503 
-0.2642073696858684 1.3959275826555209 -1.2961023544841563 -0.17136014068609068 -0.6551528261936976 
-0.048693622058770966 -0.6113364962491779 -0.1802891363604455 0.6229697581827933 1.157596363958588 

0.9946230343618978 0.7378837738970497 0.14763658128253804 0.2760081748630229 0.3509005247792082 
0.7876628761292035 0.6762328650436966 1.682029488503542 0.9242725823704007 -0.5981625406937113 
-0.6160352305527363 1.4727016756670355 0.42579526398885154 1.1338541052101072 -1.1157307256672822 
0.1728211195562966 0.6682355611469644 0.4962647619832465 -0.10274568513930138 -0.09778652381964642 
0.3234826751991958 0.6480724081831585 -1.715862263430367 1.3950444430920543 0.5275373419298629 

-0.948962779351026 1.297055105916146 0.21922901423295885 0.29004806372427827 -0.3575430813517108 
1.0963391783844418 0.8274024670679451 -1.1086759799028678 1.5082737548702734 -1.984197105276167 
0.6916985445384434 -0.12149136067420219 0.8156640876230659 0.6428322386602444 -0.09090634968928657 
1.9064088535069348 1.166190381025367 0.396309826983547 -0.6108797213679218 1.1098029136369667 
0.4742219204037569 -0.0814431551450004 -0.8273851135348584 0.6474505712927614 -0.26956961122932316 


-0.6994054455499774

-0.8781378282096687 0.4201868671600315 -0.4852911794195794 0.8662064708190496 -1.0111426071962724 
-1.1885710438468562 1.9108674932754648 1.6195094394540352 -1.1695918314957612 2.179866555150794 
-0.2816532978472784 0.2473444011304977 -0.962646269847283 0.6734818151183951 -1.1579935473575897 
1.653601189019844 0.6936678025554422 0.7474352359923583 2.4291047597240443 -0.5512370395107176 
-1.5272661007522192 -0.5414572943917614 0.8991355196774485 1.1011166374678447 0.2683419189074786 

-1.2140857791720754 -0.05312739984203931 -0.836372607848719 -1.5900044493237424 0.1452654719593357 
1.6682664211043376 -0.1840907823005268 1.10048356675567 -0.24356446122468225 -0.87030551619701 
-0.6838908829205508 0.08124995865336725 -1.0479191272779644 -0.27807470849216065 -0.36517581519187814 
1.0688465434276189 -0.32477709733907395 -0.5472338779502738 -0.7135782324444586 1.089783421525898 
0.6252211248735696 0.3183011217093965 -0.8846056222526247 -0.1592995804201771 2.107072972143173 

-2.060611760650733 1.0698077033753721 3.0158611866058744E-4 1.7352942782094765 -1.031894863087334 
-0.08891896822699251 0.17199946797014637 -1.4550070054791548 -1.1519281128997374 -1.2246781753876386 
-0.427005691287557 -3.1895228665569926 -0.2538717467283838 1.45190281678455 0.7883791288285386 
-0.8787925036856761 -1.0608182660711973 -0.0013816103619682478 -0.09533456655393263 1.898236912228944 
0.9643127206830553 0.023282355058189794 0.1493516134634656 -0.19512938183027445 -1.0330012994292133 


-0.9458538911570612

-1.5120862105929211 -0.8614584405674875 0.5455851217850669 -0.5914372310050161 0.11309321642007802 
-0.1778777193777258 -0.01778889625563227 -1.1435777475866526 -0.1497038423177373 -0.8241081982061063 
-2.2566203476585898 -0.8015065789896889 -0.2567493606054972 -0.5235360315370104 -0.5167890921600387 
0.23469121653225497 -0.9364500495539534 0.12060079772125122 -0.9657060534199258 0.5025419667392959 
-0.39895655111325673 0.33342972527492565 0.3321280064835334 1.5580131050583386 0.7923587476942248 

1.904997906748537 -0.5778527233014611 0.3343392569604073 -1.9829665339881457 0.9309178122214662 
1.0082272722237267 -1.703253324184198 -0.42382051495900297 -0.9900197504506527 0.2461379407082797 
-1.6510741764576689 0.5750121540921028 0.21567449511662717 -3.2133387102213176 -1.4690961741813364 
0.4617206856284178 0.8573771925221048 -0.21912090806716042 0.4415850860753454 1.0488022895996678 
1.3580192884763629 1.1198898076947388 -0.5006563936953188 1.4837857296106214 -1.5910489256791853 

-0.11319455487032018 0.11849715356536446 -0.8038253782552477 1.1635761478431548 -0.8304044924387042 
-0.32015543014934217 1.4204569579256834 0.31297906069490666 0.1990513960646915 1.2107717658394288 
-0.46918929055431374 2.1334805515246855 2.2084837166067945 -0.438374067468958 1.019961357306937 
-0.8110957455528135 -1.2355416297882118 -1.1831536807818672 -0.299484731093642 0.6154550057566978 
0.9789754610236361 -0.4622957771787426 -1.357213356009341 -0.19440187535765463 0.4818039406190683 


-1.02779136481016

0.16407589123982375 -1.2624948158292864 0.2900778602770898 -1.2982118171850687 -1.66198872504157 
1.0444878136996862 0.4650455202832833 -0.8899344141270166 1.0185434540301939 0.14129109924719666 
-2.8446207921457596 0.8813775379350872 1.1567669935906302 0.2087632042166925 0.5477958027634728 
1.3156098090591 -0.20091816425238238 -0.859292194437544 -0.34655182382515004 -1.1566104841835718 
0.40735850508292415 -1.2713439294201632 0.7798623672778138 -0.4723327113935267 -0.4915183532380017 

-1.7500379636070347E-4 -0.963611655975214 1.1685200566882472 -0.6772609304271113 0.19199458258090546 
-0.5356817958471001 0.572903762925649 1.4309966125782223 1.0757589264650986 1.1561681061426308 
-0.1393457706218484 -0.06726939354130179 0.45654083456061556 -0.5222887980963407 1.3336248389822858 
5.6399590684680815E-5 -1.6242003779270113 1.7154202985488627 0.9015253125110225 0.7275340521833766 
-0.705384532316908 0.6448133848214154 0.4827350403574573 -0.7669991802113366 -1.3933491060121352 

-0.7485219772790026 0.24514889490492786 -1.7482445440485606 1.8761193765164592 -0.415228239001887 
0.031018468899406366 0.7520437558990352 -0.24623808658020852 0.2549076506142968 3.1569299512923124 
0.9396826908164712 1.1273083612517247 -0.430771828582669 1.3276190016886589 1.2967058417223152 
-0.058845106583673604 2.1501358165302364 0.8465059326092345 -0.5742156799827238 0.14118031288083618 
0.40073528835649447 0.35487886206777813 -1.459944665482094 -0.7915200853208276 0.8858787884125162 


-0.6600430859429655

-0.46084538757540494 0.15651515912161185 -0.9685328523735545 1.4777955823322189 -1.6355376849019267 
0.5047592620652842 0.3505816085030471 0.912068136802418 1.1169929730366581 0.6365831294727177 
-0.6042122724725132 -0.3706063621320023 -0.09394665850778762 -0.6030549243780261 1.2239714542457263 
1.4279547910394892 0.3160568504169384 0.5827945032733863 -0.07757373563040497 0.5287765059642582 
1.5184575954909199 1.5490785042413968 0.9998545073748375 0.15720006626285551 -1.6346572536669923 

0.5717512829201521 -0.07253264779625679 -0.052306811467972406 0.9597752439766984 1.119961706659791 
-1.6256021201494946 -0.658088761858141 -1.0723357353476315 0.2779123819594909 -0.36194396162705667 
1.8666332266205314 2.20234593085024 -0.5365486979164854 -1.7133965561237214 0.37929250667405495 
-0.878380915769482 0.6514757566162056 0.6600756264910793 -0.0448912996273739 -0.16061063208064918 
0.48950098455018487 0.3357206946009265 2.0954918993695064 -0.7433491007837484 -1.1054221903322814 

0.8669702092419106 0.41554504144181786 -1.1903361034876856 -1.4935356112573297 0.32759043030308166 
0.12616963341540385 0.8413510462539968 0.29832912701033726 0.814771011458689 -0.10402601540191236 
-0.2255688233575208 -1.8554274214106754 1.4764324545233305 -2.0765901450021187 2.330148209543258 
-1.6515025188553576 0.23904043122800359 0.8453282233669491 -0.40792643990529603 -0.16824098202585558 
0.22661342653376731 -0.649361680145248 -0.09906119408408172 0.6125730420239092 0.08536052942530904 


-0.7202689683482335

-0.13551474397709165 0.298112592641412 -1.3096435065049776 -0.11326829006741498 -0.28316549505899086 
0.4158266609380161 1.3003692115235392 0.21803030772178766 -0.901197193148657 0.5886818687342631 
0.19222607407596798 -1.8440697967070603 1.0803026717957884 0.4213607520454135 0.3168419796012961 
0.4448037993552728 -0.5179635147951505 0.5641258052469946 0.461088812623203 -1.1321337432534664 
-2.2371716706671023 -0.317390431495425 0.044579152910547114 1.3537887881324409 1.099253913231367 

-0.06028390743553045 0.10673244935370639 -1.0613806573598636 0.7373895966279131 0.9986447470160604 
-0.2570134863378503 2.437524929754179 1.130403660706055 -0.4867866132236823 -1.113176723915594 
-1.3394822430887012 -0.4673413114257889 -0.7847383629832863 -0.8925876227913353 -1.8295667420993618 
-0.25796568477776816 1.318049148019906 -1.3672789642867704 -1.0741917934730296 -2.033284688829419 
-0.21298006967123756 -1.7519577621840063 -0.38378690715219377 -1.398863510740385 1.3732304846938814 

-1.5471510014944434 0.10501454595460934 -0.4299131979600347 0.619999292916374 1.166792883624054 
-0.0744962736643394 -0.2585727174674446 0.7786003543227223 1.5769558177183118 -0.33442928836530206 
-0.8574336443775141 -0.16571269229546573 -0.49017802416667 1.4651906233975516 0.3296302326172837 
0.8530885249711306 0.26994732199329297 -1.2995401823287582 2.131868894371199 0.04934602406065056 
1.2038402169892772 -0.5974726673067073 -0.8199065547275508 0.9290346087171041 0.785566817314257 


-0.8463874721737674

-1.5350517344239059 -0.3395927598900362 -0.15853702708799638 -0.052280930190330074 -2.2810469340863224 
-1.9197512032272877 -1.0141851216960636 -0.5613205914085108 0.03342464085106025 -1.1779255725677706 
0.49748490647865135 0.24282367210247643 -0.9801566421838448 1.8230016791015653 0.9421271908552666 
1.4303507120093486 -0.6705569467609339 0.360297142120975 -0.3930804733325416 1.7233050216879713 
0.854620916221289 -2.483928010174298 -0.5354663270211427 0.5210253288487389 0.23421025779487062 

-0.3471040057510008 -1.7464739168901484 0.6711536606761461 0.6629956347908359 0.10372690765589145 
1.2220799619649168 0.7168885254003503 -0.16088668140706602 -0.8239074549552826 -0.25133443941312883 
-1.8374936938827189 0.03848080811832943 0.3655190897104065 -0.7135258214972254 0.8405781831569669 
0.4672640222208466 0.4822872158465121 1.1091723479917108 -0.7112786078542485 0.3036155663436678 
-0.1980525105290027 0.10906155584942998 -0.10401362043785813 -0.792249635075634 -1.2820028044290985 

-0.6038489369838028 -0.09294547801659007 -0.276248409118731 -0.19296244360814915 -0.26761322171535695 
0.18350230175463023 0.2293803263347672 0.22861985691266964 0.08471142212043246 2.945696195331979 
-0.6550202672705626 0.8680454741335109 0.6329951572706067 0.28436811449862537 1.9979745576401207 
2.07343730887249 -0.4399741739042794 0.9997516807648816 -0.7741481941454728 0.6180320783769435 
1.5400029833656952 1.1371111783013406 -0.8346725842976397 -0.01652684527181187 0.0772689027659221 


-0.7896371906944021

-0.5553684223630685 -0.8101872313203361 -0.8575626936919059 -1.3128849413969896 -1.6643369418876388 
-2.32589756723829 -0.23229275189027304 -0.5045170876316465 -1.6859549216290166 -1.1053799451502258 
0.923590899891782 -1.824745811687316 0.940830359192715 0.1753249622272273 1.809969562318086 
-0.42704235639454424 1.2946461773357836 -0.5464301001243468 -0.9767744303899254 0.9491660858761464 
0.37867348274066875 0.5223003646407565 -0.6843756514438488 -0.23743994849482095 0.9673615532295557 

0.8121658231349728 -0.09790564221703875 1.1242200604497455E-4 -0.35767262584983905 -0.9090104220416041 
0.6075106399181905 0.7510030413454429 0.41891898747306744 -0.7410069682800281 0.8892547708698821 
1.2193065041255735 0.40412663193274 -1.5770852253634708 3.0000252503415346 1.908472809806363 
-0.13306890854426276 2.008147809902542 0.8194992133985981 -2.8555177617193928 -1.4017483998390825 
0.4519299330884389 0.32705333624617366 1.19349087573075 1.9409980696292364 0.6858226885174077 

1.2604462287052691 -0.539894038766523 -2.3754253681580275 0.9695189790169976 -0.5924066635266069 
-0.4111729309241604 -0.1467228133960236 -0.5626385488384087 1.6137724368975244 0.01491957323191779 
-0.15610275790878148 1.0752339912302127 0.3484830367873092 0.21669077481692112 0.2122508489993415 
-0.012274164422666343 -1.6885764782703276 1.1954774138773827 2.2346662008943827 1.1993308862284844 
-0.1492957280135973 -0.8515486475779503 -1.028673741533246 -0.4498281359968344 -0.7847264388485531 


-0.7320174300935223

0.7863127113080978 -0.22449818903060637 1.0187108329742935 0.5965936234630379 -1.2288595363168748 
-0.4251673501250284 0.6784234880482967 -1.7864751531243286 1.44989210150983 0.4836885289106259 
-0.0999261936063555 -2.5146854505628977 1.8756260097541493 1.5678652853457633 -0.6452901740229029 
0.64936787126083 1.869361741098321 1.3525246041016863 0.3891153062996611 0.06901720007365952 
-0.13696112090844656 0.7759855866948137 -0.8679611792252259 0.1724071051789948 1.0453035007756621 

-0.9014244315036833 -0.3044880756657159 -0.04824436474739445 -1.2060743092091837 1.9531879023895773 
-0.3406375314862307 -1.385144746941072 0.41785539174300695 0.16701313103607132 -0.9716018250151888 
-0.23317125288556606 0.13688051654131886 0.905183587586147 -0.5240753166232207 0.09816898455089719 
0.03143217274713649 1.0501248301153006 -1.2032167164319185 -0.5307751977823811 -0.6054939918932511 
0.1487002097054163 -0.8122993424899364 0.3989853771482773 0.017674360745269357 0.5023556133497106 

0.15926094898458407 -0.7013473540043347 -0.2658804499128767 -0.12795531863095896 -0.8595377627209198 
0.40963750468638355 -0.1766050573610307 -0.2941112453915866 0.2961511382942262 0.7177988291794245 
0.8161799704743292 0.12368280314057985 -0.4434052620866126 -0.584995373651662 1.7666680779826347 
-0.06719815352064934 -1.8575615029680026 0.6203085458543594 -0.24097622767970214 0.7235125277269678 
0.29532326726574926 -0.6826913545841262 0.3541534664413925 -0.3814740441174833 -0.15336664913746306 


