2.7597886522315405E-4
1.4603283542697334 -0.22158758463783174 -0.721018503033909 0.1181272201780014 0.21309601948998824 
0.053443558762329056 -1.5354604453399723 -0.5195653081929317 -0.054614846486146486 0.15855856411898642 
-0.06603990257914433 -1.0267993031284819 1.1248591653799522 -1.3274647416963377 0.1593288645948562 
0.1381833460842527 -1.0703702000985234 0.9859982704904466 -1.0337802588559146 -0.39463942568897703 
0.5429408267105631 1.0214384025317853 1.046312122529129 -0.10400013306779869 -0.5032754092782575 

-0.012945384875500796
0.4861571484764732 -1.6134036308582986 -0.6058601614931722 0.16963960423100324 0.36921052893631773 
-0.2431583121676974 -0.4205689863498289 0.30879432176468735 0.9681169103833589 -1.30690515839367 
-0.9269556295816205 0.49647856028218346 -0.37175990760449695 1.0767656747043584 -1.3755505863488977 
0.8661289456271153 -0.24235994011387554 -0.11729197474292087 0.22565516695695464 -0.8227878506449502 
-0.12435177614910088 -0.21725463052945107 -0.7205479352843834 1.3075781178466603 -0.6234451950184388 

-0.00889468947340674
-0.917136204992214 -1.5574775944830959 0.002616120240876399 1.8905204926763262 -0.6156207356428407 
1.8961389631332297 0.3880197331654749 -0.34826681848971125 -0.9219069170622495 -0.9712869412892472 
-0.11545900273433089 -0.8964515341857299 -0.4496470971212032 1.3027380007589355 -1.4955292956459052 
-0.5080248475279888 0.5034056316707761 0.1519966186153109 0.24985225354356924 0.47655448804859596 
-0.7970243368896347 -0.6052156073015069 0.3458330768210342 0.5932716347074111 -1.9425787943914643 

-0.027786912984972933
0.10541651092333452 0.21983852949510804 -0.6571737161512005 -1.8443884094306773 1.0985825943240484 
0.0020696400057533975 -0.6327775907998069 -0.6232099949627797 0.279766555594511 0.2733938238037305 
-0.5708560704229505 -0.3217165332036225 -0.26500919253900823 0.29838042515756236 -0.7907846599400951 
-1.3827801512849534 -1.023006936583303 -0.018769897232301082 1.7385526058458154 -0.2914789955547029 
1.6225795765400781 0.8533808064535287 0.08224160558832777 -1.8051597584905426 0.19642353192875098 

-0.024424558921996433
-0.5488583634958725 -1.3071444313478886 0.7711396318023134 0.6806452880878838 -0.1345555546671916 
1.2119069732871088 0.21726996888846245 -2.0840907611138335 0.6366534419808138 -0.05097660981458769 
-2.06643075394374 1.0932432436662012 -2.25690773251751 0.7214478840100852 -0.8042545920902271 
-1.291026175703486 -0.5772877190050044 -0.6845977652949589 -0.24712008014608258 -0.2480815274998348 
0.879264352334655 0.6211198741350916 0.3261279756434014 -0.02809103971239525 0.36332955777225007 

-0.01346065743442722
0.31702696687524967 0.6494569127605639 -0.15968044591254135 1.2164017796383744 -1.9789294811685154 
-0.27572926468588277 0.7205537292488997 -0.2127070626620326 -0.012862549411663069 -0.25926751346782423 
-0.6938241895759637 0.7437645520968504 0.48348279992003107 -0.36388912583837973 -0.5983575549548883 
-1.5562379116017393 -1.6912890362786832 -0.5239139890869376 0.07592568734390628 0.962229774979082 
-0.33518242604877196 0.06859127840960702 0.5211094734351026 -1.1758386893424109 0.5166446249800941 

-0.013006555618938624
0.5422519586836463 0.19525303020651216 -1.0592238920490669 0.34649976678305133 0.21183597023196649 
-0.003907166807955327 0.7322718220197582 0.960866566749165 -0.23760270966750244 0.008459933620229383 
-0.8189498459280616 -0.7047989759522111 -0.06595367792946862 0.18471503955470336 -0.7677719494943409 
-0.5066453401910647 0.3703742026101616 -1.4187207361676146 0.43831310915568256 -0.3372193481355388 
0.2646866637001919 0.5793508001480273 0.8937283947304621 -3.1049954636363886 -0.12796232561681142 

-0.020805520955921385
-0.6079050118130328 0.20699080179375146 -0.7549073059691841 1.026068147137971 -1.3686500495530565 
-0.1132768291600935 0.5932354883024719 -0.47347555946233805 -0.1372331481799994 0.15473959518917965 
1.1083665539143603 -0.00259912075659366 0.5944881829743728 -0.7167345206283801 1.1801079461739976 
-1.5171377186108503 0.8385613640524218 -1.5039600744556814 0.8622107287514191 -0.627576507525552 
-0.483612751150061 0.030590216728166846 -1.733529925678831 1.5622669802493254 -1.0859726726128507 

0.010217376074852035
0.11410370860680895 -0.5586180150959669 -0.562490780339884 -0.49560215583997724 0.46159136725207833 
0.6496212353330807 1.1331340887547576 -1.091475512075406 0.09309997356161011 0.11883903672109793 
-0.8560317885803238 -0.3688835315932602 0.47686859159056344 1.0196637329780616 -0.3622242997819468 
-0.842004230011064 -0.3727758818752624 -1.7735017854497466 0.4110593531164315 -0.7767557758966899 
-0.0316900671522617 -1.1548460259002764 0.5639476887919129 -1.0556527786137189 0.01873321245444928 

-0.016634134958446966
0.18255566171387275 0.7738245954093759 -0.9084409768339888 -0.770747695575449 -1.0325188392228701 
-1.2531602158892627 1.034508427145396 0.17446864682517532 -0.6745982330652038 -0.12180685064368656 
-0.30738763378622125 -0.08042801597264163 -0.40731605944351157 -0.3211422477019073 1.639589575110364 
-0.5039187518409318 0.845082431502332 -0.3501553025908125 -0.3501456826861547 0.3681682073099293 
-1.3025111758043952 -0.8912912691988143 0.14544714694556607 -0.34128865571047845 -1.2833079070549214 

8.499997696603364E-4
-0.5037709380856138 1.67544309595346 -0.28489293900506707 0.29567463149571444 -0.20372372225786636 
0.2795561516358277 0.33617410316578417 -1.3812642198367133 -0.6374412655833768 -0.23653288540558737 
0.24711074969118293 -0.5312287125045092 0.460693288444589 -0.04747395305123629 -1.6767203805897621 
-0.5069066975639958 1.3950438218614079 -0.14890090121561933 0.4166969746246762 1.0896086254457538 
0.3697599198479906 -1.1290041818672871 0.001219358044181828 -0.47794829742853123 -0.49532644230083045 

0.020914292736532187
-1.305828771240258 -0.6649185691453176 -0.27500189617529136 0.2301898635566064 1.8278598441032328 
0.8156015052009326 -0.04558344154450942 -0.6498417775320849 -1.2039788153503406 -0.28603258483492333 
-1.033315465128679 0.6614365009121248 0.5959074846011924 1.5479799311263982 -0.4033353370931449 
-0.19513564986979984 0.7447663881798172 0.048962954948303994 -0.12858069023653065 -0.4977201391490325 
0.5863191776507678 -0.8020280293524188 -2.2773942524364923 0.5429738096248611 -1.1283155211895934 

-0.038228077480818
-0.6188426492414685 0.5537747607194988 -0.05404907861148333 -0.7688165852920577 0.37715040458026017 
-0.032806654015778126 0.34350969098055445 0.1732548449076553 -1.0153966989588206 0.6194309970707973 
1.4391030828690587 -0.15835357496220087 -0.6535926991861646 -0.2291380551460421 -2.056165198121431 
-1.4852183095115383 0.8234284995680075 -0.4381129229671231 1.2321371981068823 -0.739232007575154 
-1.5011899899497723 -0.6493832382373614 -1.08705021036759 0.5498725905870162 0.15757047222975704 

-0.001863632755380176
-1.0201203708856876 0.8735230716582038 0.7134612782031474 -2.0041497985563153 0.702898995673337 
0.6211257972849182 -0.10747532608277756 0.13674744520878904 -1.8899380902326068 -0.47273355533086 
-1.9053355258647633 2.61614168760813 -0.7231160516369247 -0.6060806933719955 -0.38339153334429027 
-0.6512352533237397 -0.4164618085934152 0.22499185864863386 -0.6306245807815838 1.4773784342674101 
0.8885822841549339 0.07582975608626606 -0.5649352264061417 -0.8608578886725535 -0.15970259006500873 

-0.017575863165738392
0.13621633249670642 -0.2936526140554942 -1.583436489621256 0.6438979730185326 0.9225877103212953 
1.6245652637597845 -1.1524365959941494 -1.980467896087869 0.07871588936430549 0.3517465148930376 
0.8983346102393351 -1.5768163121775092 -0.28841321539670967 0.2822537809600438 1.039461237807986 
-0.7124906751612284 0.507351397006984 -0.26587721465482694 -0.6366665988358317 -1.5935935828622485 
1.4121604010015818 -1.209468898956631 1.2709846459070078 -0.2612821172387775 -0.8394752487798425 

0.004185287698794455
-0.4179256185543292 0.9256448472407885 -0.5860640771501773 0.40191470105893434 -0.09602207938008338 
0.5621081115434373 -0.1972728413045738 0.22006925664181265 0.32724763415427643 -0.43399774715086537 
-0.7200375341077708 0.14361377352516813 0.57078263037214 -0.633762310035456 0.10992738150971298 
-0.030628956711236388 -1.0715735095344998 0.03097488128305737 0.7534565316190054 0.1891309944485826 
-0.07818163805051245 -0.1748317387821167 0.5331707743229713 0.6867097926419005 -2.3387807647465104 

