-0.06665112631106859
0.5665824281356104 1.024984450991369 0.1255423473163118 -0.5355517397739187 -1.3002701831609413 
1.6486977919015346 0.25885001111358813 0.680136188737844 0.035811972993075786 -1.7836081048248427 
-0.45281223347480204 -3.2765682472790876 0.12288688651746832 -0.8004768201299395 0.9253499830465208 
-1.018367743691153 0.827864517928717 -1.4910018123843065 0.9642145187084585 0.1546207870545944 
-1.4959976225624998 -1.2415188778473538 -0.14557035109133276 0.6340586885128437 0.03560650831735184 

-0.053415482704079045
-0.7737622988204773 -0.7941599818498748 -0.5634826999713122 0.15465721526685774 0.758705434196419 
-0.23825761204516385 1.0905817319407465 -0.9341797453777511 -2.2589602761429264 0.9471677847943814 
-1.6063193811617416 -2.5374541812056632 0.8459242258984317 -0.42698733689699125 2.0337459103033515 
1.0995066773047182 -0.3590444771848869 -1.6494515160266687 -1.9554383241613777 -0.09821687361337579 
-0.396942155730083 -0.6238208194134964 -0.5220672777628982 -0.6710381089416708 -1.9836770099457484 

-0.09780110272251996
0.5271960611642289 -1.1902941070667383 0.9803093641899427 0.5815294650845706 0.5517300994481154 
0.024378574893161958 -1.7500613307979636 0.569273344681326 1.68778597725809 -0.08474742708671887 
2.1069796075152576 0.7933481665750287 -1.097540053337085 -0.9391374670882863 -2.017785857918705 
-0.2757187712686434 -0.21905057124079097 -0.26921397324090035 -0.6280952185669045 -0.9785991847670872 
-1.387216035352729 0.9050607953336297 -1.2549500704243488 0.29361300521540373 0.29996965310385 

-0.2151828312820027
0.7193109504188181 1.7691861958222335 0.7816068722143251 1.4667797187215355 0.394291660735467 
-1.9437728194600008 -0.5565297155749916 -1.887724872711776 -1.2604502388109378 0.2306312068726563 
-1.5678245053270032 0.5211701217108157 0.7479581137130313 0.18012437980975846 0.8611422325753595 
-0.8325674336104832 0.5943792497350278 -1.4890984265225282 -1.06754655994012 0.3650067051958617 
1.1705980153288613 -0.578851851975855 0.03052768145259845 0.47680580727933 -1.118464171712318 

-0.1751778901533068
1.0398488427040387 -0.6553594821575522 0.9057823394578361 -0.8899094772431679 -2.393728569573193 
0.19446485365233332 0.09733032277587732 -0.1673372620047818 1.4496200897125522 -2.3013322445874587 
-0.9407037279809654 -0.28590042527099147 -0.18846318750729243 0.3648317819033561 -0.8235771716253737 
-0.6336108127055757 -0.07058844445181964 0.23600073344554293 0.5446953851066745 -0.4314833408011656 
1.6093854822908873 -1.3103180540616222 -0.22340084576038144 0.6117950060964229 0.6826092103842807 

-0.138550660667352
0.9327477881767963 -0.6530785425550352 -2.9961361695188597 -1.6904290177294026 0.17629533266629902 
0.9983318834420547 -1.258330032004043 0.6599532391429459 0.09785576472497264 0.7938860656086462 
-0.47675646518646864 -0.8286368541247323 0.7520071751167715 -0.4718755896922288 -0.011637762962888643 
-1.6467235151318842 -0.41411979831469925 -0.23930484701796922 -0.4542984684349394 -0.9800752581705616 
-0.5063596853352927 2.1763716632723162 1.4437143273769313 0.5900277314813893 0.8095438457942434 

-0.12229141225342206
-1.028457005274756 1.9240827324212724 1.2117300174639747 -1.5447225462553276 -0.9644839721046711 
-0.10064964905816387 0.03377069906072321 -1.2179825011084677 1.4717623986366202 -1.0874275069018193 
1.906883276755064 0.8023245891349348 -0.6431774273243268 -0.8768187039756903 -1.117572074914457 
-0.6024814518230941 0.06315747146304113 -0.08290517477772205 1.7539029023529311 -0.08319871842302252 
-0.9805303259742841 -0.38563029844308555 -1.5545505935456103 -0.1451847816845898 0.7340208152284737 

-0.1209463812829869
-1.4834287929161447 1.9499333481661074 -1.503184741503783 1.0028866311113798 -0.6439712555582308 
-3.233414132138189 -0.29939779613500517 -0.4167180876651122 0.4439074464134635 0.48296826185653835 
0.5069389018713808 -0.7818288192665953 -0.8394509958277534 -1.0022788309495467 -0.7759962101903914 
0.04338496665976404 0.9204985518243706 -0.03460523676638351 0.7209642713079139 0.8979498391003482 
-0.7649448880655747 -1.4021692543047761 -0.6506398033447193 0.23997130996414348 0.35209709279537144 

-0.11589093695617553
0.7646074040309168 -0.4350398899959903 0.7288780653803474 0.5758464181639332 -0.5875903014284707 
-0.11025506843078718 -0.8206664045155387 0.6022696134255546 0.014324659580242021 0.48289394118004536 
-0.28704994482872936 0.8924613647165093 -0.7473918465264986 -2.072554257639878 0.21907838550621836 
0.8685883503128331 -1.5240342330372065 0.852987209480148 -2.0944774210283343 1.0896139282044608 
-0.4744872778820725 -0.19850827366763232 1.7912320320758022 -1.07983213759627 0.052267814510463965 

-0.3105828020377125
-1.0457241158433381 -0.9597473173322173 -0.25750804816401773 -0.939281073501613 0.5245528791737792 
0.7943887172935521 -0.3943516836780153 0.09872141276943577 -0.5566202814015988 -0.2756964812305986 
2.0160236782512904 1.0406509991585455 0.653988173557852 -0.8909388662272384 1.0070100454947881 
-1.22927196142614 -0.5470283621303378 -0.8252559964571028 0.7747543612684697 -1.1273792643487295 
0.7187687787451907 -0.5308214887747099 -1.1176089276909087 0.3951268758124184 0.641189287325319 

-0.47587281387535874
1.1584882173627693 1.083211323037648 -1.1120101811857013 -0.43681212481699266 -0.333306922844583 
-0.993164737813618 -0.7138368963116852 -0.9531771691392444 -2.3552827641996936 -0.12288261927206197 
1.216111486451497 0.7488044249965848 0.09273488891632829 0.23064513947993281 -0.23939432346887796 
1.0833411711589584 0.4424970118521236 -1.7297567795446065 -0.15502161014303759 0.8033806142387647 
-1.0896229655930354 -0.09458255651394727 -0.10803129739511046 -0.7190164419220807 -0.37936781164504246 

-0.05539582612641052
-0.8792576195916751 -0.7484328488111565 -0.520475083206804 0.9401036637584212 -0.8140061980934952 
0.3466412263275315 -0.2794140053461235 0.5438985375363755 -0.5307805619958782 -0.5406025363852197 
-0.9744659276664945 0.6881034282520595 -0.7496963701167692 -0.5614356567519372 -0.701900285298743 
-0.9565363323675035 -0.6115717060451624 0.3634660649609214 0.029023104179888605 -0.14407555687184057 
-0.24487357993610384 -0.3182670147072988 1.8384262592353227 -0.8985626283068413 0.9061090241019267 

-0.012553819007275821
-0.4056610555634791 0.23491278238185037 0.6273069037847268 -0.8882911381296763 -0.31439710648072966 
-0.5769780419173697 -0.42313528799633415 -0.8643479918862761 -1.3704481446667114 -0.1794602190522316 
0.7088098500604698 0.7300368427050345 -3.0764235614130353 1.5098787276773358 -0.4414720648021174 
-0.6406264015887747 0.3903691505762936 0.4299123350502375 -1.465686061874162 -2.14717020686004 
2.2556009742231047 1.1036520980242261 1.5949677294869409 0.21485951680926468 1.0515693300885227 

-0.2807690325622575
-0.3927527455011056 -1.5457061681033482 0.18341241049806697 1.462705775960315 -1.3522579791870228 
-0.9936737649115631 -1.2423034876786654 0.5043291952642953 0.5001630843167266 -1.2824577620265165 
-0.23103006996444664 1.3320569622838663 1.196018202329888 0.3097254462005157 -0.44454452188408117 
0.7436783257957332 1.5490697719489495 -1.5465039746594857 0.8434874275708133 -0.8831332021016349 
0.5416316938768135 -1.0735100183434592 0.49176414496637755 0.9955929566823335 -1.0249922663765056 

-0.12123649717257481
-0.9383720228911471 -1.1452452795429806 -1.6861575520316117 -1.398762815463566 1.4437846788870392 
-0.43123430707661564 -0.3101449254797628 -0.3767400315364653 -0.4642104652135414 -1.9606795230701153 
1.0785250564416458 -0.08507681719476502 1.2346606292495155 0.8588570160376229 0.049681439333031034 
-1.87009742254971 0.4438754713047653 -0.1444755428080575 -1.2276775129469795 -0.3367538116541818 
3.2114130818901314 -0.016195264731755102 -1.0492995409503243 -0.9954356876952006 -1.1529758836613688 

-0.09232171991471136
-0.07067392855467526 -0.477654584000108 0.5514212255524179 -1.3624083857997604 0.35111595678826457 
2.1565995475363193 0.657127941756703 1.97113646084593 1.1758901372152266 -1.5340213593633891 
-1.7549920048532643 -0.41380976861574514 0.3177100841134956 0.08773690791674049 -0.8949913388763779 
0.08751957945689956 0.042616497799628734 1.012637924095975 -0.7846771048402638 0.25417316518213395 
0.8195467757857412 0.22557338281827938 -0.6438020009556723 0.6482361429445391 -1.1693503496054187 

-0.2860691380921815
0.8408478003075623 -0.5204420986606015 -0.28518112201019225 0.14027457605973337 -0.6424558475151961 
0.609019529924133 -1.248164957656806 -0.48677375527132455 0.3307581138380271 -1.5649611421895047 
-0.033844934533507454 1.24460362703452 1.2615177102995851 0.9682321313105936 -1.06783040216476 
-0.27193853312499155 -0.5551594567758754 -1.3440574294100553 -0.31136610786121294 0.7622098184665177 
1.022448621343414 1.2991310364096131 0.9235246737556825 -1.273739015367374 -0.2997148011482663 

-0.04068549605231509
-0.9940467053282384 -0.8518116881645705 0.3092969036875329 -0.40834978152682805 0.03880072026107491 
-2.183606943990569 -0.5852248047011226 -2.4455515482273085 0.04913396261909295 0.5983861271588677 
-0.6119844391354138 -0.13383563328618148 1.5791096719752489 -0.8724575726761757 0.30138913303484366 
0.28973977529996164 -2.010023368547913 -0.20843695219116096 -0.503371992475984 0.19470142484178735 
0.8966439536963614 0.41000113154703305 -0.45656957622677935 -1.4400135486091539 -1.6208315549313563 

-0.10261575152892972
-2.5660198779235595 1.0875696468444724 -0.061471264166863646 0.8934975584835727 0.10008740479471939 
0.045157868673288665 -2.7694110971032395 -0.32282380203131855 1.0629702130046261 -0.29426836450795973 
0.5754223498185744 0.12992881544226237 -0.14589813546971722 0.11641177691333499 -1.8826164473444442 
1.4369838453964192 1.2546563091809089 0.138174709108793 0.9763351948450578 -1.1190673332907368 
-1.8276903862212102 -0.23252927488554712 1.0406279966548828 -1.3938654990312414 -1.2053817521450236 

-0.29820703879059735
0.17651732149070842 -0.8617716166038307 -0.15903331864316872 -0.7002704659469676 0.40061331382650484 
-1.4218988918908595 -0.5290213625251559 0.4273570832607687 1.6089888085141466 -1.221647971800712 
0.05632139695821531 0.5471620962166766 1.5108954517784219 0.2108062637211226 0.471151121226228 
-0.6450616523270593 0.8610935813031659 -0.4386323464573431 -0.0658174993152505 -0.8716085470583745 
-1.0281643334438115 -0.6299407109065008 0.2712435115277227 -0.9425833838618694 -0.41481940455430016 

-0.15902531769318498
0.42977449034703585 0.8143562809652398 1.3836123092532233 -0.27102435456832363 -0.5031947420834436 
-2.617905524384448 -0.9996009723453211 -0.3096943797797809 -1.1835322828642159 -1.7747476823629391 
-0.38659752052893886 -0.7191928320528717 -2.384071236511405 2.6401680547888726 0.703671480388496 
1.0639123036540339 0.6699412637449619 -0.534316343413164 -0.1630696815980728 0.5894513220768622 
-2.1442982240644035 -0.37490582164896413 0.5482605030512497 -0.298138154948531 0.1720335423847865 

-0.12786851913537742
2.561286733321028 0.37271654409032856 1.151194815651496 -0.2688292209759436 0.444831813970274 
-0.49568905573320127 -0.5785143783784561 0.005367318012721041 0.5530724250438571 -1.1885592274106391 
-0.5853597145827704 -0.29505428649821486 -0.09823700931791211 0.1253805193821216 -0.964151346943856 
-0.9225430492235049 0.376289387029933 -1.3955428422685423 1.9985321168444579 0.6410505495434993 
1.7910240691637351 0.4600237312948743 0.8583489427256669 -1.6200388439461582 -3.035474071934865 

-0.2634498242003279
0.3868892108663674 0.34747716567280373 -0.7225669725697954 0.1845382770517617 0.5569625066361072 
-1.5143415831088616 -1.1220522760417533 1.1775974513986938 0.891111682748109 -0.03790884960391215 
1.0909584764449831 -1.4908810284809115 1.6660700820193033 -1.3864747724040616 0.09310577277668937 
-0.4356711611810309 0.41530796334108316 -2.269669920321163 -0.4994945516765394 0.8931806640947514 
-0.3161400857655288 1.5203073351521916 -1.2400422022278688 0.04475966230143933 0.7208204399254996 

-0.1886366931780842
1.3265537703217927 -1.6034608576626888 1.8701409677686498 1.3035894794035685 0.35528359109967067 
-0.7546489675563518 1.7872306758053313 -0.6356235836932884 -1.9454754085179822 -0.08521332290195793 
0.46067777367250207 -2.0275714287561337 -1.1693044089515843 1.203366493726979 -0.22373470739299856 
0.9252118210577301 1.281788012997285 0.40740610762570195 -0.031109473752735428 0.24078987701707827 
1.2140464946474423 1.047143111091071 0.6833023060087087 1.2271401776221194 0.6876723518798448 

-0.01427074366547468
-0.5582345977639286 -1.229553568764361 -1.4025296645974987 -0.6891092386974861 1.8592772106661042 
-0.1292565177928831 -1.1342301215054098 0.7138188927688778 -1.7769492783524368 2.749807034961553 
-0.03398806442480451 1.9936859457305574 0.39662596639313336 1.0540063651451133 0.040688033864860015 
-1.240135087570815 -0.14384388796835273 0.556397676785984 -0.9803090149561604 -0.14094246857488896 
-0.1337865499225553 -1.8420769377637762 -0.20376546776020732 -0.46481645620421097 0.21428232145274057 

0.12853595705243465
1.0663930687440282 -0.1355771074816299 0.9315707025740824 -1.3742777764727108 0.8725224605198754 
0.5368386047911637 1.1122245253435914 1.7807572767166557 0.19411918131250286 0.2605547957945451 
1.3972077822136924 -0.918449111732285 0.6809937197274732 0.221743080427808 -0.6782591406614394 
1.4815082293763373 -0.6961372918389885 1.2925849110125232 -0.5112897744708396 0.26815305551664675 
1.7616265632685413 0.4159823852017244 -0.9848170509659493 1.367982806472887 -2.0018022760946925 

-0.049497155830681254
-1.1819443276604291 -1.7525325654706334 1.9910133222433433 0.04272173290098244 0.9425216904930547 
-1.339751392503971 -1.0076010634702057 0.4840676262318652 -0.5557895692125172 0.3160748052590128 
-1.7738515763396245 -0.8675482184601836 -1.2539527217093414 -2.33635409546085 -0.16775052458765985 
1.1330939832532332 -0.5776565296726314 -0.76130262758831 2.8536193925716757 0.2828469033823617 
-1.770104166052495 -0.43441536901107136 0.46701444342059184 -1.741262602049736 -1.253207499867146 

-0.06634554349782865
-1.6415941227754896 -0.9038663875058149 0.2983264300137855 -0.18075288320559926 -0.15145324647069422 
-1.5058385959622094 -1.8892656556127934 0.266774582323623 0.5989800869636036 0.9266804246751678 
-1.8604159016224098 -0.5214428939416897 -2.97332968219166 -1.2493062076380015 0.03159972712894727 
-0.33679585087293973 -0.1258827137747956 -0.6321313252043128 0.36723388628822295 0.5326249721251755 
-0.6653201862365832 0.6154525842531232 0.44460132199762753 0.544801700508146 -1.039614700411117 

-0.2782477558512667
-0.47142006781418827 -1.4728889837877328 0.1772991007279568 0.0699575253543467 0.04402422029599667 
-1.0269924886346384 -0.632720215826743 0.3404592327602582 -0.26791909302863004 0.6604018419380434 
0.2277124058447569 1.242540501087583 -2.7217925188128524 -1.2323488111914789 1.8771140888949909 
1.3456436843950823 -0.34791725367594906 -0.22607375462404944 0.4072856193643057 0.03659643550440028 
-0.7276046111074901 0.3187802354477957 -0.9354575019986491 0.41558255708964786 0.4864507693345628 

-0.08352061859242044
0.10173715544709915 0.8688514451938698 0.7708675237539112 0.5594158195287579 0.5688177617487383 
0.37170219437591034 0.5608485567407346 -1.8768209625364636 -0.5074632810155354 0.5460978582368005 
0.6812942398308518 0.22705560012268747 -0.7115424600324299 1.5538447393799262 -0.2776419982727972 
-0.445864157572833 0.003846727995696301 -0.9347899041364549 -1.9113474132015593 1.489127923905219 
-1.1431348410289248 0.43096808239679574 -0.4615053211706451 -0.36702586212835375 -1.1541595604159176 

-0.14103629938376847
-0.7566157077787788 1.7924205337864891 -2.2302522573344623 -0.9956651280144594 0.4284997318253427 
1.4575871223136903 0.08558371402321613 -1.2138166134250443 0.25163749232884924 0.24021247720222827 
0.31737705908533087 -1.1463176363139482 -0.8306606273582758 -0.5768294632242922 1.8803816758877259 
0.16369729478956535 -0.1549550346260043 -0.694603005661709 -0.5074266471963137 -0.595160677431164 
-0.6808608053924727 1.4836136677217018 -0.8621267394944939 0.5422978181112985 0.758720861510156 

-0.11569440351751982
1.9508331155287266 -0.3818307596482621 -1.1567936678810717 0.7535464575830648 -0.382758136722012 
-0.19035321043125508 0.4501131752405544 0.01840368148422923 -0.6873349401059238 0.7515881559603612 
-1.4094531913791686 -0.14503102339635793 0.7982586069530585 -0.8484221108890612 1.074010740719095 
-1.098198863203347 0.5103650328574337 -0.7498760995527635 0.0731138044095879 0.10213877734997527 
0.0785898911451583 0.5653515648049787 -1.2443674990428295 0.09057161523222317 -0.21153072803317596 

