-1.1494543026164155

-0.34791145738715595 -1.4539645859258157 0.1547370691078179 0.6643239093901774 -0.9887786695455715 
-0.23502895703515136 0.48013171827332346 -0.8223751792078822 0.9586631325992744 -0.9319744077606935 
-1.3590745643147977 -0.30653905142659976 1.6245729579585155 0.9535603894444707 -0.5201432046352554 
-0.3693236746634549 1.4316009088975326 -0.1022982568207845 2.3553743801606526 -0.3971309302729197 
-0.8060023300465959 1.5796881485669898 0.9896751133804216 -1.8393285576810197 -0.9249142121679483 

-0.22228559666876044 -1.5225376572437617 0.024418943437701006 -0.13044529551793754 -0.15252186230592296 
-0.6974547162109511 -0.3496020343505836 -0.9160542346371142 0.6459025079413182 0.9147546607456499 
-0.21216508453920555 -0.7059331725974581 0.5722418100631395 1.1901616351640685 -0.8713453519890054 
-1.1031266731812728 1.9270939358217114 1.255794683712867 -1.200283371875001 1.1275956803967677 
0.5271672734572209 2.0150813332247126 1.722385454373558 -0.47228582532196606 0.7658424371203053 

0.5877184949502113 0.19937190170569785 0.34445733307069604 -0.23819908345142246 0.984919372386882 
1.1393219996824882 -0.20751797406871236 0.20992745752426353 -0.20035259973214462 0.24887175572388226 
-2.609918610937046 -1.4163919978642887 -0.21922684919367277 -0.8231543502217522 1.4564047498418184 
-0.2756686347878255 -1.1106719167714376 0.6635848803045055 -2.455026790383819 -1.3999092036770249 
0.5865049154524984 -0.5910586841292482 0.28305935083088196 -0.8114420121510968 0.3792102350553569 


1.7313431376722317

-0.025424557439376973 0.15732687952781693 1.14110423544076 -0.6859243521817823 1.0832851630543272 
0.2889019909740022 -1.3495088755781737 0.5036163592631909 1.777826200328108 -0.07036228737670555 
-1.2159343250300405 -0.2735408617795045 -1.7029881833119822 -0.1501447253278191 -0.3861776060089069 
-0.48900843631265345 1.7797651067427265 -0.61229181801778 0.1673754218873888 -1.2397079343933155 
0.3418100394175503 -0.26441916154914236 -0.24199612234696405 0.7831608297738424 -0.13347026954733296 

-1.4932706594153566 -0.9128991119756245 0.44748547028336133 -0.3650411789605741 -2.2592543143445507 
-0.2888726840669013 -0.529120650884311 -1.4146013292988655 -1.3954115338980337 -0.6243094411429391 
0.6888777065992634 1.7972936341932388 -1.512206449178077 -0.38656103619257653 0.8475562283466602 
-1.9945879186137705 1.395241884985749 -0.597321176263689 -0.30733050374780113 -1.08656995420076 
1.17308553554004 -1.248792604047748 -1.5932190264710842 -0.28999383818409463 -1.6503833222953805 

-1.0911591418618576 2.444502339114273 1.1221749674215373 0.2196239938092085 -0.6483581279550796 
0.6063711568764855 0.1970133068293807 -1.5468211235775218 -0.6930306822048522 -2.2498918058632182 
0.9682082820471429 0.8126617917296489 -0.9308715283679205 -1.121661337238636 -1.6644940404786508 
0.1723693671443745 0.7017107975910426 -0.5475391715936442 -1.1533195811218782 -0.00578261037329352 
1.3019091587546936 -1.0558450410513982 0.4971640810736968 -0.08843177333942881 0.9267683110046614 


-0.5979931541096816

-1.0100316354620409 0.828036308751027 2.354921021737299 -0.26154756276242236 -1.3693391990895694 
-0.19178887098685493 0.39311656887965923 -0.01897509649696314 -0.18627935741805515 0.16359534035593887 
-0.5702126670663175 -0.40535271671988643 -0.9574751152643484 0.5811430198423725 0.16813332322892383 
-0.9932204931936085 -0.2838876540875547 0.6983994594254231 -1.0450613810390392 0.30457408461566876 
-0.5278977093865118 0.9960968586801213 0.9901656445967392 0.23665698937014015 0.4905725176207588 

0.5164768113161501 1.4412899495282758 -0.15971025589507146 1.7500210119890167 0.4474229580782179 
-0.18049123066284312 0.7852818770602029 0.38811259513410684 1.2616201634982729 -0.7386040960480027 
1.2587008800371837 -0.5782399662502742 0.9875050225773732 0.3718830036640195 0.777121928563051 
0.3404266417892846 -0.5462618616057008 -0.19573099148779385 1.0453539441539268 -2.3639550539105225 
-0.0033222459746729996 -0.5581510605443699 0.485162376176196 -1.4331466639096813 -1.1713572651924624 

-0.5484025192252304 0.22807338952978098 -1.496145677568919 0.22290919118861555 -0.25075598631320944 
1.3010357057358295 1.5822184070698713 -0.19651092477401155 0.7887304932197344 1.1623414485415715 
0.5354094531504667 -0.4234808417885088 0.5036968804724066 -0.8707534357529205 1.6531024727299115 
1.4560547572600075 -0.569445172889496 -0.866100807217449 -1.4143404309231147 1.1645418152130924 
-1.9738533517977725 -0.9554904157490393 1.520739422957235 -0.429879810569617 -0.2312781690771578 


-0.7392397936996107

1.272386587165552 0.3407049667624694 0.14143315325418118 -0.9863928224177835 -0.9082185867033926 
0.09653406041149035 0.450521289764336 -0.138257112837975 -0.6147266469101367 -1.014477126805045 
0.18060759675575724 0.09210325056484198 -0.9418843917365082 1.1324312773228 0.17868004436336846 
0.8589282426386184 0.44327935606929975 1.7506449706129663 0.5919492394778267 0.07884982525199144 
-1.3526206202130358 -0.7051423275860292 1.3246012416233597 -1.2921468400832998 -0.3102634574430521 

-0.20414365527509273 -3.5089599110652516 -1.2416625271773505 0.1830055424975909 -0.10385744877466263 
-0.3050041005490841 -0.573741380804284 -0.45305061809789177 -0.9533356798914631 -1.828066255324954 
-0.553765802569427 0.6549322818265557 0.9856503975080617 -1.013795566230673 0.2445522471218895 
-0.42029108286707817 1.0461615290652249 -0.8570205530543783 -0.010193307354857201 0.19095450040050566 
0.21864006733022667 -1.2271307548310326 -0.6309765059280508 0.228625876450818 0.5732843187787598 

-0.24783624996347794 1.6672509133101898 0.14052690886950378 -0.7599208300082039 1.16708804071053 
1.533553036707041 -1.3504459834520262 -1.0116372354272678 2.1943290929983728 0.5766871465103124 
0.5146772302434837 0.00167235846953209 1.1075244164897795 -0.6921241758882326 -0.9875801662653596 
-0.3603053151924782 1.4152521338981099 -0.05191663137169388 1.0661395278902368 0.6764981671105843 
1.729274058157414 -0.07275564047874855 1.5547659540433396 2.4727381320598703 1.8023159069984973 


-0.6938588671147898

-0.3780656949379378 -0.3888655806595238 1.5066016040229162 0.40337119961186285 2.091977310899091 
-0.05666439924561284 -0.3995448852812533 -1.2945252380291132 0.9658624707867834 1.1440673894635198 
1.2726650789205063 0.408684124788035 0.8273858918949941 0.05672962301659603 -0.0058305519166749 
-0.7883842731542549 0.3176919911665687 0.3122214919946924 -0.1782647532978155 0.4826118694346599 
-0.6674945450182733 -2.3981888662236597 0.5193527386880238 0.9432759475940166 -0.6912699449129971 

1.9835035841884712 0.6968966158791287 -1.729189751681711 0.36362933519113805 -0.21542979330598153 
0.5419076630316741 -0.16927105553968505 0.32631605098338573 -0.3105199382720082 -0.12859097825549665 
-1.764488463519375 0.9423825372493543 -0.6228139957620197 1.2721021175662581 -0.7015290594885149 
-0.3350581103204437 -0.38127850587171785 -0.5749151852534555 0.3076723652366004 0.8999842016707136 
0.7935166265822323 0.46995574423104275 1.1884031451760948 1.0049160834631596 0.20812991352636956 

0.298615078274892 -0.9325843572924205 -0.9453920506957515 0.6137430272977588 -0.1161040554015805 
-0.18069181057139747 -0.06216372758359235 0.13513598230032042 -0.5647031288980269 -0.25886085874884085 
-1.352738000703056 0.139079314659294 -0.26909329233198337 -0.4269009535891901 -0.14633666643827367 
-0.07650598739674164 0.680307261780376 1.0444076588371702 0.3106050596277648 -1.072806317848889 
-1.3195406525379045 0.2858246846744514 1.6441633229100676 -1.0125909231891743 -0.22201603830613437 


-0.8487533221415161

-0.6799225122543595 -0.4931240506729058 -0.01508489423451562 -0.21463211296397147 -1.0661407145888129 
-1.0601266571499082 0.5173144990115733 2.267582604978511 -0.2171104561853824 0.6809920614941402 
-0.770896921499889 -1.933748930355604 -0.7024823320726786 0.30368251339439356 -0.8652404526556807 
-1.1111912145173235 -1.0592494468439306 -0.6331557342090626 -1.6650179320627416 -0.4833731467162428 
-0.7684642513996832 -1.0374093236483946 0.8098997433987515 1.0407951139595244 0.644532269945261 

1.888902466489329 0.26275329825039834 1.700834885985081 1.0400728098118113 -0.8701370027365074 
1.5387304026181416 1.3000315277811885 -0.08398205348427362 0.6838707186141644 0.5415161932028284 
1.0712282707947316 -0.9677326780527461 0.5366947249011954 -0.28092784661020404 0.6213798052762561 
1.708890692631436 0.591784628746797 0.7223369822203937 1.5796718716563278 -2.0783226097301517 
-0.010619157493486518 -1.093126035394877 -0.9409620329224303 -0.5285282690520998 -0.28511354435870273 

0.5040585360208382 -0.5181927171572172 -0.4912876816619154 -0.7787690008176081 -0.6754772153418767 
-1.7917267093567129 2.1879419502102886 1.4685238725937098 1.725375557692386 0.2034925243622343 
0.3178957954243005 -0.5099277547295115 -1.9494944159169592 0.8289818297140837 1.014879486935182 
-0.8527880581695801 -0.24358710387601926 -0.05595082437770732 -0.10235197932925442 -0.1655483256255318 
-0.4997118771056329 0.8145755417407424 -0.06999679008695815 -0.5213256775764185 -1.1582204907988118 


-0.7644910190817421

0.019001671487513548 0.09463138205286831 0.7427418253200186 -1.1036218217293559 0.9203364180842576 
0.07267905009333746 0.24820849256499722 1.1510325645445059 0.5971127263674494 1.3958110344254269 
1.5337700578053792 -0.339198433748457 0.3397122581591215 -0.6836125478926628 0.11665978398595549 
0.5497345892755403 -0.2249699315778928 0.36684154211222336 -1.122621182716955 1.1801086064228508 
0.7388359788391299 1.0046821407598847 0.2700479755814335 0.011491104776267849 0.4303076806450238 

0.6006434977972399 -0.032356566216540476 -1.1828043695640669 2.2039465137539698 -1.4355898456755243 
-1.1280667402178906 -1.2002999987199519 -1.2425058045414927 0.33345897914145667 -1.343397270828701 
-0.3266897867069669 -0.7380822470549514 0.17475365137447813 -0.5646626597360574 -0.2756778062795387 
-0.6349389316956822 -0.034099045170743296 0.5982872093296228 0.40073563911490623 0.8521010889331114 
-0.6759529833633912 -0.37502818293762075 1.2146104012988252 -0.5899759567695672 -0.2594470975312458 

-0.3209345259519689 -1.2663222740927444 -0.5739970725034782 -0.1330086629987829 0.9867973034622541 
0.5043251118507525 -1.1570969975744796 -0.818634410415384 -1.0209193784974782 0.554106024627236 
-1.5713018573890238 -0.08048720702329537 -0.20645990656180632 1.190519422230003 0.5593245475022736 
-0.4442152109115348 -0.033307877054232764 -0.968343856289043 1.3323651318641945 1.4027514314588365 
0.02082667591885305 0.7377515500321069 -1.0305973901943837 -0.7561366186553857 -0.24967262639692278 


-0.9466855668061916

-1.1278132687079105 -0.8436901037974726 -1.1499104658958426 1.1058149757573956 0.10916866725734171 
-0.22636555130097305 0.9008144009188894 -1.7167043130808952 0.7964305114793171 -0.17243693799830706 
1.7505186107340076 -1.9042303979215 -0.8787726880697844 0.6393963879812088 -0.2959636180595535 
-0.264229328079055 1.3959044549189854 -1.2960630706111465 -0.17132422745508666 -0.6551332999261038 
-0.04864472904797494 -0.6113592210114738 -0.1802843463903592 0.6230056173004465 1.157657669651929 

0.9946464337334859 0.7378294575559549 0.14764737332655678 0.2759934210086287 0.35086606863159514 
0.787568820191424 0.6761429100122802 1.6821066085345902 0.9243199669191493 -0.5981873165043698 
-0.6161276486040485 1.4726443646641467 0.4258041268002507 1.1338687342343787 -1.1157212421458527 
0.17281720933559933 0.6681772286429393 0.4962892306879894 -0.10272518074444262 -0.09775758760381065 
0.32352336653090563 0.6480380878778669 -1.7158135673409904 1.39509296177875 0.5276097347069562 

-0.948948511274689 1.2970540518591738 0.21919337877251133 0.29001732337567354 -0.35752943825379857 
1.0962854629939005 0.8273599287791633 -1.108651064676902 1.50825538933165 -1.9842252160369729 
0.6916331725210905 -0.12153255748922547 0.8156758012862092 0.6428372485590906 -0.09089672251002108 
1.9064076639458014 1.166133509810106 0.39633896763075827 -0.6108306807786571 1.1098327555840595 
0.4742772290464855 -0.08147404284313925 -0.8273903516444702 0.6474927225465148 -0.26950431900658856 


-0.6982198403553493

-0.8782026900460412 0.42009972826765446 -0.4852633774569675 0.8662135678394953 -1.0111297717147734 
-1.1885689931074432 1.9108989745978797 1.6195730747911612 -1.169555342278071 2.179895864396103 
-0.28168427943196483 0.24730529321790964 -0.9627798574436177 0.6733870948040164 -1.1580299250816612 
1.6535786351985273 0.6937099679510642 0.7474590015935091 2.429190860331433 -0.5511760021262194 
-1.5272471308228224 -0.541426609814354 0.8991655640321485 1.101070241857876 0.2682957707247132 

-1.2141984721983463 -0.05318872149271492 -0.8363291931098354 -1.5900279794718346 0.14523695774139853 
1.6682267810557738 -0.18414426091308 1.100507071884656 -0.24354399660789378 -0.8703154678894875 
-0.6839690745170492 0.08118266314595898 -1.047976880382264 -0.27804324858599766 -0.36517770679925265 
1.0688022688107035 -0.324836716475503 -0.5472226525079675 -0.7134733926861349 1.0898308679491677 
0.6252078218683387 0.3183082104847739 -0.8845367813607812 -0.15930428303392438 2.1070710959511088 

-2.060709851273461 1.069752762824708 2.612523764739693E-4 1.7352663134150148 -1.0319329713391876 
-0.08901961507000099 0.1719303422737171 -1.4549945449704746 -1.151919157790427 -1.2247061440322669 
-0.42711837211537557 -3.1896395318084663 -0.2538945761900451 1.45194730141273 0.7883928411156386 
-0.8788220331461565 -1.0608807585966247 -0.001335279350680619 -0.09516372427344835 1.8983088130584442 
0.9643197116125547 0.02335531763157012 0.14940397038084677 -0.19510880258983596 -1.0330404534030209 


-0.944800583174444

-1.5120655267110563 -0.8614896648300617 0.5455514629003693 -0.5915068837290114 0.1130302609720576 
-0.17787837533698572 -0.01776332115906154 -1.1435761213236568 -0.14976960342301346 -0.8240884011192068 
-2.25665412011295 -0.8014978603643359 -0.25678734023326744 -0.5236096985451147 -0.5167929140187066 
0.2346390230507689 -0.936455099408111 0.12051729152421568 -0.9656392137279733 0.5026083059868492 
-0.3989610627101584 0.3333776372876134 0.33212029787932607 1.5581054413563096 0.79237806646515 

1.9049927690369728 -0.5778672441384695 0.3343792191546376 -1.9830083271466938 0.9309192999357871 
1.0081746006886196 -1.703241188737582 -0.4238078875134234 -0.990128945479128 0.24615199387296305 
-1.6511419078495173 0.575003004545574 0.21565908063256034 -3.2134494592397123 -1.4690844005060222 
0.4617292630123768 0.8574154648281646 -0.21922092241734836 0.44154233518148917 1.0488392071680257 
1.358017598547414 1.1198961486076318 -0.5006298875225801 1.483867162329857 -1.591043674791576 

-0.1132352569018627 0.11850274757707142 -0.8038039175531383 1.1635677929514596 -0.8303908613610245 
-0.32025359753600086 1.420485948780873 0.3129731655099885 0.19897173374438262 1.2107878597720065 
-0.46927464095224164 2.133512137164956 2.2084904928601086 -0.43843713922780475 1.0199684392222306 
-0.8111477818847153 -1.2355309227697229 -1.183212218117271 -0.29947981394062073 0.6155365388995838 
0.9789571005731827 -0.4623303939754198 -1.3572304635462846 -0.1942980582594988 0.48182928815559467 


-1.0280581607339776

0.16402401219225093 -1.2625292942257211 0.2900782613359759 -1.2982268450254713 -1.661993277962887 
1.044555863887562 0.46505701001297606 -0.8899328744712551 1.0185130380354597 0.1413069112490101 
-2.844590498803391 0.8813974463165656 1.156767311334704 0.20876411223798758 0.5478215742821227 
1.3156012636954744 -0.20086995956144643 -0.8592969428175917 -0.34651340333843583 -1.156621979134578 
0.4073900687159683 -1.2713371858196174 0.7798290026761776 -0.4722774924340942 -0.49153701215892565 

-2.2973939004287605E-4 -0.9636509458354774 1.1685307017600128 -0.6772748913980082 0.19196566766816772 
-0.5355981948917953 0.5729168501426205 1.430999303340481 1.0757347398751316 1.1561687614029328 
-0.13930011448536508 -0.06726113542729197 0.45650478787921417 -0.5222802126314018 1.3336625938200155 
6.343334695498564E-5 -1.624161539271875 1.7153573643377658 0.9015129582277823 0.7275296502316558 
-0.705337678153776 0.6448252094724969 0.482689010932362 -0.766993010999116 -1.393368211006499 

-0.7485582475125709 0.24510274769034324 -1.7482080613363709 1.8761290566318949 -0.41521591599494445 
0.03110250156393257 0.7520407211064842 -0.2462328955487938 0.25486446433136484 3.156917608190476 
0.9397249860333968 1.1272939366686616 -0.43078636758927785 1.3276264198672167 1.2967139725446903 
-0.058860875646488744 2.150159987626439 0.8464730426921186 -0.5741816545547607 0.1411491158522575 
0.4007657629065292 0.3548891869402203 -1.4599763385121705 -0.7914679971648668 0.885865133981136 


-0.6616012444091344

-0.4608326082290281 0.15652592967373766 -0.9685951562591584 1.47774818555257 -1.6355451193881854 
0.5047649732771345 0.35056139420831794 0.9118807195245242 1.11689038234504 0.6366112045821976 
-0.6041513903318166 -0.3705542104164627 -0.09401944934632336 -0.6028904637083488 1.2242209703214655 
1.4279878118195524 0.31607751394035616 0.582673903413474 -0.07752022017427194 0.5288182365790218 
1.5184291356450612 1.5490322953118876 0.999585723408976 0.15724987075268396 -1.6345107522045448 

0.5717734715069424 -0.0725082611748115 -0.05241343519711637 0.9596666529380028 1.1198478469273565 
-1.6255602751195728 -0.658048448458811 -1.0724902232338973 0.2778130422998784 -0.36199925846867914 
1.8667130798809133 2.2024749654891 -0.5365693493153039 -1.713242087319601 0.37945256687929224 
-0.8783756068242108 0.6514600448792056 0.6599414589225708 -0.04468586723975011 -0.16048117366444967 
0.4894448652799266 0.3355919545273798 2.0952350994882347 -0.743264737493981 -1.1053681015955406 

0.8670094599976421 0.4155825593577032 -1.1904327445200462 -1.493558914910006 0.32757033157281285 
0.12627713660757836 0.8413945287877299 0.29819422647428206 0.8147071754870863 -0.10403336194558618 
-0.22551250999998732 -1.8554443107069931 1.4763084363544083 -2.07649131347653 2.330270084856092 
-1.651502127440027 0.2389754038973194 0.8451456712124132 -0.4077351750130256 -0.16808059414798432 
0.2265613006253712 -0.6494986577197153 -0.09930576026618151 0.6127445010732626 0.08540052570280163 


-0.7210021333778794

-0.13547872528512006 0.29818385178375345 -1.3095400886031063 -0.11326609893862824 -0.28314012569587965 
0.4158350619180993 1.3004382602634847 0.21816273388654128 -0.9012501329243598 0.5885839255483025 
0.19221275849374997 -1.8440569491026926 1.0804708397356957 0.42133607763219477 0.3167804576768999 
0.44478277046513004 -0.5179345422184021 0.5643591185991035 0.4611921878314294 -1.1320650464757296 
-2.2371412552900503 -0.3173911372876898 0.04452635596761229 1.3537060275102664 1.0992651779945946 

-0.06027961999015904 0.10680873280785348 -1.0612089905069713 0.7374563537324794 0.9987164604205728 
-0.25708240260448645 2.437533368607186 1.1305504961766577 -0.4867807845333927 -1.1132464732116794 
-1.3394361355703652 -0.4673145132078021 -0.784557235843809 -0.8924843231131042 -1.8295565962281426 
-0.2579445719713924 1.3179974535033725 -1.3671788321013227 -1.074112865843915 -2.0332534930757507 
-0.21301591786045254 -1.75197264076473 -0.3838113662941048 -1.3988587693740981 1.3732424272713863 

-1.5471519637415174 0.10507747740465298 -0.429749928169855 0.6200615324950214 1.166864652260496 
-0.07453187574493444 -0.2585185685818719 0.7788014576988762 1.5770345567637643 -0.33446300587816835 
-0.8574796946411007 -0.16570775141061442 -0.4900362815610118 1.465243106790669 0.32957974748202573 
0.8529605806606461 0.2699511784931046 -1.2994123967449769 2.131935370278025 0.04934643471828791 
1.2037240067289066 -0.5975184158854231 -0.8198986730151023 0.9290490920817341 0.785563420430444 


-0.8469645350373319

-1.5350386865918002 -0.3395187307326266 -0.158468449730196 -0.05225111170537871 -2.281019093278762 
-1.9196264336771254 -1.0140860924617865 -0.5612817378632403 0.033408721807408365 -1.1778895328553716 
0.49749417468836676 0.24286855582245723 -0.9801188009204108 1.8230576892139563 0.9421358215285887 
1.430304190651072 -0.6705909331679222 0.3603482403325092 -0.3930442902123693 1.7232620157062655 
0.85460206751259 -2.483951283082252 -0.5354622954663771 0.5210323126971074 0.23414738460443618 

-0.34713177454175514 -1.7464635732647584 0.6712372247987505 0.6630050415807693 0.1037372886575976 
1.2221615839494528 0.7169651766356715 -0.16086340650554487 -0.8239257820206382 -0.2513656021806778 
-1.8375064463983608 0.03850591221482665 0.3655609498129573 -0.7134675679956938 0.8405846512800864 
0.4672378054626464 0.48222753254599304 1.1091871078781592 -0.7113131561908167 0.3035874043929074 
-0.1980691898677818 0.10902941706111637 -0.10396799673362327 -0.792233537541369 -1.2820060435616132 

-0.6038689904794016 -0.09287274603061355 -0.2761195434211044 -0.19292725221885546 -0.2675943197616243 
0.18362668912936822 0.22947456221253082 0.2286201088499037 0.08470432061637993 2.945713663484355 
-0.655036923711155 0.8680284197867508 0.6329520910790428 0.28442350400158206 1.9979606728474202 
2.0733808631074058 -0.4400388137280358 0.9997166166701631 -0.7741478944968175 0.6179664482688988 
1.5399476486760757 1.1370884955226526 -0.8346362882800887 -0.016490003370590485 0.07726584252992603 


-0.7909173070903511

-0.5553562957135583 -0.8102117269104422 -0.8574017733531879 -1.3127807195875945 -1.664201657608446 
-2.3259152787186945 -0.23234528318544587 -0.5044952511902414 -1.685964086253602 -1.1053618256732682 
0.9235063624466368 -1.8247571502853606 0.9408344650697774 0.17519626981176356 1.8098167621062917 
-0.4270439680785298 1.2947342682321634 -0.5463825641849311 -0.9768310813179025 0.9490910811096253 
0.37865970319478026 0.5223131236277998 -0.6843394554156407 -0.2374523990599018 0.9673207788165268 

0.8121336014453896 -0.0979541610607641 2.5681531637060785E-4 -0.3575661135638726 -0.9089140849743915 
0.6074702879451401 0.750930697909025 0.4189401145039123 -0.7409844976902719 0.8892837884179434 
1.2192224312597586 0.404064565030065 -1.5770964736448818 2.999821565207195 1.908224270233952 
-0.13311584340664706 2.008198030991004 0.8195588982036202 -2.8555791737366967 -1.4019171177046308 
0.4519142278632462 0.32710201777133935 1.1936009408215944 1.9410633246345328 0.6857887159529247 

1.2604358188210736 -0.5399323912693073 -2.3752125963084576 0.9697075381045056 -0.5922489216731616 
-0.41119155167458715 -0.14682813340576076 -0.562640144188924 1.6137457933538142 0.014901012050257362 
-0.15616756959253575 1.0751580141075165 0.3484664273594664 0.21651101574718087 0.2120332679710852 
-0.012316236079496211 -1.6885228752416004 1.195464960061391 2.2345844897493974 1.1991072678567032 
-0.14930984581859896 -0.8514819419661693 -1.0286240278821357 -0.44980992713016105 -0.7848009863940681 


-0.732145915554656

0.7863242421353481 -0.22442279557382225 1.0187038777560242 0.5966153755969237 -1.2288152327712467 
-0.4251788726387972 0.6784624838780648 -1.7864297567437906 1.4498945643300212 0.48368701663076835 
-0.09994624099677867 -2.514672529680184 1.875730436628703 1.567921128617781 -0.6453676917069529 
0.649371801305964 1.8694203776921343 1.3526542401982675 0.38906531269593647 0.06897031340158297 
-0.13696838704566508 0.7760387024599947 -0.867846748182062 0.172372638407965 1.0452990479526607 

-0.9014186807577035 -0.30442822903683026 -0.048236656951464105 -1.2060447212766123 1.9532306077788286 
-0.3406462537756104 -1.3851157824594242 0.41787129295588366 0.16701912549515302 -0.9715978174003141 
-0.23318026600818034 0.13688939450444051 0.905262314510529 -0.524017970251183 0.0980833505391953 
0.03142811595274553 1.050170679122474 -1.2031035898250244 -0.5308203472612957 -0.6055070861511792 
0.14867761724391054 -0.8122777759575546 0.3990444402003421 0.017609262091230087 0.5023527409322303 

0.15926530349202248 -0.7012869218576787 -0.2658569698467054 -0.12790113447317755 -0.8594773329357599 
0.4096157939123118 -0.17657126027300252 -0.2940697960983616 0.29617910088922556 0.7178186552012578 
0.8161404628507851 0.12369520779112746 -0.44336324920806836 -0.5849666864557302 1.7666053304215472 
-0.06719959783122018 -1.8574917752649696 0.6203545405056039 -0.2410416360292084 0.7234951948741217 
0.2953338293612045 -0.6826307444203392 0.3541784029076007 -0.38155199942194784 -0.1533737790192725 


