-0.06680760842669121
0.5665905664818078 1.0249835966528231 0.1255500220207618 -0.5355438071315832 -1.3002652362643694 
1.648689561511464 0.2588321274702515 0.6801179142489822 0.035812829803098224 -1.7836407185174916 
-0.45282505590115196 -3.276588514961121 0.1226734455184126 -0.8006593090527615 0.9251849803902028 
-1.0183791205364296 0.8278430834871768 -1.4912732230922305 0.9638968661275039 0.15428715912797855 
-1.4960086811947202 -1.2415418763579178 -0.14586881107136584 0.6337593577526373 0.035202264132842685 

-0.05341821658687052
-0.7737626712378142 -0.7941496203962477 -0.5634697731368773 0.15467017966832974 0.7587149735894978 
-0.23825999832010955 1.0905896359464577 -0.9341759149982117 -2.2589585479403094 0.9471692746045697 
-1.606322840084896 -2.537446111577149 0.8459266507595672 -0.4269892589169652 2.033742744944044 
1.099502151660036 -0.35903926202895636 -1.6494499681175498 -1.9554368421408221 -0.09822373780463663 
-0.39694669560838286 -0.6238166817256559 -0.5220699397544192 -0.6710400089483616 -1.9836852365998432 

-0.09779599458129541
0.5272352767067022 -1.1901451463541401 0.9803312602468164 0.5814987896495034 0.5516716908364979 
0.02440942407450412 -1.749963556802681 0.569226070990515 1.6877463234313295 -0.08480148378169602 
2.1069826336091015 0.7934078984956037 -1.0976005850803583 -0.9391959117588606 -2.0178606153832255 
-0.2757260272106909 -0.2190037979292993 -0.2692152034047204 -0.6281290889570027 -0.9786416919948541 
-1.387208763908067 0.905110433685078 -1.2549593399807686 0.29358283598671453 0.29993121066218564 

-0.21579741827638835
0.7186547243390567 1.767984345320877 0.7802888548704985 1.4653582056863457 0.39283317847410015 
-1.9441728275977879 -0.5574345190125747 -1.8886357150314 -1.2613739246682938 0.22961622182482952 
-1.5681828593656726 0.5202656122928643 0.7471396617677513 0.17940092243156472 0.860368906005343 
-0.8329279665642587 0.5934755664557149 -1.489850254157137 -1.0682698504451165 0.36413917867678336 
1.1702201791953772 -0.5796600825637012 0.029724783454293593 0.47596779290112434 -1.1192879867688184 

-0.175559115868751
1.0398308999320771 -0.6553761836300586 0.9057298821497077 -0.8899574264659154 -2.3937760185998944 
0.1944575828887535 0.09732772193242707 -0.16776051532209513 1.4491793839560976 -2.3016999198667385 
-0.9407426850384462 -0.2859408535983227 -0.1891978427291384 0.36411044815787413 -0.8242040485249164 
-0.6336550842715384 -0.07063185189048012 0.23522560210725166 0.5438651115529233 -0.4322724287586998 
1.6093486623541893 -1.3103647023911495 -0.22419877917319211 0.6109780326438711 0.6817450966317916 

-0.13852222472878606
0.9328734387838487 -0.6529758975885369 -2.9960533472768143 -1.6903156982266443 0.17639717180766526 
0.9983366507693989 -1.2583857325588506 0.6600860683350842 0.09810085646014528 0.7942021813359255 
-0.4766025460451142 -0.8289776462429624 0.7519418670250894 -0.4718535532869153 -0.011511400162091377 
-1.6464569972752083 -0.41436030672605073 -0.23905201859789177 -0.4540857877439378 -0.9799227683818311 
-0.5059589926617639 2.176215518713526 1.4439022171453142 0.5901754152448945 0.8097482381660401 

-0.12231153437334845
-1.0285530969030192 1.923944430990175 1.211633213187234 -1.544790073382331 -0.9646038519983131 
-0.10074025664769175 0.03362109559376494 -1.2180929193062844 1.4716778820592888 -1.0875191583731274 
1.9069090384471963 0.8023103961442594 -0.6432325611568459 -0.8768615998851506 -1.1176106343833148 
-0.6024043980669129 0.06316349066358015 -0.08293075223057424 1.7538412099743057 -0.08330463921170704 
-0.9804818296905013 -0.38566071293426907 -1.554578546568744 -0.14524698347620413 0.7338620166462206 

-0.12104224058077294
-1.4834140920768033 1.9500414447944279 -1.5031063373555138 1.0029551485959078 -0.6439259729046803 
-3.23339128496319 -0.2992933049154241 -0.41683088636150845 0.4437922445195938 0.4827713739133279 
0.5069641080053774 -0.7817820743113268 -0.8396156509332284 -1.002480490526744 -0.7763089152733262 
0.043408571014456186 0.9205246432454088 -0.034752894627418984 0.7206165275911396 0.8975263369869932 
-0.764921988060585 -1.4021491637208447 -0.6508153839555055 0.2396521019680754 0.3517010642818555 

-0.11591876392120272
0.7645985288048701 -0.4350121973980739 0.7290328022346024 0.5760293473119672 -0.5874574779538726 
-0.11027195003457425 -0.8206446746797568 0.6022702191333769 0.014406348719259927 0.4829099203137817 
-0.28705366463318804 0.8924748668390291 -0.7474382418190973 -2.0726202793499913 0.21891645199406054 
0.8686071008715668 -1.5239904355168155 0.8529744339014782 -2.094548613208545 1.0894780574500593 
-0.4744866782956702 -0.19844812129018793 1.7911282071683525 -1.0799180215996789 0.05208200150869553 

-0.3102985103053606
-1.0456847221243686 -0.9597316781902833 -0.2575103034552913 -0.9392692127948437 0.5245551654957821 
0.793598333318803 -0.3951043132749828 0.09783602647298274 -0.5575505708631733 -0.27660223463082334 
2.0165467751584454 1.0409976122654099 0.6543348320364083 -0.8904691756879912 1.007210203653881 
-1.2288327428268317 -0.5466031342902969 -0.8247167266858051 0.7754126513499322 -1.1268813225166698 
0.7192502808953952 -0.5303182471269823 -1.1169940757251167 0.39580425142618975 0.6415847244193071 

-0.47586559673050005
1.158520581650689 1.08323248409771 -1.1119850892952459 -0.43678970091543073 -0.33328875494595084 
-0.9931342874240948 -0.7138146153808258 -0.9531582432486602 -2.355262020072446 -0.12286326027903456 
1.2160135198871764 0.748701174205696 0.0927409293856452 0.23075905555727 -0.23930722185495845 
1.083333424288567 0.44242725708779707 -1.729779043347754 -0.154948841330779 0.8034571061582233 
-1.0896952394408275 -0.0946365904259418 -0.10802304675566342 -0.7190626236475566 -0.37938074484677686 

-0.055601121625785455
-0.8792532851562971 -0.7484194814111369 -0.520483536004838 0.9400943660285813 -0.8140194732472118 
0.3466476710694269 -0.279387388233028 0.5438600580103803 -0.53080754532459 -0.5406259882871566 
-0.9744612822044496 0.6883152844773616 -0.7500492058739651 -0.5616391400788233 -0.7020370629192593 
-0.9565321457608704 -0.6113254158780457 0.3631914258100415 0.02885293597244099 -0.14421068868062348 
-0.24486830104552795 -0.31810836694711914 1.8380360634243629 -0.898902450523379 0.9058539319745461 

-0.013234116602937397
-0.4058450181955546 0.23474714565613602 0.6270907677365317 -0.8885532900544655 -0.31462969072237285 
-0.5770574413013664 -0.42313625937145366 -0.8644150964165349 -1.3705159945044478 -0.1795221215242292 
0.707912282245322 0.7288714408743953 -3.077474138597727 1.5091057087268902 -0.44226473618251416 
-0.6417744547289844 0.38912867624325354 0.4290010880274127 -1.4663437019494656 -2.14810334491013 
2.2543749553632204 1.1024251251465793 1.5940333251798726 0.21419979532065553 1.0504295863688713 

-0.2809729262772001
-0.39292731520733215 -1.5457245332880918 0.1846505729453128 1.4639414695358126 -1.3511832350683979 
-0.9940511416134336 -1.2425792100934756 0.5052913406862162 0.5011490532712077 -1.2816088712304239 
-0.2322775557233122 1.3305180841383688 1.1958526664611124 0.3093112762091987 -0.4446966953595775 
0.7423908096335088 1.5475276079906448 -1.5467620491143375 0.843012663632636 -0.8832414597719129 
0.5401619335630949 -1.0750537799447673 0.49127573245246 0.9953280502975607 -1.0251652362488193 

-0.1210375303023669
-0.9383309564803088 -1.1452056485838382 -1.6861317838390517 -1.3987371878410784 1.443807899363141 
-0.4311962675406641 -0.31010905635841385 -0.37671336296972574 -0.46418135993453125 -1.9606533990596555 
1.078702434967702 -0.08496456030593472 1.2348604115374329 0.8588762022606404 0.04969708684617126 
-1.8701010140870358 0.44388006309884703 -0.1444412955527865 -1.2275746067081197 -0.3366846428721088 
3.211408484862305 -0.016187382941789515 -1.049305196317024 -0.9952548410124921 -1.152911366799206 

-0.09235588900885228
-0.0702485328521117 -0.477191659374139 0.5521340180848394 -1.3620537292720631 0.3512377247422765 
2.15655282491368 0.6574605405824737 1.9712084366568536 1.1758468556624302 -1.5340357763671861 
-1.7551123924006298 -0.41361917536137244 0.31762826020021767 0.08752686691550249 -0.8946372294870266 
0.08720584895228897 0.0427720030366481 1.0127151550746412 -0.7845635189217519 0.25454740349606536 
0.8191661324513267 0.22537533533804668 -0.6441705719827727 0.648312242744592 -1.1690596331617373 

-0.28625834136414263
0.8405115252407198 -0.5208060139745798 -0.28545199654596964 0.13989790187141318 -0.6428834556029153 
0.6085825183323155 -1.2484289314336323 -0.48704698905155547 0.3303661183861097 -1.5654110418510536 
-0.03354291139214309 1.2444684338173926 1.2613972642369247 0.9678763868225427 -1.0681414703138226 
-0.2719908569965499 -0.5555659381301328 -1.3443492335687186 -0.31170808109850306 0.761856394712042 
1.0222916131417337 1.2986063956877985 0.9231554840573002 -1.273832836462796 -0.3002162866918584 

-0.04069481628931642
-0.994049705679514 -0.8518141271140378 0.3093024330804119 -0.4083444692954652 0.038804587389908544 
-2.1836066587790746 -0.5852278115222576 -2.445553125588066 0.04913427527387651 0.5983846267269968 
-0.6119972051959365 -0.13385659389731616 1.579091736156561 -0.8724772890982953 0.3013653089856818 
0.2897238207239082 -2.0100437999351253 -0.20845265312076963 -0.5033870375179945 0.19467832428666276 
0.8966257126340944 0.40997958481121594 -0.4565866844015198 -1.4400272343153737 -1.6208561044205998 

-0.10263117076350686
-2.566034474553587 1.087542266910577 -0.06141089066301615 0.8935804464959866 0.10016240425190918 
0.045152978314201356 -2.7694169279129226 -0.3227733574794921 1.0630300832463995 -0.29421682161247814 
0.5753157649663592 0.12982359419034223 -0.14593480683534502 0.11637293121751412 -1.8826475810135006 
1.4369004591493273 1.254595410846467 0.13813966894285543 0.9762826053146689 -1.11908211785045 
-1.8277542445138268 -0.23254150640425705 1.0406145830245677 -1.393908981096261 -1.2053988780178835 

-0.29803547808576325
0.1765174614925237 -0.8612257860507464 -0.15861746920008268 -0.6998444027865742 0.4009476768982667 
-1.421884290918434 -0.5287694208035676 0.42728056201875103 1.6089523209183196 -1.221595526494798 
0.05645610333200048 0.5475872477853371 1.5111930223628014 0.21094627360733312 0.47146350637284695 
-0.6449194805226262 0.8615378430931053 -0.43817005890292243 -0.06544791679388509 -0.8713501696283104 
-1.028057251925743 -0.6295717257888336 0.27159010391663513 -0.9422223272794783 -0.41456081456229493 

-0.159316177720958
0.42977934559640496 0.8143267330569324 1.383487304943585 -0.27110355154468246 -0.5032810086734825 
-2.6178967127252095 -0.9996138760836334 -0.3097800608541157 -1.1835969250187734 -1.7748200654966868 
-0.38650216609802845 -0.7189488919912704 -2.3842527368583006 2.6401865776149127 0.7038045447356708 
1.0639461952110236 0.6702494222774941 -0.5344226636986644 -0.16311637591947276 0.5895594762045789 
-2.1442970671281927 -0.37485158807935426 0.5480840799186466 -0.2983030664939715 0.17180919716217927 

-0.12802722068909003
2.560756600794814 0.37185162986211967 1.1505065670838077 -0.26940636366192705 0.4442423039133201 
-0.49623360216908574 -0.5789592485879818 0.00520054593309789 0.5528550053533329 -1.188829270808237 
-0.5857029835200064 -0.29528648467116647 -0.09848685293023211 0.12509314592293894 -0.9644350528314306 
-0.9231160179330051 0.3758426645436686 -1.3958988702405146 1.9980777579958435 0.6406340428854042 
1.7905595936958696 0.45952972071065573 0.8579399195462974 -1.620409459401685 -3.035862871698249 

-0.26320882602034856
0.38673915643583534 0.3473766471999139 -0.721878171609386 0.18506026839218806 0.5573534093865244 
-1.5144370224635069 -1.1220288509170304 1.178067802707202 0.8915715654105875 -0.03758134702414781 
1.0907789133647752 -1.4909558466480317 1.6664373450934435 -1.3861047318186057 0.0933572836690497 
-0.4358727990316582 0.41529647102922473 -2.269132328865011 -0.49919958309152745 0.893301476863364 
-0.31630603175641303 1.5203440908660906 -1.2394832219525738 0.04519416168262018 0.7210140280100782 

-0.1898785487630174
1.32366563789569 -1.6065404936064775 1.866672310821348 1.3001844363187014 0.35160322648587483 
-0.7569914145354031 1.7847808201122906 -0.6386184329760803 -1.948432205647393 -0.08844508145814416 
0.4591200683055975 -2.0293570585008402 -1.171245966918045 1.2011927821673438 -0.2257967718847121 
0.9235105417239576 1.2800947366973914 0.405366094007599 -0.03354626014655629 0.23849175447598212 
1.2124976342411393 1.0456410680615118 0.6810671805283188 1.22479707912176 0.6852332783441024 

-0.014636999291666142
-0.55779058527516 -1.2288945715802024 -1.4030552690944609 -0.6895155180444474 1.8587558499797427 
-0.1288487161029559 -1.1337347257260977 0.7126864423769198 -1.7781264740577984 2.7487399063986824 
-0.033574044892965955 1.994039201162485 0.39551798898100354 1.0525213933550754 0.039386085240616146 
-1.2397645804419737 -0.1435738722620779 0.5555434391891768 -0.9812255764165507 -0.14212458109386678 
-0.13343212835350568 -1.841972862678201 -0.20468185816266332 -0.4657530595851176 0.2131369790507997 

0.12745633672156292
1.0646067773918237 -0.13783736163143448 0.9310934808345442 -1.3749905922874437 0.8713140914052628 
0.5347009000345563 1.1094595592860395 1.7791222194640677 0.19227913294115587 0.2587604092635774 
1.3949469441129003 -0.9209451475029773 0.6791861725165175 0.21978548549365737 -0.679612862142367 
1.4788287663791067 -0.6987442711440247 1.2909301705945928 -0.5130687708957743 0.2665651686079036 
1.7586439095841537 0.4127788247729102 -0.9866249075903676 1.3661163465613528 -2.0036151763230086 

-0.04943196143994666
-1.181927843614307 -1.7525379734993627 1.991211663340842 0.04299133713552073 0.9426942971080463 
-1.3397266203808582 -1.007596659596232 0.4842052278327445 -0.5556349116724979 0.31614824251625906 
-1.773830165484174 -0.8675488039465559 -1.2538249049680792 -2.3363569882880166 -0.16775638116526975 
1.1331142461139385 -0.5776586993002687 -0.7611099909536072 2.8536774754656373 0.2828588592286846 
-1.7700842579194915 -0.43442212444683515 0.46713840769724246 -1.7411680742545592 -1.2531138068098577 

-0.06634830571000828
-1.6415898472891775 -0.903866643925601 0.2983266097237418 -0.1807511896647373 -0.15145969949375315 
-1.505831943520668 -1.8892615496433265 0.26677907594939915 0.598980815327158 0.9266690591010167 
-1.8604117156747255 -0.5214467530387252 -2.973328646596386 -1.2493059457586093 0.031582785081028464 
-0.3367919069085017 -0.12588681699834706 -0.6321250147723803 0.36723466177126485 0.5326100669298539 
-0.6653170715780554 0.6154446861150734 0.4446010242807414 0.5447981976400585 -1.0396200267057323 

-0.27820536046499067
-0.47144597345859945 -1.4729658765212086 0.1769063253146148 0.06959727620618641 0.043550997466920656 
-1.02716182393992 -0.6328318651719769 0.3399773483376005 -0.26827950869274075 0.6597780021610105 
0.2277071131806704 1.2426177104118596 -2.721887640852871 -1.2323374094158985 1.8765939518075139 
1.3455048019676996 -0.3478411480034815 -0.22600968142582786 0.40732981964099074 0.036366674028876916 
-0.7276603668561175 0.31891778488380357 -0.9354812247337917 0.4156107306728426 0.48618758083106955 

-0.08372016403968206
0.10128415536090782 0.8680167669725236 0.7701398721204576 0.5587038478085901 0.5681426636198549 
0.3714783804614735 0.5602343983413773 -1.8773017151681073 -0.508037589479584 0.5454562888099693 
0.6811196344597122 0.22662918497420106 -0.7119112056634711 1.5533795949046025 -0.2781982214598222 
-0.4460559225395066 0.003388850328896678 -0.9351313554292988 -1.9117551393881695 1.4887973137546926 
-1.1433280032964195 0.4305451445572531 -0.46185886439738605 -0.36735299584736325 -1.1544509262766467 

-0.1413435217916812
-0.7569702413312666 1.79202333344203 -2.230567937485645 -0.9959997503765675 0.42810172004120833 
1.4570271239883412 0.08499417426612675 -1.2144523262507976 0.250917163508809 0.23929489890878342 
0.3169325060268224 -1.1468958141820214 -0.8312465343289875 -0.5776086600491387 1.8794077490765466 
0.1632071071709733 -0.15556545179180045 -0.6951551631414161 -0.5081682985244581 -0.5961023643569204 
-0.681241051201396 1.4830663810196703 -0.8626649986254986 0.5416502160012604 0.7578159239277815 

-0.11583664942979478
1.9510350345210479 -0.3816174765966111 -1.1565922173224776 0.7536730406192198 -0.382716815674473 
-0.19017163581762805 0.4499442602008355 0.018110132752698533 -0.6876227809213261 0.7512759079198882 
-1.4093468316103956 -0.14526608948654263 0.7979773676033525 -0.8487403293770595 1.073698500840045 
-1.0980795946331434 0.510153177448945 -0.7500380849093706 0.07285457420219338 0.10192524319289217 
0.078747120416875 0.565212066174718 -1.2445171045743961 0.09043627803149251 -0.21165689284538158 

