2.419729462053442E-4
1.4600147304820428 -0.2214152773488382 -0.7210141187696385 0.11815157725976776 0.2133479154278937 
0.05375312770546826 -1.5352523190228984 -0.519451230194089 -0.05451908429060662 0.15883456544158978 
-0.06629748529839655 -1.026748192689794 1.1251123291621654 -1.3278292483411696 0.15881016949931365 
0.13786325301869629 -1.0709860548946113 0.9852741832576748 -1.0345757298819858 -0.3954555957788624 
0.5423710831858997 1.020577624099848 1.044961268513745 -0.10574373749126204 -0.5050230018633863 

-0.012957109261047478
0.485887826725337 -1.6135860001627946 -0.6061939233916412 0.16925677065554195 0.36885580489924547 
-0.2434657478092309 -0.4206558104969366 0.3086047414392013 0.9678665258704852 -1.307072406967878 
-0.9271108418658238 0.4964634090743136 -0.37204161594974805 1.0764880508692114 -1.375832804378387 
0.8658978616351521 -0.24241393531195202 -0.11757376792461541 0.22519980354248317 -0.8232152331807364 
-0.12461395511513015 -0.2172955562150315 -0.7206722504786148 1.3072262091461515 -0.6238166937588785 

-0.008906640196936558
-0.9170073892237762 -1.5574133334946687 0.002321097482480798 1.8899546058229317 -0.6160410746813894 
1.8961222704199217 0.38788733775853435 -0.3485738088115485 -0.9223080329040214 -0.9716036352555223 
-0.11559476115147282 -0.8966161469923304 -0.45003145998850386 1.3022377011642687 -1.4959945177989067 
-0.5081735568671851 0.5032337336304772 0.1515602866459579 0.24927009293150154 0.47599700049344607 
-0.7971907845970133 -0.6053759359700989 0.34551649835607084 0.5928137624142102 -1.9430385733526487 

-0.02776339330731939
0.10525297815340474 0.21971334760076647 -0.657206556555604 -1.8444126696126157 1.0985071616179671 
0.0019213734331091626 -0.632944259357769 -0.6232584922507663 0.2797173307956857 0.2733204017764146 
-0.5710077505565991 -0.32180517830614713 -0.2649233346595181 0.2985151659606121 -0.7906537732652854 
-1.3830281369934596 -1.023172667118996 -0.018781893625424477 1.7385998042586912 -0.29139994654643914 
1.6222976129406217 0.8531291864528473 0.08221412134652854 -1.8050800328665848 0.1965271575065585 

-0.024419183668538083
-0.5486413112131622 -1.3068705471079716 0.7714794491503095 0.6809824386837671 -0.13424798668142596 
1.2123038303992162 0.21773225904578206 -2.0835788282572536 0.6371349788212566 -0.05052211014576347 
-2.0661006858527373 1.0936863783317694 -2.2563179498757746 0.7219358138396044 -0.8038567508246905 
-1.290734930868601 -0.5769307892269692 -0.6841433029766755 -0.24676189271457835 -0.24774208188306873 
0.8795546546217552 0.6214311263248139 0.326529826621878 -0.027872322023143405 0.3636429540311274 

-0.013452640505918066
0.31699765453045 0.6484914572578091 -0.16054648208157477 1.2157308100578568 -1.9796051005834447 
-0.2755780942172005 0.7196674385841221 -0.21354806152474903 -0.013522949250213714 -0.2598876198122451 
-0.693690055608558 0.7430152914706502 0.48271260807154903 -0.36438392673516434 -0.5990085733797318 
-1.5561082534241253 -1.6916232554242603 -0.5243079744217994 0.07569874722762811 0.9618408530587228 
-0.33502428223013636 0.06825909289949791 0.5206663911792982 -1.1761038282816338 0.5161661028956616 

-0.013002694935449198
0.5422888161924191 0.195503273672529 -1.0588722324734572 0.3468426253580604 0.21215641405435473 
-0.003793489612033281 0.7327159047631748 0.9614072889629576 -0.23710352652424066 0.008999203124550907 
-0.8188292458642319 -0.7044191709145002 -0.06552496053197461 0.18503280826476287 -0.7674265526171818 
-0.5065741127846832 0.3707264475645578 -1.4183451159850589 0.4385728417306488 -0.3369800079926277 
0.2647367815021093 0.5796807997278693 0.8940983071307286 -3.104717978463221 -0.12771709818766644 

-0.020814453397007736
-0.6078333662836073 0.20690496585118331 -0.7550544164666216 1.0259226439024407 -1.3688466522701002 
-0.11283915780130165 0.5938008690265975 -0.47295577730525756 -0.1364965262160004 0.155450446859342 
1.108647220263198 -0.0027446773444399766 0.5938142524252442 -0.7177209292428788 1.1791710914077502 
-1.5169285564334356 0.8382789465920016 -1.5045250001265669 0.8607658367921537 -0.6284755041714544 
-0.48335401075844864 0.030401669774815898 -1.7338794187230273 1.5617302859604743 -1.086703398122465 

0.010195699926273605
0.11478190428569539 -0.5577710500379989 -0.5615809245916225 -0.49466672199760486 0.4624933598364318 
0.6499803101505887 1.1337879725533369 -1.0906468050352423 0.09397016846250474 0.11964807213568132 
-0.8558281890469827 -0.36843823491957356 0.47739408974787984 1.0202611872113054 -0.3616623498829812 
-0.8418569857991254 -0.37236637573976494 -1.7730439292602889 0.411523606928706 -0.7763034245336569 
-0.0315857148920323 -1.1544806500397784 0.5644406946322378 -1.055194645156657 0.019198502109305432 

-0.016634068677872867
0.18286871596173324 0.7741283135621073 -0.9082423598483778 -0.7705813684870023 -1.0324100536146055 
-1.252850288346452 1.0352282126361432 0.1751101015851199 -0.6739483941981542 -0.12136157427374261 
-0.3071422222503329 -0.08071051584356295 -0.4075639789657825 -0.32113166680444555 1.638691412004873 
-0.5036784526248748 0.844893560749827 -0.35009775868968984 -0.35002585196464486 0.3677322080033773 
-1.3022894299157541 -0.8916766826763713 0.14483876061265932 -0.3413497499870923 -1.2836805755154113 

8.480405901553235E-4
-0.5039389073206499 1.6751104981844722 -0.28513182493923 0.2954779545573879 -0.20389841644430307 
0.27932221955886727 0.33583038934468784 -1.3814936533467372 -0.6375542908894479 -0.2366557481733137 
0.24687684081679373 -0.5314582703043172 0.4604060680101034 -0.047733630789346504 -1.6768497823503326 
-0.5070245150548628 1.3947472243511383 -0.1493021285638711 0.4162771977806543 1.0892721823104385 
0.36963923241448343 -1.1292136033888096 9.047658096521288E-4 -0.4782603968094138 -0.4956698529070613 

0.020872703475770724
-1.305547543519808 -0.6644647317220962 -0.2746414489623112 0.23064701669994583 1.827676526391901 
0.8156008457619204 -0.045463989902783185 -0.6495387318178967 -1.2036224509582079 -0.2860912042394115 
-1.0334191885742 0.6610547645936651 0.5958615506979561 1.5452736082331349 -0.405172865495529 
-0.19516240264440834 0.744352841400742 0.048328673807049895 -0.13108333507445522 -0.49924118187932176 
0.58626796380828 -0.8021334572726994 -2.277503037839103 0.5407349696267326 -1.1303282336040192 

-0.03818195162470877
-0.6186826254069729 0.5533520954627965 -0.05487106126698728 -0.7696162218553219 0.3762221744222015 
-0.03286537549801366 0.3432968123964421 0.1725144697474569 -1.016391229952958 0.6185042167263873 
1.4390898387822018 -0.15844374403974257 -0.6531408332378107 -0.22799070406972347 -2.0549171177599956 
-1.4851903635947896 0.8231863438617445 -0.43792546108307473 1.2330248722184347 -0.7381997471966609 
-1.5011351771514738 -0.6496596365191633 -1.0870697549335226 0.5504496324324691 0.15865196728196648 

-0.001858739166753926
-1.0200042604171264 0.8738713298144848 0.7139796434872628 -2.003653967990757 0.7033852176168732 
0.6212003139052626 -0.1071876219453482 0.13720805858099872 -1.8894793543199644 -0.4722835401306524 
-1.9053659437441597 2.615864725511151 -0.7233681926925404 -0.6062714832960907 -0.3836961209675711 
-0.6512035139686125 -0.41667120924040507 0.22487350597877084 -0.6306680590625962 1.4771689906999521 
0.8886497403662192 0.0757798661932407 -0.5649010257153468 -0.8607347800999914 -0.159723183458532 

-0.017561657214110373
0.13624351300347382 -0.2934940891161053 -1.5831916445766512 0.6440812995134001 0.9227137166750362 
1.6246604357917105 -1.1522748797999367 -1.980225223312653 0.07888375204846367 0.35184638699869064 
0.8981629898143165 -1.5768800225057795 -0.2883423369843252 0.2822171090973605 1.0393459668107854 
-0.7126889780477266 0.5072447239395963 -0.26584082881653615 -0.6367240397534347 -1.5936539962416139 
1.4119587273283154 -1.2095278838243961 1.2710612977343665 -0.2613023598622954 -0.8394861966426684 

0.004149717195256883
-0.41765500890720136 0.9240144654624844 -0.5882087089278094 0.401410848958708 -0.09699624057952631 
0.5622779839611944 -0.19902718697504063 0.21822821842283716 0.3273380222792307 -0.43485309953166684 
-0.7199428344117762 0.1422000686277333 0.569072676141693 -0.6344579131365199 0.10678052308363871 
-0.030398744393126426 -1.0725829632680688 0.029978276093213612 0.7524129700221917 0.18753814018696296 
-0.07803996891583236 -0.17547453982343442 0.5321171054793336 0.6857495081021086 -2.339019578045619 

