2.7364114320706554E-4
1.4603173489476209 -0.22154597193609127 -0.720996119235374 0.11815295672873637 0.2131487763256198 
0.05349936513588539 -1.5354179787536755 -0.5195324877759596 -0.0545827549969905 0.15861157600107004 
-0.06600490914734664 -1.026716874547549 1.1249671323118262 -1.327435974782343 0.15933505807695325 
0.13820955502848842 -1.0703676654717953 0.9859891606619243 -1.0338060974784993 -0.39467848408084877 
0.5429464782781793 1.0214230367839816 1.0462401521488778 -0.10412617320733224 -0.5034225938768889 

-0.012946954831915896
0.4861283992453268 -1.61342364002006 -0.605902432526524 0.16958945380860088 0.36916369977331376 
-0.24318829480031745 -0.4205774539206084 0.30876192711657613 0.9680728730624082 -1.3069383020851961 
-0.9269640011463284 0.49648125325556386 -0.3717999007774479 1.0767221926528587 -1.3755938130645189 
0.8661106146198481 -0.24236183210035364 -0.11733035704247739 0.22559243203935123 -0.8228469087500002 
-0.12437447347877277 -0.21725498367599339 -0.7205671328920302 1.3075281466687505 -0.6234973184344168 

-0.008895851012064753
-0.9171183994173221 -1.5574692263977519 0.0025859768568490572 1.8904608425099854 -0.615663880411876 
1.8961429691774319 0.3880080020077997 -0.3482958889555262 -0.9219453213531633 -0.9713165556164463 
-0.11546983331881755 -0.8964668047136192 -0.44968346699315653 1.302689881497523 -1.4955742156255325 
-0.5080376757865159 0.5033891028197359 0.1519532784164187 0.24979335754677467 0.4764979757434565 
-0.7970391400404234 -0.6052312316147214 0.34580256327232384 0.59322630245103 -1.9426245586981699 

-0.02778379286753532
0.10540332474352615 0.21983039299379076 -0.6571717039176249 -1.8443861855931099 1.0985790982855765 
0.0020624851180870356 -0.6327849927842275 -0.6232047726094372 0.27977010670876357 0.2733948680817693 
-0.5708604348910944 -0.32171160195789783 -0.2649832644050749 0.2984109287413513 -0.7907545519684642 
-1.382797610932745 -1.0230130641643236 -0.018757237403346765 1.738571769563788 -0.2914561612910402 
1.6225575070256482 0.8533640573450003 0.08225194312299927 -1.8051371913845418 0.19644915170688215 

-0.024423708752522595
-0.5488352298519663 -1.3071139669470793 0.7711794755109864 0.6806864769349517 -0.13451864017011103 
1.211954540335855 0.2173265489298196 -2.0840279081414583 0.6367143543896019 -0.05091872035651982 
-2.0663911882372563 1.0932984565381623 -2.2568337285305806 0.7215112399633249 -0.8042018146758699 
-1.2909914967064913 -0.5772434033406223 -0.684540073357631 -0.247072546993534 -0.2480361164399258 
0.879298921495481 0.621158409825512 0.32617927380871914 -0.028059763273223147 0.3633721316716629 

-0.013459358800298594
0.31701715431878214 0.6493471056487495 -0.15977360041687114 1.2163292184178243 -1.9790030969811112 
-0.275716049906815 0.7204578111081451 -0.2127917733249898 -0.012928269260060606 -0.2593296878221935 
-0.6938129417141945 0.7436813903830646 0.48341234409900946 -0.36392656536150125 -0.5984111975523436 
-1.5562269079061937 -1.6913260385031135 -0.5239451363236239 0.0759158286853052 0.9622046850453015 
-0.3351679408869815 0.06855433932754167 0.521070051351145 -1.1758548986107578 0.5166079767905675 

-0.013006004930736908
0.5422597731734613 0.19529152381835282 -1.0591721126084706 0.34654917822497516 0.21188292338411016 
-0.0038883194955809243 0.7323286952209168 0.9609328381444087 -0.23754165836259356 0.008525600673516 
-0.8189312105424836 -0.7047506697243866 -0.06590093238601191 0.18475514961779033 -0.7677283673679728 
-0.5066331047136953 0.3704197383232487 -1.4186731912321893 0.4383466684044045 -0.33718821484391903 
0.2646963014973608 0.5793937640875769 0.8937752169704904 -3.104960079752963 -0.12793072673646833 

-0.02080725136868207
-0.6078929064418808 0.2069840246396417 -0.7549245625739824 1.026049160350745 -1.368674665977968 
-0.1132096372000317 0.5933139887805935 -0.47341343197254565 -0.1371492601943797 0.15482016620170422 
1.1084266385190444 -0.002582395227667606 0.5944235834960887 -0.7168588888040891 1.1799909679041172 
-1.5170923348523846 0.8385570730497559 -1.5040234897263822 0.8620279659187572 -0.627695966532359 
-0.48356493249889354 0.030591761571321634 -1.7335588106788087 1.562205291656017 -1.086059620974328 

0.010213641726870538
0.11416995686815186 -0.5585406317603315 -0.5624113523321272 -0.49552022290568476 0.46167014076193674 
0.6496496703034828 1.133183680085856 -1.0914139706930206 0.09316506357230851 0.11889792830340558 
-0.8560193816398118 -0.3688557045731509 0.476894370036742 1.0196952764750198 -0.3621957718649229 
-0.841997162945452 -0.37274925289275085 -1.7734800469250476 0.41107817272007313 -0.7767378730271194 
-0.03168771961859043 -1.154824035332707 0.5639746971130997 -1.0556336664917079 0.018753042228644982 

-0.01663425498778758
0.18259520579644115 0.7738635533015097 -0.9084156051886806 -0.7707264917877225 -1.0325044210119658 
-1.2531074162515254 1.0345940192981546 0.1745395812116255 -0.6745279239504947 -0.1217594346652785 
-0.30734949470007256 -0.08047578355145538 -0.40736615249816244 -0.3211586302961384 1.6394650031077296 
-0.5038829728117122 0.845050966477709 -0.35016327140931225 -0.3501449773658205 0.3681043692329381 
-1.3024771025758248 -0.8913382355188888 0.1453661058388202 -0.34130517755987233 -1.2833605502749774 

8.498939824989869E-4
-0.5037795450840269 1.6754161119019362 -0.2849106524600426 0.29565827428347835 -0.20373985938648742 
0.2795373884129136 0.336142007174565 -1.3812852702649723 -0.6374514531474654 -0.2365456946083674 
0.24709417781198592 -0.5312426383315676 0.4606716820238942 -0.047495486081913306 -1.676728605125892 
-0.5069101369882558 1.3950212660476475 -0.14893634209985745 0.4166564235201629 1.0895762947658783 
0.3697539231373804 -1.129019249284025 0.0011911429177115863 -0.47797854023320435 -0.49536060697729306 

0.02090931489792457
-1.3058034739731368 -0.6648651485586394 -0.274943000643461 0.23026443188620335 1.8278590930260938 
0.8155981415989898 -0.04556718956358329 -0.6497920076005758 -1.203916976277563 -0.2860201327751672 
-1.0333288336092912 0.6612761130184283 0.5958871190365865 1.5477900444747033 -0.4034749745842063 
-0.19514045711164704 0.7446170006836484 0.048848208700109017 -0.12877919768551058 -0.4978398376704084 
0.5863118336606111 -0.8020739076911061 -2.277427070607072 0.5427826521135533 -1.1284964994843145 

-0.03822261952404424
-0.6188293765448998 0.5537245734020622 -0.05414314450568936 -0.7689077350059902 0.37704369088166345 
-0.03281798906511349 0.3434826848502292 0.17316131197198556 -1.0155249948554534 0.6193116659134889 
1.4390973193140673 -0.1583670705471819 -0.6535282780188505 -0.22898582080332297 -2.056003146177498 
-1.4852191110503794 0.8233971887105881 -0.43808171811390584 1.2322565978665538 -0.7390989661736453 
-1.5011877309456516 -0.6494194442655973 -1.087049243210886 0.5499471340659465 0.15770482919256062 

-0.0018628414157793268
-1.0201058636799067 0.8735677592805128 0.7135268064253407 -2.0040873426944508 0.7029601893032417 
0.6211373924847392 -0.10743683217257016 0.13680670510650303 -1.8898795771017458 -0.4726759838886386 
-1.9053354186882832 2.616118538082185 -0.7231352116023554 -0.6060931289405804 -0.3834177044454926 
-0.65122833100437 -0.41647806693761 0.2249871539402941 -0.6306219747172622 1.477361549518205 
0.8885931916887715 0.07583050997328616 -0.5649238113958727 -0.8608362464729794 -0.15969797030967836 

-0.0175741856776673
0.13622171721933368 -0.29362934960439374 -1.5834077989990156 0.6439171232192346 0.9226004116611808 
1.624580214993118 -1.1524107770988725 -1.9804372293148658 0.07873528800666131 0.35175763152218154 
0.898318353535069 -1.5768173555047338 -0.28840112458020317 0.28225099683916705 1.0394487595870625 
-0.7125110579749794 0.5073437102002775 -0.2658705015696291 -0.6366725693189902 -1.5936002374938367 
1.4121391179274367 -1.2094712464465556 1.270995428696747 -0.2612844377349226 -0.8394765601668717 

0.004185946858615868
-0.4178548834122708 0.9256068660342078 -0.5861276562828157 0.4020328894073705 -0.09596208223554625 
0.5621598907841261 -0.19735074767585462 0.22005971067031485 0.32744243137018125 -0.43392801724640884 
-0.7200041565722101 0.1435394412161936 0.5707863113245384 -0.6336083147242719 0.1097710931790832 
-0.03058494187517594 -1.0716227892314756 0.031036822721583823 0.753545000344923 0.18912692474090265 
-0.0781504760750701 -0.1748544030404492 0.5332020083740794 0.6867679001600309 -2.338646052134358 

