-0.06666885566240979
0.5665831964805332 1.0249844090790148 0.12554310536041266 -0.535550940721425 -1.3002697389548628 
1.6486965059742895 0.2588477900784448 0.6801334400927006 0.035811528329173684 -1.7836124867561116 
-0.45281409086852387 -3.2765707321643456 0.12286459918628702 -0.8004942984970947 0.9253345777920194 
-1.018369394844232 0.827861921803974 -1.4910291755495417 0.964182274643731 0.15458584207170345 
-1.4959992470057408 -1.2415216818139283 -0.14559902197830762 0.634029191930392 0.03556220788970528 

-0.053416084692874025
-0.77376251628795 -0.7941586437482026 -0.563481477476613 0.15465847470997207 0.7587062131827 
-0.23825819133579856 1.090582683707628 -0.9341795633813001 -2.258960362476044 0.947167586729099 
-1.6063203545717866 -2.537453440429084 0.8459240133385676 -0.42698811210912935 2.033744944435899 
1.0995056085429413 -0.35904403052452427 -1.6494517995232962 -1.955438635659627 -0.09821817784181176 
-0.3969431722485222 -0.6238204929733561 -0.522068002815404 -0.6710387728934286 -1.9836784707498978 

-0.09780085316410816
0.5272006723525953 -1.1902766658457296 0.9803101951513495 0.5815240063539496 0.551721580399988 
0.02438250064035249 -1.7500494311804538 0.569266858797726 1.6877796726227654 -0.0847552335331792 
2.1069801916483795 0.7933554492300452 -1.0975477983182829 -0.9391452083907622 -2.0177955359300546 
-0.27571940007014833 -0.2190448084337519 -0.269215031605377 -0.6281000865798112 -0.9786050448713483 
-1.3872149850710258 0.9050668432212213 -1.2549521210374042 0.29360854436677675 0.299964338353729 

-0.21526809019710974
0.71922899985835 1.769013853050735 0.7814217926264373 1.4665860265956117 0.3940918542018899 
-1.94382285923288 -0.556664570535881 -1.8878573614456153 -1.260583254312123 0.2304840503207802 
-1.5678698224382481 0.5210372373812014 0.7478398965689871 0.18001511291190453 0.8610275290560412 
-0.8326127413106518 0.5942470724084031 -1.489210035742678 -1.067656909398417 0.36487971686636334 
1.1705507209508896 -0.5789716986105599 0.030412191581771754 0.47668171253197 -1.1185874944064647 

-0.17522054059279726
1.0398471330432302 -0.6553610052621455 0.9057769375834561 -0.889914316131938 -2.393733571147291 
0.19446433991764392 0.09733045917882768 -0.1673872660182969 1.4495677336132071 -2.301376047077916 
-0.9407081211805384 -0.2859050819865266 -0.1885431320875737 0.3647543879439804 -0.8236444790947987 
-0.633615771903813 -0.0705934529833852 0.2359179612566953 0.5446060872893258 -0.431569525231139 
1.609381400165351 -1.3103235630490018 -0.22348493437092867 0.6117072428792829 0.6825131499045266 

-0.13853735949315743
0.9327620885295004 -0.6530657968520849 -2.9961257255125786 -1.690415096463072 0.17630773137545316 
0.9983444372227761 -1.2583202351679574 0.6599818844199683 0.09789787332366423 0.793933606792095 
-0.47672536914001346 -0.8286535057770487 0.7520199413145989 -0.4718538979848707 -0.011604887922289758 
-1.6466796235810177 -0.41412338978179075 -0.23925502457658865 -0.454254337721517 -0.9800354345815325 
-0.5062995643001792 2.1763765332762244 1.4437545997946601 0.5900617149799986 0.8095885231328731 

-0.1222942050449104
-1.0284688928846897 1.9240637577836799 1.2117156432422818 -1.5447326218643889 -0.9644996587938413 
-0.10066085680980351 0.03375197177047369 -1.2179966368835269 1.4717508535112505 -1.0874397777389069 
1.9068860220701234 0.8023222214379394 -0.6431847747978878 -0.8768251153480315 -1.11757798380579 
-0.6024728214637579 0.06315742539984681 -0.08290898066450021 1.7538946625604597 -0.08321191764123473 
-0.980525178630197 -0.38563505143340154 -1.5545547715169536 -0.14519289777447025 0.7340010023022006 

-0.12095722376661577
-1.483427042263464 1.9499462976814474 -1.503175251930119 1.002895110440375 -0.6439655333791829 
-3.233411416779845 -0.29938508106439166 -0.4167307247402848 0.44389462432794463 0.48294560690933164 
0.5069417949147459 -0.7818228723116691 -0.8394695703220679 -1.002301717918421 -0.7760321773496545 
0.04338771050971357 0.9205021149140155 -0.034621684054217595 0.7209244396288994 0.8979013323711257 
-0.7649421664270216 -1.402166384974509 -0.6506595049593296 0.23993479971666914 0.35205176790611753 

-0.11590057398370956
0.7646064122144868 -0.4350383468882554 0.7288799330695055 0.5758519336517741 -0.5875889489197607 
-0.11025724123560657 -0.8206652928933246 0.6022530958216493 0.014318765783674803 0.48288207686549195 
-0.28705075372010425 0.8924612967299208 -0.7474122175068693 -2.0725745907403708 0.2190477169669075 
0.8685901810625991 -1.524030769841964 0.8529706940921268 -2.0944979925731673 1.0895868612229127 
-0.4744875847021051 -0.1985032604587124 1.79120558630562 -1.0798532788270263 0.05223412610408734 

-0.31057133695016487
-1.0457134994341957 -0.9597422445636162 -0.25750464755223057 -0.9392760949963564 0.5245567523204852 
0.7942971596914165 -0.3944397191725237 0.09861852798584236 -0.5567294605380727 -0.27580278853676227 
2.016043141778208 1.04064885062459 0.6539855685759364 -0.8909237067416887 1.0069955590997752 
-1.2292615207657438 -0.547020276966649 -0.8252335890887065 0.774794419568604 -1.127356403390396 
0.7187900049353266 -0.5308007114748847 -1.1175746900278223 0.3951725209392037 0.6412011016438627 

-0.4758733252431025
1.1584918628335088 1.083213401624243 -1.1120075748363702 -0.43680985273513445 -0.3333051581580606 
-0.9931613695944725 -0.713834766126744 -0.9531754063261115 -2.3552807933111573 -0.12288080926170505 
1.2160998645848762 0.7487914821765106 0.09273372849653445 0.2306561875361976 -0.23938820374386519 
1.083340751263737 0.44248889326073376 -1.7297604089352305 -0.15501489478539485 0.8033851077258126 
-1.089630259766458 -0.0945882407658241 -0.10803149338718661 -0.7190232790212698 -0.3793728806842179 

-0.055414378237855194
-0.8792572467276442 -0.7484311814208495 -0.5204767797182933 0.9401015495986256 -0.8140089440628288 
0.34664180232701275 -0.27941083888750234 0.5438930207957366 -0.5307852390812535 -0.5406069314105506 
-0.9744659642422885 0.6881310091196837 -0.7497269204301255 -0.5614489143438677 -0.7019053283297323 
-0.9565363845195783 -0.6115410612128398 0.3634460126143025 0.029015396091296636 -0.144078702096803 
-0.2448734243088767 -0.3182472043307081 1.8383914650243913 -0.8985917082814247 0.9060900703078975 

-0.012631928029251565
-0.4056864135124993 0.2348913106111522 0.6272799241127454 -0.8883242367128119 -0.31442763810239266 
-0.5769873876116306 -0.42313317513311227 -0.8643540302774553 -1.370455032056852 -0.17946780592376976 
0.7086985704851821 0.7299105845979573 -3.0765396483540486 1.5097918955942142 -0.44156507898375613 
-0.6407656563179968 0.39023448983006337 0.4298143460945019 -1.4657541473769051 -2.1472781461971384 
2.2554563062526474 1.1035223358385207 1.5948675604505254 0.21479059160734162 1.0514390629545485 

-0.2807982740421346
-0.3927751922216193 -1.5457085808917452 0.18354378196099852 1.462838351809853 -1.3521453150770273 
-0.9937248059979304 -1.2423286844992336 0.5044393840069773 0.5002779491772714 -1.2823642283407892 
-0.23119133946495204 1.3318810854418373 1.1959955171855716 0.30967377880155444 -0.4445735998397998 
0.7435148046357652 1.5488980239209063 -1.5465351454356626 0.8434289850310961 -0.8831521693382169 
0.5414506671276289 -1.0736773289796484 0.49170680715552556 0.9955602314018576 -1.0250154109130882 

-0.12121748632913137
-0.9383672787959288 -1.1452406642431483 -1.6861545629047643 -1.3987598313160556 1.4437873441717708 
-0.43122990227099256 -0.3101408002187226 -0.3767369217531988 -0.46420710087480255 -1.9606765264661117 
1.0785391859498217 -0.08506989953349005 1.234675593860496 0.8588507407457668 0.04967495717299513 
-1.8701036088119545 0.4438701007509055 -0.14447966112986946 -1.2276724001594508 -0.33675352398512487 
3.2114084523781945 -0.01619999217841116 -1.0493065862499094 -0.9954198533204459 -1.15297499997455 

-0.09232491212764547
-0.07059611239239177 -0.4775932183678379 0.5515013134551571 -1.362365002124477 0.35113219581045485 
2.1566259815817546 0.6571698116843061 1.9711407711549351 1.175882592381749 -1.5340245702405062 
-1.7549707347753805 -0.41378232925565495 0.3176971258390978 0.08770763443581099 -0.8949495949626959 
0.08751999480620007 0.04263923891260068 1.0126410834197692 -0.7846666770068644 0.25421635462739045 
0.8195429205593308 0.2255592888755185 -0.6438485678754988 0.6482455912528053 -1.1693141501651916 

-0.28610023757510644
0.8408057961198901 -0.5204872410138778 -0.2852155008306371 0.14022897018499578 -0.642506653390964 
0.6089644686946395 -1.2482002674862933 -0.48680878909629743 0.33070978751720237 -1.56501753030359 
-0.033828235654417234 1.2445765534350717 1.261493491123345 0.9681794091085693 -1.0678829512996082 
-0.27195804735731527 -0.555211563451527 -1.344099439157176 -0.3114149059321178 0.762154880250569 
1.0224236698328595 1.2990710859733634 0.9234751486117253 -1.273756882529192 -0.29978306555585565 

-0.04068692266537702
-0.9940471270157181 -0.8518119661955863 0.30929725733098606 -0.4083494280490532 0.038800851135394825 
-2.183606999427274 -0.5852251508946668 -2.4455521068649078 0.0491336272550668 0.5983855149222134 
-0.6119863179915259 -0.1338383163318734 1.5791070168389179 -0.8724604749449536 0.30138571304864165 
0.28973754836940285 -2.0100259633787525 -0.20843929722661725 -0.5033742794818714 0.19469816925932196 
0.8966415466106596 0.4099984142112957 -0.4565721046590136 -1.4400156958555557 -1.620835042196337 

-0.1026173149177825
-2.5660216060490497 1.087566380908848 -0.0614643496051788 0.8935070515819898 0.10009594231265424 
0.04515726054142027 -2.769411903974752 -0.322818108797189 1.062976826377143 -0.29426269564622104 
0.5754113033130575 0.12991789533520431 -0.14590125192147374 0.11640789501939533 -1.8826194379767476 
1.4369759495458971 1.2546511602054515 0.13817185465493034 0.9763299114062081 -1.1190682683111604 
-1.8276964041919506 -0.2325291730189091 1.040627619575069 -1.3938696011049685 -1.205382983136532 

-0.29818583084818123
0.17651717284273838 -0.861708247014045 -0.15899144316086675 -0.7002251509755002 0.40064795487055893 
-1.4218969621508266 -0.528986911195354 0.4273520812547028 1.608990332355905 -1.2216396434535826 
0.05633697246083986 0.5472144226628621 1.5109331025842812 0.21082618852283094 0.471189678849341 
-0.645045254335298 0.86114835516912 -0.4385757499316607 -0.06577088031295013 -0.8715746850359095 
-1.028151944617823 -0.6298948662670025 0.2712869318745901 -0.9425375689637848 -0.41478680438050897 

-0.15905750542939825
0.42977481348882574 0.8143523416298705 1.3835968764317943 -0.2710342565449855 -0.5032055084818589 
-2.617904704525646 -0.9996029318781183 -0.30970509134207813 -1.1835403787665015 -1.7747567593175917 
-0.3865912827410529 -0.7191643161162095 -2.384086714989113 2.6401765849987426 0.7036918482373687 
1.0639116799586859 0.6699778045758367 -0.5343218371904881 -0.1630657787528916 0.5894722338825862 
-2.144302897670092 -0.3748976548162971 0.548249053659158 -0.2981504920878937 0.17201365514164876 

-0.1278964573409858
2.5612069054798687 0.3725971639158062 1.1510957515644433 -0.26891437623629755 0.4447413784280041 
-0.49577341877674286 -0.5785851469675357 0.005331905334058193 0.5530299788260549 -1.1886103202220544 
-0.5854176145101052 -0.29509497991344075 -0.09827675836649125 0.1253308032358838 -0.964202508447123 
-0.9226275411375796 0.37622115723630384 -1.395598917676531 1.9984613240829188 0.6409849688838445 
1.7909529265948798 0.459949751793449 0.8582866094444328 -1.6200961435431007 -3.035535271140982 

-0.2634237382499989
0.3868729902136737 0.34746191559659184 -0.7224919825477026 0.18459476104031458 0.5570060268499953 
-1.5143511449245612 -1.1220508044528394 1.17765352427225 0.891164507151715 -0.03787442122415872 
1.0909376203964727 -1.4908917566130568 1.666113650397662 -1.3864344891709641 0.09313152660643473 
-0.4356939783198711 0.41530384408366405 -2.269608261820079 -0.49946324464617076 0.893189445411026 
-0.3161584250370943 1.5203093101150704 -1.2399815369295946 0.04480349299023737 0.7208342365645656 

-0.1887731658387941
1.3262047271145359 -1.603837155721797 1.8697268706878682 1.3031787388108096 0.3548423142289971 
-0.7549354304276126 1.786927155851077 -0.6359831742814966 -1.9458326597006248 -0.08559908264707627 
0.46049582542002687 -2.027775802265674 -1.169522391664632 1.203125487093096 -0.22396495729145732 
0.9250186670909054 1.2816029792751595 0.40717917263509973 -0.03137774365026529 0.2405365017253435 
1.2138730264184214 1.0469847518781548 0.683058545392989 1.226885605028843 0.6874086462724336 

-0.014311229351815965
-0.5581818437975102 -1.2294772274043373 -1.402586262442414 -0.6891485079356661 1.8592213198542615 
-0.12921294295887154 -1.1341739736594245 0.7136843421325241 -1.7770883422210728 2.7496791921649426 
-0.03394415296957498 1.9937282413782218 0.39649830147646337 1.0538316534765464 0.040535307655730275 
-1.2400957516360864 -0.14380982216985883 0.556304744460399 -0.980412864420375 -0.14107684633720902 
-0.13374791221214222 -1.8420623123606445 -0.20386430591735843 -0.4649217736620688 0.21415241123474704 

0.12838665927544218
1.0661711518340644 -0.1358521617728202 0.9314970687086294 -1.374381001896366 0.8723703613389097 
0.536545790034098 1.1118548362561422 1.7805205389193808 0.1938608040899077 0.26030076624595366 
1.396904400948859 -0.9187852675972942 0.6807417426869852 0.22147246505524035 -0.6784576931236853 
1.4811603687176642 -0.6964800146509824 1.2923567820707391 -0.5115352078705991 0.2679272522841135 
1.761241329357509 0.41557017661803386 -0.9850640831464925 1.3677267202742982 -2.0020511061772037 

-0.04948870364192547
-1.1819425784074626 -1.7525335462231504 1.9910369779164871 0.04275481028478418 0.9425434672523788 
-1.3397487796525547 -1.0076009687310858 0.48408490852667185 -0.5557694729864544 0.31608569177658247 
-1.7738492011043006 -0.8675484948334357 -1.2539359749742653 -2.3363527750747806 -0.16774973964640863 
1.133096245458139 -0.5776569830189167 -0.7612775305938704 2.8536281774842607 0.28284940708008705 
-1.7701018741880825 -0.43441633560310267 0.46703039419323805 -1.7412504667491095 -1.2531957936231874 

-0.06634573856505034
-1.641593898259498 -0.9038664042165746 0.29832645586264184 -0.18075263934036495 -0.15145401541670803 
-1.5058381229738318 -1.8892651672243121 0.266775274705298 0.5989803892811509 0.9266792575771534 
-1.8604155645507783 -0.5214432818911183 -2.9733294036301534 -1.2493059915945746 0.03159793588895043 
-0.3367955064678635 -0.12588313563402498 -0.6321303492562774 0.3672341847386721 0.5326234554749574 
-0.6653198759896723 0.6154517489644638 0.4446015303164835 0.5448015235276641 -1.0396150588757955 

-0.27824412864940595
-0.47142343564865175 -1.4728980089926869 0.1772515981379287 0.06991353321336208 0.043966865166977086 
-1.0270143823774358 -0.6327323513116898 0.3404024642514873 -0.26796247504521753 0.6603267254794755 
0.22770856226225603 1.2425481591472924 -2.7218062768598643 -1.2323512287276888 1.8770494889946214 
1.3456235481400838 -0.34790958505335073 -0.2260678582653654 0.40728859860221284 0.03656586169802366 
-0.7276132339439805 0.3187956476188324 -0.9354637885477641 0.41558310843651175 0.48641572826248225 

-0.08354341368777442
0.10168231841255786 0.8687512980897776 0.7707802528256062 0.5593333461041411 0.5687384856576571 
0.37167601392201516 0.56077829897218 -1.8768755747087296 -0.5075278989333197 0.5460246480810167 
0.6812748290153673 0.22700650366482683 -0.7115843968947451 1.553791374959699 -0.27770690529435693 
-0.4458851621109984 0.0037944371811610227 -0.9348285670233704 -1.9113943052168454 1.4890906345296273 
-1.143155266533154 0.4309210154217654 -0.4615443107666275 -0.3670631576074459 -1.154192845205936 

-0.1410789153072182
-0.7566583146066299 1.7923747330121322 -2.2302881712241414 -0.9957042840656846 0.4284531889707683 
1.4575086262433352 0.08550361887010725 -1.2139017366336267 0.25154059954801233 0.24009155952687058 
0.31731157620533973 -1.1463967623320204 -0.8307405054806232 -0.5769341310577234 1.880254998152966 
0.1636273598488056 -0.1550385454441404 -0.6946795430035807 -0.5075264472351144 -0.5952820300031516 
-0.6809163218102453 1.4835380884563119 -0.8622032464608419 0.5422083195332404 0.7586038842641413 

-0.11571308061337839
1.9508495535895882 -0.38181357071141153 -1.1567772813265835 0.753554897464385 -0.3827589041616576 
-0.19033756100943686 0.4500875393196019 0.018363633424573436 -0.6873736221583708 0.7515448160421914 
-1.4094448097039676 -0.14506354022034934 0.7982208801489997 -0.8484642798489479 1.0739682109149298 
-1.0981886943113237 0.5103364430555244 -0.7498989933582674 0.07307926331519449 0.10211044240341735 
0.07860440057465541 0.5653312471720114 -1.2443886294816973 0.09055108387326063 -0.2115493050126758 

