-1.1493869660123222

-0.3479316746162543 -1.454033825172855 0.15472755917264142 0.6643070293765306 -0.9888079484965774 
-0.23507431126259845 0.4800713499677737 -0.8223672319967371 0.9586688962040141 -0.9319809420722229 
-1.359096215194929 -0.3065609148284501 1.6245494292912102 0.9535192609937454 -0.5201199876938543 
-0.3693478810891813 1.4315603211183021 -0.1023153813652094 2.3553930822263998 -0.397110584406411 
-0.8060090818992219 1.579671305793462 0.9897009567220942 -1.8393158551611932 -0.9248868541750148 

-0.22229103232629613 -1.5225935365530288 0.02442748892391568 -0.1304448225026474 -0.152537362560175 
-0.6974896716971508 -0.3496442607332407 -0.9160409952471217 0.6459087818222763 0.91476965693574 
-0.21219610381554582 -0.7059596861831013 0.5722117193732844 1.190129144897265 -0.8712839854765579 
-1.103157982842203 1.9270540489422943 1.255784158495864 -1.2002686969924665 1.1276190863214746 
0.5271604361290588 2.0150525543153464 1.7224009407448335 -0.47229628632034215 0.7658777607298075 

0.5876911774184772 0.1993143803121509 0.3444609049835265 -0.23821015157435627 0.9848970977691043 
1.139284878628006 -0.20756708812880412 0.20992916549783222 -0.200346571505858 0.24890260461644478 
-2.609931894135591 -1.4164045825329203 -0.2192279408848009 -0.8231615137421875 1.4564723383253388 
-0.27570349095142865 -1.110709423809915 0.6635994231113803 -2.4549845877904812 -1.3998812890813366 
0.5864974069641922 -0.5910792034916054 0.2830725705367437 -0.8114473458075165 0.3792193929825614 


1.7371184023918835

-0.025143803458746027 0.1576915679763061 1.1414965468233529 -0.68565085231968 1.0830993796995143 
0.2887932174197218 -1.3496142462911005 0.5036686427885263 1.7774829696957763 -0.07070397796721736 
-1.2162318088603163 -0.27378334446657426 -1.7027653140710777 -0.15009413195107427 -0.3864523814079102 
-0.4895227987029595 1.7796353733074581 -0.6121425979219566 0.16717646835770555 -1.2398818961409273 
0.3414518938014445 -0.26439636456276544 -0.24186146539676334 0.7833146048088815 -0.13345231739155552 

-1.4929522420638262 -0.9127402478608474 0.4476757277537146 -0.36478176022932096 -2.25941475941526 
-0.2890379409483091 -0.529369064648478 -1.4143785337778971 -1.3954694709626712 -0.6248055072917738 
0.6888384741682702 1.797060197845662 -1.5119095593945937 -0.386705613804197 0.8470392769237763 
-1.9949760544092539 1.3950419406742172 -0.5971123284919426 -0.3073178920561844 -1.0867539008779656 
1.1729031930054235 -1.2488771177363949 -1.5930502917672713 -0.2900645250373955 -1.650828349454438 

-1.0907656202011298 2.444502050529696 1.1221279885028295 0.21965457205790037 -0.6488078209311902 
0.6061739369748924 0.19681464256411038 -1.5464607998779007 -0.6930148267181315 -2.2505312143436833 
0.9681216350781994 0.8123169550568845 -0.9307134523943557 -1.121738037220841 -1.6648308103285114 
0.17198381483572708 0.7013797787951909 -0.5473951900553604 -1.1534438372579279 -0.006063477646280166 
1.3016832728698466 -1.055900182885073 0.49748552172451893 -0.08804091110933478 0.926483017595761 


-0.5978563305123834

-1.0099193895719507 0.8281339074803272 2.3550328705693655 -0.2615679924445313 -1.369329558674951 
-0.19165023854258645 0.3932756912754976 -0.018843459907613862 -0.18633532645347778 0.16364438298554934 
-0.5701203088252327 -0.4052919638922665 -0.9573989504696659 0.5810093740900528 0.16807235959811617 
-0.9930171254536375 -0.2838392897717403 0.6984827130330027 -1.045026959612555 0.30454442701971896 
-0.527787386418499 0.996092798064975 0.9902149429703422 0.23661362335434144 0.49051649150187077 

0.516585332545813 1.4413981060852117 -0.15958632779652668 1.7500072325829954 0.447480512242759 
-0.18037661922742584 0.7854420702871738 0.3881844784983052 1.2615316528728842 -0.7385652435977046 
1.2587205502310264 -0.5782114616752935 0.9875933870744954 0.371861202957961 0.777079174040264 
0.3405457188173165 -0.54624420183948 -0.1956720739949469 1.0453934557444697 -2.3639376853950105 
-0.0032392347281179307 -0.5581726411505544 0.485187631417035 -1.4333082593750797 -1.1713920340051753 

-0.5482967179752121 0.22821299531214145 -1.4960236345164997 0.22290914979216203 -0.250689014376317 
1.3010790762823845 1.5822839428410926 -0.19651743956269624 0.7885856532041461 1.1623172532081278 
0.5354498423383286 -0.42354663052587316 0.5036906689569984 -0.8708878625068206 1.6530397589605852 
1.456159132723999 -0.5694728082319479 -0.8660984761543588 -1.4143302469427905 1.1645763470333879 
-1.9737962009262193 -0.9555552565658078 1.5206963007087073 -0.43002795164245455 -0.23124232232089323 


-0.7396319490072616

1.2723328139864511 0.3406699498003031 0.14134275824869666 -0.986473214682605 -0.908263571063616 
0.09643469763556381 0.45052166918669495 -0.1382280313183615 -0.6147222932491808 -1.0144573259766663 
0.18057921758610287 0.0920789457237324 -0.9418411113290817 1.1324876988892034 0.17874837827565926 
0.8588792758998824 0.443214799662447 1.7506331053935134 0.5919236609593904 0.07884370675046681 
-1.352670236620727 -0.7051951382043691 1.3245734174691028 -1.2921687679449323 -0.31027240901317066 

-0.2041837817147186 -3.5089567772866914 -1.2416915390949594 0.18297193466829106 -0.10386943142289382 
-0.30507950873836354 -0.5737293065001048 -0.45299885447000154 -0.9533314672170031 -1.8280419464468236 
-0.5537929148999737 0.6548788316484243 0.9856751616185716 -1.0137801910947866 0.2445691171786154 
-0.4203567748635243 1.0460708981498335 -0.8570038917522614 -0.010223386049406947 0.1909271151616786 
0.21857806277073527 -1.2271893500080318 -0.6309607575845927 0.22862123389016822 0.5732884776237693 

-0.24790387096247934 1.6672614578061886 0.14049113232573618 -0.7599434445112727 1.1670643768435986 
1.5334001517001297 -1.3504756981739447 -1.0116036808616522 2.194355878344358 0.5767284996524519 
0.5145877393796915 0.0015975333636710244 1.1075358668747521 -0.6921083645915276 -0.9875355312130714 
-0.3603644588632342 1.4151673571506869 -0.051902335595015434 1.0661152780841476 0.6764824572819257 
1.7292353123226425 -0.07286607068814344 1.5547438054505682 2.472748149718384 1.8023032067946465 


-0.6950254951252152

-0.3780316463953318 -0.38890705606814363 1.5066293975491334 0.4034056500559907 2.091973766772293 
-0.05663188227246619 -0.399572428002081 -1.29449884854511 0.965888964874912 1.144043417018944 
1.2727132246986081 0.4085648177210409 0.8273621226136243 0.056752917056423935 -0.0058821655280739665 
-0.7882860694616968 0.3175915866754883 0.3121612440101486 -0.17826900504667156 0.4826647414248767 
-0.6674091542153825 -2.3981864587345263 0.5193338411711715 0.9432516057341427 -0.6912355235073568 

1.9835383864632259 0.6968687845683428 -1.729156257043985 0.36368894743083424 -0.21541340417599603 
0.5419553218862149 -0.16932983574954003 0.3263531034313779 -0.31046550782567645 -0.12855423542694647 
-1.7644335885405582 0.9422660957902901 -0.6228210493836219 1.272134606622652 -0.7015639950423921 
-0.3349647709272312 -0.38140962260780154 -0.5749843811543044 0.3076642002911761 0.9000467195867581 
0.7936241690009668 0.46995178800198667 1.1883487888678128 1.0048740932101639 0.2081708174708625 

0.29865672075767163 -0.9325810735493191 -0.9453574541173005 0.6137660533271694 -0.11614415778034784 
-0.18061612243893027 -0.062219343497922866 0.13514832170972332 -0.5646842227866298 -0.2588891488983244 
-1.3526765598893757 0.13896043337388575 -0.26914863823316054 -0.42688539939173187 -0.1463728833303397 
-0.07637463582328285 0.6801824197070598 1.044288081997971 0.31058491734281674 -1.0727472954982196 
-1.319402958467363 0.28576864402360214 1.644049818503361 -1.012640796467302 -0.22196139290705105 


-0.8485415264893383

-0.6799536547166461 -0.4931358590325088 -0.015179805380789238 -0.21470751189371307 -1.0661504029814663 
-1.0601362324202954 0.5173363594215824 2.267641647966662 -0.21700432176316806 0.6811023251439362 
-0.7708507903855911 -1.933755205094655 -0.7025084724081405 0.3036397163379044 -0.8652317788129212 
-1.1110990241917231 -1.0592193297653472 -0.6332269496868923 -1.665081330123086 -0.4833820876951795 
-0.7684085670150933 -1.0374073801456116 0.8098450244243879 1.0407935551898457 0.6446181601559019 

1.8888761612298195 0.26278477619420376 1.7007832607924422 1.0400687551503438 -0.8701016365410819 
1.538676246458014 1.3000526234340333 -0.08394315435666205 0.6839681267395958 0.5416318681013819 
1.0712171703566566 -0.9677423903870406 0.5366560719922174 -0.28097022555028806 0.6213628525757656 
1.708939241261187 0.5918652897607681 0.7222721582963728 1.5796139478961906 -2.078353032651169 
-0.01059269771853224 -1.0930715425737187 -0.9410073274227363 -0.5285404027159871 -0.28508767493194603 

0.5040524517462657 -0.5181920723468432 -0.49130671707164253 -0.7787949549370935 -0.6754796023743638 
-1.79180400501746 2.187898911587248 1.4685624844385508 1.7254321008188116 0.20356965449450815 
0.31790262937563296 -0.5099683592378528 -1.949525827363793 0.8289208445012054 1.0148553461963121 
-0.8527417788282163 -0.24357925440518502 -0.05603103894945032 -0.1024456714173793 -0.16560155989840855 
-0.49969679423984853 0.8145548648139663 -0.07006319275936441 -0.5213794483169736 -1.158192308338142 


-0.7645630459290242

0.018977653236199245 0.09466475097403614 0.742801807835218 -1.1035893212982357 0.9203038825419836 
0.07266364206336912 0.248214655906259 1.1510254168570504 0.5970938764086927 1.3957552193911829 
1.5337814621471253 -0.33916276446603666 0.3397744239029089 -0.6835906293329833 0.11665230394955155 
0.5497175180967256 -0.22497824878053235 0.36685288310906844 -1.1226424316885244 1.1800614366957247 
0.7388196425975672 1.0046360186906116 0.27001232147317894 0.011504479481280977 0.43032115058782106 

0.6006484595864078 -0.03237334786296369 -1.1828174727721505 2.2039821466487446 -1.4356008843228876 
-1.1280813260937574 -1.2003195747483077 -1.2425728509748721 0.33346831149931183 -1.343422867619025 
-0.3266917871256785 -0.7380494228801194 0.17473885087165408 -0.5646514826327108 -0.27569594644430206 
-0.634947319058568 -0.03407403338898702 0.5982872276071187 0.4007362438216345 0.8520889741629613 
-0.6759843290106442 -0.37505863659622035 1.2145698441947939 -0.5899459901276182 -0.25941224153988457 

-0.3209256314342403 -1.2663428898366167 -0.5739853859522506 -0.13298259251136108 0.9867842977764637 
0.504288975549261 -1.1570982765530913 -0.8186873707296126 -1.0209342856802401 0.5540722890654968 
-1.5713311579942602 -0.08043057443697113 -0.2064815260803671 1.1905071948583241 0.559302658446787 
-0.44423432601077395 -0.03327323660971999 -0.9683321902442017 1.3323530166842046 1.4027371740341972 
0.0207811471453018 0.7377337100987231 -1.0305895421229676 -0.7560982867106619 -0.24963325773350883 


-0.9462428549753095

-1.1278348921522983 -0.8436768083042564 -1.149897416361287 1.1058375530080229 0.10913994277675407 
-0.22627226122062172 0.9008946359540976 -1.7167320622905669 0.79640521471066 -0.1724298126306196 
1.7506134291481144 -1.904208782829168 -0.8788066774419309 0.63936964545922 -0.295964357292909 
-0.26421060473474817 1.395924724696675 -1.2960978226332236 -0.1713555442097633 -0.6551497997941058 
-0.04868797085705792 -0.6113391587800105 -0.1802891209124332 0.6229742090587458 1.1576037283113185 

0.9946257408580681 0.7378771187092185 0.14763767848198064 0.276006387504687 0.3508965533584577 
0.7876507658892968 0.6762219906023845 1.6820399133487405 0.924279084748193 -0.5981649998509888 
-0.6160474639692539 1.4726950491179456 0.4257970506771619 1.1338563409832723 -1.1157299505376275 
0.17282012711305542 0.6682286371662598 0.49626754624540836 -0.10274277875928224 -0.09778280808927473 
0.3234874252549654 0.6480684700726689 -1.7158570799911501 1.39505085136532 0.5275460250854096 

-0.9489612322074832 1.2970544823527732 0.21922463046954888 0.2900443952077623 -0.3575420740396666 
1.096331519318079 0.827397216111692 -1.108671218143881 1.5082727503222138 -1.984200363377942 
0.6916892096182022 -0.12149616904804002 0.8156668185432836 0.6428334043488472 -0.09090527403222556 
1.9064078776234943 1.1661835217699361 0.3963135687010364 -0.610873560656603 1.109807091855035 
0.47422799313296327 -0.08144700099762972 -0.8273859214453629 0.6474561745342278 -0.26956171544854163 


-0.6992934399255457

-0.8781447149603013 0.4201766177089398 -0.48528834480619826 0.8662070688285453 -1.011141660947624 
-1.1885710009427526 1.9108700302829664 1.6195165310095687 -1.1695868823388542 2.179869953426746 
-0.2816567892590534 0.24734287371458064 -0.9626591115120786 0.6734699006424011 -1.157998545407162 
1.653598537263094 0.6936746230851962 0.7474388925084349 2.42911352092515 -0.5512301880556663 
-1.5272649033971442 -0.5414531094961254 0.8991383522009754 1.1011099105390103 0.2683358235565676 

-1.2140989684448251 -0.05313484376424715 -0.8363683457065638 -1.5900080113500878 0.14526111323725122 
1.6682617216396627 -0.18409735580945186 1.1004863290086109 -0.24356162275249627 -0.8703063632743595 
-0.6838990443832176 0.0812457705118899 -1.047922768527151 -0.27807069716326954 -0.36517661736144985 
1.0688421018088787 -0.32478191387223543 -0.547231560172206 -0.7135666720311534 1.089788666706735 
0.6252194399611679 0.3183016956526956 -0.8845989289257191 -0.1593016838660742 2.1070716050968548 

-2.0606227744998473 1.0698006395655817 2.960593817486987E-4 1.7352904519364265 -1.0319004879662372 
-0.08893055301527829 0.17199078463121895 -1.4550055361963257 -1.1519260355236576 -1.2246811780794484 
-0.42701800870879447 -3.1895333037060127 -0.25387252865573384 1.451908133728757 0.7883804983814033 
-0.878795072257726 -1.0608237343329332 -0.0013755250908092493 -0.09531581327115346 1.8982454032125555 
0.9643136263135651 0.023290917606563762 0.14935674078803415 -0.19512867101546108 -1.03300672763327 


-0.9457288060817272

-1.512084041082034 -0.8614622685748529 0.5455814168752117 -0.5914448792936083 0.11308621981639667 
-0.17787759428706998 -0.017785363386826722 -1.1435777796985223 -0.14971180963093264 -0.8241057051808238 
-2.256623915813735 -0.8015048662771708 -0.25675310594032535 -0.5235439308814387 -0.5167886031983563 
0.234684824788547 -0.9364504595250168 0.12059061409852229 -0.965699073519834 0.5025502005461673 
-0.3989572679655157 0.33342373048629875 0.33212647995290145 1.5580230415732468 0.79236121104176 

1.9049968321247575 -0.5778545604730126 0.3343443131576968 -1.9829721500109792 0.9309176098533983 
1.0082214636783908 -1.7032512962431665 -0.4238185118073116 -0.9900328173941098 0.24613995734136462 
-1.6510814118038426 0.5750118508750869 0.21567379556520053 -3.213351210259545 -1.469094081491223 
0.4617214620256415 0.857381934142454 -0.21913279599160282 0.44157969120534757 1.0488071960776935 
1.3580192446835286 1.1198906481660285 -0.5006537655399784 1.4837948217674577 -1.5910477881009892 

-0.11319972483367884 0.1184978786802735 -0.8038234324572195 1.1635744346784294 -0.8304030190157582 
-0.3201664468269811 1.4204609747738768 0.3129786790003678 0.19904144999381046 1.210773906369795 
-0.46919873662592154 2.133484982606095 2.208485480759373 -0.4383812112640714 1.019962726828957 
-0.811101965815388 -1.2355399894098584 -1.1831606144724172 -0.29948493414902394 0.6154649940605774 
0.9789734504857075 -0.4622995386043181 -1.357215302094044 -0.1943899294939139 0.4818075219720077 


-1.0278158033221285

0.16406931389526244 -1.2624984515057167 0.29007756271371143 -1.2982135261535588 -1.661989072580378 
1.0444951522481087 0.4650463080412927 -0.8899347752537573 1.0185400921654062 0.14129299497238562 
-2.8446171153379423 0.8813792271766075 1.156768226102912 0.20876354168191177 0.5477993930501422 
1.3156094616776424 -0.2009124140786471 -0.8592911853807208 -0.3465461499723203 -1.1566113218914922 
0.40736236775485135 -1.271343599830918 0.7798587730001816 -0.47232677607782453 -0.49152179384722067 

-1.826290051576991E-4 -0.963616472450229 1.1685206385405547 -0.6772630342160054 0.19199099524522292 
-0.5356730998972632 0.5729044787347316 1.4309964624917748 1.0757559751346248 1.1561675522312442 
-0.13934054146870953 -0.06726900229844639 0.4565380112157133 -0.5222872014976881 1.3336300776924597 
5.7568233476803004E-5 -1.6241957333612134 1.7154145430568848 0.9015253301922285 0.7275345287976906 
-0.7053791393515565 0.6448142719718024 0.4827302366600626 -0.7669984815913874 -1.3933519511105494 

-0.748527250671917 0.24514343389927135 -1.748240968892698 1.8761204097726971 -0.41522695469221277 
0.03102727627094504 0.752042774080867 -0.24623792839310124 0.2549026682052692 3.1569281775387315 
0.9396877215488548 1.12730640386212 -0.43077210493086115 1.3276204696390992 1.296707771567123 
-0.058846466151613805 2.150138639148937 0.8465035175490886 -0.5742106263313198 0.1411777630853783 
0.4007388173448977 0.354879439633634 -1.459948505837638 -0.7915145904420873 0.8858760635693201 


-0.6602277229254903

-0.46084302207356614 0.1565181740891563 -0.9685400870334836 1.4777890980291228 -1.6355388601090781 
0.5047599183141641 0.3505807455180937 0.9120466758898845 1.1169809561791684 0.6365873877640883 
-0.6042048701807334 -0.3705981387857818 -0.09395474958818409 -0.6030345942309104 1.2240016506438451 
1.4279591567895507 0.31606116919520727 0.5827800453027482 -0.07756693764690142 0.5287814770595741 
1.5184549178575657 1.549074908867111 0.9998219534971935 0.1572043408027433 -1.6346394707560188 

0.5717542828527777 -0.07252796133374831 -0.05231949366317223 0.9597610534448985 1.1199486386962338 
-1.6255970807652818 -0.6580822046626637 -1.0723537281430084 0.27789968369163826 -0.3619499986570316 
1.866642553648286 2.2023631922406417 -0.5365508178701116 -1.7133783743316748 0.37931224197510743 
-0.8783801799087801 0.6514761627482754 0.6600593010283418 -0.0448673921283018 -0.16059381365810704 
0.48949460138245093 0.33570735817576786 2.095460933569456 -0.7433409703699039 -1.1054145029858276 

0.8669749900066053 0.41555207290876184 -1.190347463624336 -1.493540123145536 0.3275877100583096 
0.12618231252696446 0.8413589027162355 0.2983136045532182 0.814762492905851 -0.1040263405947518 
-0.22556201888153043 -1.8554278429251077 1.476417172430262 -2.0765788076509253 2.3301624791951183 
-1.6515027650864738 0.2390336327554669 0.8453051716961967 -0.4079049414890162 -0.1682214396486911 
0.22660756801662899 -0.6493769050197999 -0.09909087484749923 0.6125920153174177 0.0853669553434877 


-0.7203716759201314

-0.13551008527421832 0.29812156781237475 -1.3096323953418934 -0.11326845939512586 -0.2831624023388618 
0.41582763869090067 1.3003757039235004 0.21804329147087015 -0.9012044010330169 0.5886691006058291 
0.1922237082862238 -1.8440673969139774 1.0803225643559011 0.42135831023338227 0.3168352781428513 
0.44480028840043934 -0.517958962820013 0.5641536675790941 0.4611010784554557 -1.1321247092067894 
-2.237169153853909 -0.31739054378524734 0.044571661550691956 1.3537774169553702 1.099253890302235 

-0.06028313810247396 0.10674115730850443 -1.0613616828494974 0.7373975317915769 0.9986535180214564 
-0.25702148629421784 2.4375243225067686 1.1304185728424039 -0.4867863765143902 -1.1131859215187452 
-1.3394775073393055 -0.4673368466006616 -0.7847166826716944 -0.8925749277607892 -1.829564877294253 
-0.2579640839594261 1.3180449441067084 -1.3672663735144186 -1.0741827111905704 -2.033280226050953 
-0.2129850321019153 -1.751958336856248 -0.38379056171423637 -1.3988649852318178 1.3732308298913514 

-1.5471510275383036 0.10502176138815984 -0.42989530696166794 0.6200067373476169 1.1668014297236171 
-0.07450010595841258 -0.2585676311365439 0.778621752115884 1.5769652771878604 -0.3344334328780395 
-0.8574394178429715 -0.1657110795323059 -0.4901613133824497 1.4651981144688584 0.32962578875829657 
0.8530727868910422 0.2699493095337221 -1.2995243064349529 2.131877305456212 0.04934740111507565 
1.2038252925550346 -0.5974774511776567 -0.8199064582966341 0.9290340710374413 0.7855650571959744 


-0.8464542050597859

-1.535049952079838 -0.33958227601978574 -0.1585276522234052 -0.05227639174168257 -2.2810427879544575 
-1.9197374641964078 -1.014174549176998 -0.5613164961073344 0.03342304614809064 -1.1779215741792823 
0.4974863993141466 0.24282899577650055 -0.9801519008454335 1.8230095246755103 0.9421299018419241 
1.4303463639864296 -0.670562138219298 0.36030191034197206 -0.39307581440565936 1.7233008436042534 
0.8546197593844819 -2.4839312917765914 -0.5354666344522091 0.5210262891527933 0.23420247826559457 

-0.3471076857954121 -1.7464719640229225 0.6711633657534991 0.6629966918303393 0.1037282134635144 
1.2220884072456095 0.7168968851293906 -0.16088462393170566 -0.8239089099712418 -0.2513380932133307 
-1.8374946219127044 0.03848464386808232 0.3655239591673967 -0.7135180448409557 0.8405808355507371 
0.46726215242289576 0.4822797169622181 1.1091725980902658 -0.711282773829849 0.30361382570911094 
-0.19805370167103165 0.10905770973301145 -0.10400852290721914 -0.7922478190064846 -1.282002808488272 

-0.6038519979918416 -0.09293556930770944 -0.2762324515708147 -0.19295757783019848 -0.2676103952924211 
0.18351512677810233 0.22939015986583555 0.22861916847981542 0.0847104376431199 2.9456973252478083 
-0.6550218144869558 0.8680443981329508 0.6329904022207465 0.28437584621848466 1.9979748460170135 
2.0734316651666 -0.43998228862554967 0.9997457887480271 -0.7741485812773838 0.6180251562843673 
1.5399971403413195 1.1371083134404214 -0.8346693333159572 -0.016523328797629244 0.07726804541289471 


-0.7897626030224579

-0.5553688985145073 -0.8101922203472209 -0.8575473764709742 -1.3128737472034555 -1.6643209703101882 
-2.3259020347993244 -0.23230034881445832 -0.5045162582510745 -1.6859566479957966 -1.105379394566104 
0.9235815145140559 -1.82474454921837 0.9408323415007778 0.17531121022092236 1.8099522308404565 
-0.4270423468372565 1.2946578575768692 -0.5464249386008118 -0.9767809244386786 0.949157952555821 
0.37867258154810307 0.5223020933318216 -0.684372293800254 -0.23744058017230846 0.9673564754889724 

0.812159266154245 -0.0979142914354414 1.2423927255511043E-4 -0.357662501638179 -0.9090007516582761 
0.6075026218220232 0.7509930431616776 0.4189203935968931 -0.7410051794917715 0.8892569540112383 
1.2192962049891525 0.4041220047142343 -1.5770842840118706 3.000003054347462 1.908445065057282 
-0.13307486520456227 2.008154143677178 0.8195059225839613 -2.8555251244982522 -1.4017667592644436 
0.4519281537123224 0.3270598282871308 1.1935033603107148 1.9410062640932744 0.685819562224024 

1.2604414987742787 -0.5399017851583222 -2.3754045048672454 0.9695398877494904 -0.5923891827427505 
-0.41117856877538095 -0.1467368632553417 -0.5626402699532894 1.6137686824336637 0.014915378812239354 
-0.15611095854284654 1.0752271521302068 0.34848266271102263 0.216671248771843 0.2122261215338268 
-0.012280275869025237 -1.688570588748252 1.1954756714832762 2.234656489136656 1.1993052955885355 
-0.14929800251966865 -0.8515403724918522 -1.0286673729021005 -0.4498258152154775 -0.7847350396975705 


-0.7320314755307422

0.7863139110094535 -0.22448957741255485 1.0187092797453645 0.5965956626509054 -1.2288546243476155 
-0.42516885914950253 0.6784281355572424 -1.786470805860299 1.4498927586797896 0.4836890519245607 
-0.09992856400163128 -2.514683884642964 1.8756377585564568 1.5678721681679937 -0.6452986065700742 
0.6493683511124588 1.8693686389330886 1.3525396300364583 0.3891095886633392 0.06901190979978443 
-0.13696177393701686 0.7759921786301008 -0.8679480557746896 0.17240308915281186 1.04530306905126 

-0.9014238383793032 -0.30448117950014175 -0.04824362896976268 -1.2060711116672078 1.9531927332252979 
-0.3406387146845608 -1.3851413138939932 0.41785637052197716 0.16701386600481094 -0.9716009880152183 
-0.2331723606014674 0.13688158733354994 0.9051926572244526 -0.5240685077263805 0.09815926620605507 
0.03143177576230195 1.050130321657864 -1.2032030840730306 -0.530780246600572 -0.605495350666783 
0.14869762457843191 -0.8122963993653032 0.3989922777179573 0.01766691675028179 0.502355511305627 

0.15926118496077996 -0.7013403744458757 -0.2658782604786122 -0.12794960034256359 -0.8595312504343549 
0.4096348056422451 -0.17660088089905857 -0.29410733112188764 0.296154684708034 0.7178014602381949 
0.8161753066641657 0.1236844427541832 -0.4434002974817344 -0.5849915412308315 1.7666610837453365 
-0.06719843013701023 -1.8575532968225523 0.6203145545766698 -0.24098347428667832 0.7235105037564633 
0.29532434487918063 -0.6826841438822316 0.35415661798403353 -0.3814828896342106 -0.15336719896045606 


