2.7623538376156197E-4
1.4603308954044378 -0.2215902763162465 -0.7210194073987111 0.11812594733081228 0.2130921491902962 
0.05343932521097401 -1.535463404241312 -0.5195677631517979 -0.05461750968892684 0.158553924473703 
-0.066041182257874 -1.0268053788550673 1.1248500095825709 -1.3274665049547905 0.15932924561059325 
0.13818290843610753 -1.0703684534062083 0.9860006555979617 -1.0337765409582647 -0.39463462986680564 
0.542942507118779 1.0214421849655368 1.0463209331043846 -0.10398657688446061 -0.5032601413596008 

-0.012945100205544215
0.48616081924142807 -1.613400495642188 -0.6058537181447667 0.16964740573930312 0.3692178206355502 
-0.24315441846372757 -0.4205663625068452 0.308801501636836 0.9681263859672696 -1.3068971813213826 
-0.9269539065265279 0.49648008828110907 -0.371752288215215 1.0767746914369059 -1.3755419086896397 
0.8661315707705468 -0.24235819351120075 -0.11728506678612433 0.22566548671485914 -0.8227779391199204 
-0.12434873807217775 -0.21725307786903042 -0.7205429466646326 1.3075871759699622 -0.6234359514394092 

-0.008894500875791158
-0.9171369337962938 -1.5574768365475329 0.0026214558820022013 1.8905289465580515 -0.6156140850278436 
1.89613931874448 0.3880221241450592 -0.3482620943614677 -0.9219010521868102 -0.9712820309322939 
-0.11545722568035113 -0.8964486892423252 -0.4496410933046942 1.302745588633022 -1.495522118127547 
-0.5080228770869695 0.5034085394282053 0.1520031463847075 0.2498607206188909 0.47656265953918403 
-0.7970222128937797 -0.6052128596492907 0.34583813000179947 0.5932785770798863 -1.942571781214206 

-0.027787242138503795
0.10541814732546034 0.21983974370604334 -0.6571733124363541 -1.8443879263709884 1.098583619201989 
0.002070323794524547 -0.6327769923747708 -0.6232107744693048 0.2797659394817363 0.2733934761125257 
-0.5708559093480621 -0.3217176230723858 -0.2650127984331737 0.2983762360876817 -0.7907887352530869 
-1.3827786401427238 -1.0230068148460663 -0.01877195264714069 1.7385497880601313 -0.29148212524142253 
1.6225815682150364 0.853382026710044 0.08223989584048834 -1.8051627971429798 0.19642018642100134 

-0.024424590167839728
-0.5488596829017008 -1.307146055919594 0.7711374062137832 0.6806430324459818 -0.134557453846513 
1.2119039320026677 0.21726655108408352 -2.0840946242997864 0.6366498644735865 -0.05097994798218633 
-2.066433196988263 1.0932396110780103 -2.256913331489248 0.7214433717376321 -0.8042580576789584 
-1.2910282851810777 -0.5772904324438461 -0.6846018216160148 -0.24712309418610975 -0.24808431222648583 
0.8792622437790306 0.6211177292232181 0.32612462598076675 -0.028092385219032172 0.3633270861816698 

-0.013460778527590592
0.3170288360461008 0.6494678907591143 -0.15967170409346226 1.2164086521938273 -1.9789225017411536 
-0.2757293102217307 0.720563949299814 -0.2126984402465643 -0.012855731961599124 -0.2592610385203019 
-0.6938242465818244 0.7437734113266449 0.4834897061437858 -0.3638854574576641 -0.5983523947794125 
-1.5562380720528133 -1.6912846326284734 -0.5239108331445198 0.07592672397081217 0.9622321020362705 
-0.3351829436101473 0.06859567365523571 0.5211135178325553 -1.1758370128220494 0.5166481238994 

-0.013006600165406697
0.5422507267811792 0.1952489852735139 -1.0592290477356565 0.34649484152998933 0.21183129224985614 
-0.003909271161104089 0.7322665185904512 0.9608606746279568 -0.23760814240749434 0.00845406265253943 
-0.8189519235229968 -0.7048035311173637 -0.06595839056293272 0.184711524811608 -0.7677758176551567 
-0.5066468049115981 0.37036982929215084 -1.4187250329085257 0.43831018535464267 -0.3372220600948612 
0.2646854750743766 0.5793466813767841 0.8937241740549147 -3.10499855095306 -0.12796505754868892 

-0.02080500721507273
-0.6079059462284844 0.2069918879252993 -0.7549049621189939 1.0260707654051298 -1.3686469132706072 
-0.11328284990011796 0.5932286342302691 -0.4734805743584512 -0.1372401266982479 0.15473293136170205 
1.1083623806791914 -0.002598666772246794 0.5945059624903992 -0.7167054908459184 1.1801351148573693 
-1.5171408364634864 0.8385634898119507 -1.5039446822578961 0.8622428398957526 -0.6275521585599455 
-0.48361624862957786 0.03059159219436171 -1.7335204432601292 1.5622847979680112 -1.0859526541638815 

0.010217846811975911
0.114098528657627 -0.558623549573912 -0.562495672156281 -0.4956069913414321 0.4615868175670009 
0.6496198302091308 1.1331317206553926 -1.0914778459097196 0.09309771769027968 0.11883739355527141 
-0.8560317117485406 -0.36888381943628257 0.4768699161607046 1.0196650167913412 -0.36222274869055 
-0.842003662317269 -0.37277618010536034 -1.7735003312219684 0.4110616381892694 -0.7767533826746055 
-0.031689010506277586 -1.154845846222118 0.5639486193528557 -1.0556505632211468 0.01873540967917318 

-0.016634111281336354
0.18255267561971855 0.7738218251213274 -0.9084424703381623 -0.7707487763232312 -1.032519239326998 
-1.2531643846657505 1.0344984295204434 0.17445966990402523 -0.6746072934647113 -0.12181345962672721 
-0.30738960543128935 -0.08042426115821653 -0.4073127753263833 -0.32114146619358047 1.6396006805234724 
-0.5039206944731074 0.8450854644472516 -0.35015520191455335 -0.3501463046021416 0.36817398776854887 
-1.3025130858418579 -0.8912860956574268 0.14545472887604768 -0.34128727717118285 -1.283303023577431 

8.500027873217293E-4
-0.5037703296880074 1.6754455941170312 -0.2848910543341072 0.29567636537309216 -0.20372194910070762 
0.2795577894188075 0.3361771517169061 -1.381261997729975 -0.6374401269937771 -0.23653147614909398 
0.24711188769838838 -0.5312277940676035 0.4606950813350772 -0.0474721523242848 -1.6767198725558123 
-0.5069067586703242 1.395045640044246 -0.14889770213011558 0.4167006998290614 1.089611559237334 
0.3697601714473 -1.1290030144373493 0.0012219262738434524 -0.47794552382846395 -0.4953232896592107 

0.020915802056033918
-1.305831459393777 -0.6649234737250033 -0.27500609860732217 0.23018446918079105 1.827861594630531 
0.8156014385180621 -0.045585001333222915 -0.6498454841968362 -1.2039834454167058 -0.2860325826396674 
-1.0333145890239086 0.661471880418967 0.5959591013069488 1.5480554897010617 -0.4032719158508562 
-0.19513558445960977 0.7447955393888831 0.049013543371558756 -0.12851520164683647 -0.49766886679764677 
0.5863194867179576 -0.8020108847320069 -2.277363807613321 0.5430294811097842 -1.1282629740833976 

-0.038228994413978645
-0.6188438978205144 0.5537753987378837 -0.05404983451925285 -0.7688190026128049 0.37714979230652634 
-0.032806082626828464 0.3435074128107344 0.1732522434992054 -1.0153982354033058 0.6194287336954746 
1.439103205275048 -0.15835645053832553 -0.653610305886998 -0.2291672584910276 -2.056194966821804 
-1.4852185483344984 0.8234276755903299 -0.4381264990954275 1.2321119243553131 -0.7392584008168601 
-1.5011904970022023 -0.6493835102264132 -1.0870606205730418 0.5498519250186075 0.15754396141432844 

-0.0018636986103916632
-1.020121524216044 0.8735194375926172 0.7134556648157789 -2.0041551382113396 0.702893779943563 
0.6211244455997857 -0.10747888955428792 0.13674189084791383 -1.8899435710483037 -0.47273895448746267 
-1.9053358201608253 2.6161442639535797 -0.7231137626527195 -0.6060791224940965 -0.38338865584542253 
-0.6512361605159004 -0.4164599130932127 0.22499271537776452 -0.6306245025145131 1.477380364298905 
0.8885809592211706 0.07582986323686997 -0.5649360473648032 -0.8608597010280075 -0.15970278499346888 

-0.017576018419759983
0.13621559851381895 -0.2936552936849437 -1.5834391340526737 0.6438964961575353 0.9225867957612668 
1.6245640666331074 -1.1524390985558906 -1.980470440857244 0.07871462342803835 0.35174599573001347 
0.8983362916307946 -1.5768163991863537 -0.2884141513051261 0.28225449729114516 1.0394628218987956 
-0.712488702039144 0.5073518760255072 -0.26587773523489416 -0.6366656634291806 -1.593592634622006 
1.4121624397677432 -1.2094689758026282 1.2709836799396088 -0.2612816155123941 -0.8394748739031263 

0.004185347802214186
-0.4179319519926469 0.9256540278422171 -0.5860503455307238 0.40190950433436395 -0.09602186228038946 
0.5621039253887397 -0.1972599891168566 0.22007593481160587 0.3272326380140056 -0.4340003800830028 
-0.7200400298198149 0.14362523569586894 0.5707878778178106 -0.6337717998740408 0.10994826204325318 
-0.030632568306039602 -1.0715653565408778 0.030974289425429527 0.7534531500040169 0.18913628745679315 
-0.07818399915853214 -0.17482671810559677 0.5331726413538462 0.6867086396173437 -2.338789347367864 

