-0.0666485567724357
0.5665823159387223 1.0249844516094062 0.12554222501968365 -0.5355518635285453 -1.3002702692550745 
1.6486978761683226 0.25885022106596767 0.6801363907311734 0.035811964022948305 -1.7836077390268503 
-0.45281209227741603 -3.2765679907555225 0.12289061842838889 -0.8004735394686792 0.9253529621818762 
-1.0183676210663957 0.8278647862121253 -1.4909974661916374 0.9642193672049223 0.1546258587779734 
-1.4959975040776157 -1.2415185845869392 -0.1455657480607667 0.6340632879238802 0.03561232931715788 

-0.05341545135302918
-0.773762283992315 -0.7941601316086226 -0.5634829094941922 0.15465700474625368 0.7587052707573563 
-0.23825757979429998 1.0905816084998143 -0.9341798621964232 -2.2589603610342253 0.9471677098011293 
-1.6063193011334722 -2.5374542536309734 0.8459241880398435 -0.4269873173620929 2.033745947201254 
1.0995067698457446 -0.35904451868431936 -1.64945153671969 -1.9554383398840247 -0.09821679661090177 
-0.39694206649456826 -0.6238208496398366 -0.5220672465129226 -0.6710380881543513 -1.9836769166249493 

-0.09780114763857495
0.5271955958555752 -1.1902958202079454 0.9803091795411926 0.5815298414470882 0.5517307705487561 
0.024378187294673774 -1.7500624841917891 0.569273894911261 1.6877865306494606 -0.0847467346864991 
2.1069795574116577 0.7933474749708338 -1.0975393456639495 -0.9391367706467273 -2.017784971365778 
-0.27571870299295 -0.21905111514571032 -0.2692138993607622 -0.6280947903808347 -0.9785986705565873 
-1.3872161340523195 0.9050602165495781 -1.2549499198699514 0.2936133742854777 0.2999701104041485 

-0.21517562751276906
0.7193186874207942 1.7692001260026762 0.7816217973451058 1.466795960099117 0.3943085678773813 
-1.9437681029127365 -0.5565196321348886 -1.8877148504468106 -1.2604395295286082 0.23064321869819407 
-1.5678202243380461 0.5211801301228272 0.7479671084038746 0.18013329053481908 0.8611516485264421 
-0.8325631272498955 0.5943892649003164 -1.4890898780740607 -1.0675378637421837 0.36501707443537657 
1.170602508406016 -0.5788424281962254 0.030537109953423784 0.4768157085772848 -1.1184545468871787 

-0.17517264834063367
1.039848994935047 -0.6553593459304052 0.9057828080263503 -0.8899090614992651 -2.3937281370631105 
0.1944648843018536 0.0973302943566511 -0.1673320394820782 1.449625531132378 -2.301327714369743 
-0.9407032881545183 -0.28589996307153054 -0.18845323495714833 0.3648414939544885 -0.8235686808538708 
-0.6336103142472871 -0.0705879391430116 0.23601119718696126 0.5447064053878136 -0.4314728613752906 
1.6093859004351476 -1.3103174954231014 -0.2233901749912079 0.6118058404218485 0.6826204901126869 

-0.1385518387279968
0.9327463870406708 -0.6530797926465619 -2.9961372353819806 -1.690430414777943 0.17629408814540007 
0.9983295264990854 -1.2583312626713021 0.6599495634468834 0.09785094630233218 0.7938804121507987 
-0.47676057749417894 -0.8286339988611829 0.7520064428380092 -0.47187715548519465 -0.011640555305016228 
-1.6467288680797254 -0.41411818135424794 -0.23930891958094436 -0.45430201225717526 -0.9800785388937066 
-0.5063665172555323 2.176372419405253 1.4437110187991016 0.5900248896993243 0.8095400064212419 

-0.12229115248915902
-1.028455917627492 1.9240844884365316 1.2117313344941911 -1.5447216312896175 -0.9644825149159553 
-0.10064866108904441 0.033772400115321885 -1.2179812280249664 1.471763430347978 -1.087426396740506 
1.9068829596326675 0.8023247916598327 -0.6431767357434804 -0.8768181065219659 -1.1175715209332104 
-0.6024823229236166 0.06315745141597154 -0.08290482227085462 1.7539036735740134 -0.08319745938189008 
-0.9805308531662257 -0.38562985349309625 -1.554550211767574 -0.14518402300744165 0.7340227037744116 

-0.12094531537910787
-1.4834289764290596 1.9499321283458646 -1.5031856376027835 1.0028858388678457 -0.6439717803700568 
-3.233414419604984 -0.29939898757939837 -0.4167168545331681 0.4439086946472715 0.48297043816413143 
0.5069386172161221 -0.78182933426179 -0.8394491712366361 -1.0022765889291494 -0.775992713209268 
0.043384699718746124 0.920498266884883 -0.034603616997875015 0.7209681427041567 0.8979545486918858 
-0.7649451532912883 -1.40216947260876 -0.6506378585010699 0.23997486895566966 0.35210149701657373 

-0.11589073023004341
0.7646075342026222 -0.4350400159578564 0.728876328347016 0.5758443785858329 -0.5875918555226965 
-0.1102548538907171 -0.8206664920080537 0.6022696049104835 0.014323807609489253 0.48289368223712714 
-0.28704985918490666 0.8924614043194017 -0.7473913849157703 -2.0725537020493294 0.21907997102714893 
0.8685881854935027 -1.524034533828178 0.8529872871627718 -2.0944767723998545 1.0896151151173563 
-0.4744872337816032 -0.19850872655794682 1.7912332393697934 -1.0798313002061692 0.05226972375074509 

-0.3105840305497604
-1.0457251822311524 -0.9597478500027139 -0.25750843992955286 -0.9392816184052805 0.5245524425641549 
0.7943970476074423 -0.39434353040901804 0.09873103928892313 -0.5566101888282929 -0.27568672512272746 
2.0160214162087167 1.0406511167491124 0.653988239454617 -0.8909405698744034 1.0070113511155243 
-1.229273336198535 -0.5470292363283866 -0.8252583614018246 0.7747502717242878 -1.127381781597863 
0.7187668955080062 -0.5308233901051049 -1.117612522847715 0.39512219144447447 0.6411876701929129 

-0.47587266815101736
1.158487811036991 1.0832110283374472 -1.1120105223590817 -0.43681243257076885 -0.3333071804804985 
-0.9931651197431238 -0.7138372023938371 -0.953177437181797 -2.355283052247181 -0.12288289312177335 
1.2161131183648548 0.7488062014212644 0.0927354327116336 0.230644411781699 -0.2393946288215065 
1.083341768247417 0.44249837173931017 -1.7297559589763496 -0.15502189945945383 0.8033804842423709 
-1.0896218330313248 -0.0945815305310035 -0.10803092663656626 -0.7190154718456064 -0.3793670667474778 

-0.05539283079794603
-0.8792576714849827 -0.7484330074043256 -0.520475248589 0.9401035465215912 -0.8140062110141685 
0.34664115066636897 -0.2794143062289127 0.5438989559744297 -0.5307802506093097 -0.540602215647 
-0.9744659545790709 0.688101614927902 -0.7496912520241298 -0.5614321881858385 -0.7018976297825669 
-0.9565363575988743 -0.6115738424088563 0.36347043229325854 0.029026241341973506 -0.1440728514425369 
-0.24487362254652567 -0.31826801836608826 1.8384321044490537 -0.8985575536685851 0.9061130610099316 

-0.012545258315731606
-0.4056585322337267 0.234914890977121 0.6273095229122256 -0.8882879226833141 -0.3143941160726401 
-0.5769769676011545 -0.4231353348018577 -0.8643472857701262 -1.3704473236244221 -0.17945937289244332 
0.7088216324994923 0.7300514915348023 -3.076410168367225 1.5098890513851901 -0.44146139834105674 
-0.6406118828331049 0.39038470851403895 0.429924305168953 -1.4656772831269371 -2.147157827124512 
2.2556162147546543 1.1036673469407667 1.5949796258281135 0.21486829131845744 1.0515839869691477 

-0.2807650051897838
-0.39275062588194803 -1.5457062334993115 0.18339728147799575 1.46269055721646 -1.3522710613093372 
-0.993670646325864 -1.2423015036289815 0.5043159825928729 0.5001495562888468 -1.282469064643709 
-0.23101354391967233 1.3320781677962874 1.1960223075594054 0.3097320804531488 -0.44454000461542936 
0.7436952987750679 1.5490909350319984 -1.5464985905015212 0.8434952216789399 -0.8831292491371313 
0.5416506438455726 -1.0734889959538427 0.49177180013748484 0.9955982706566799 -1.0249876622798253 

-0.12123805326138869
-0.9383725275308736 -1.1452457712818576 -1.6861579161186402 -1.398763176170023 1.4437843499426937 
-0.4312347887729565 -0.31014536653976504 -0.37674042149503767 -0.4642108786765974 -1.9606799008621318 
1.0785246615900568 -0.08507638552672137 1.2346600896041777 0.8588583055093562 0.04968264108449399 
-1.8700957224362402 0.4438772874653467 -0.14447423379379196 -1.2276772211278573 -0.33675317905161006 
3.211414906516621 -0.016193368420080026 -1.049298103497611 -0.995436535680518 -1.15297536031923 

-0.09232529668287254
-0.07068427491645107 -0.47766546607603166 0.5514076914455439 -1.3624182257657012 0.3511087726525931 
2.156593328329893 0.6571176578695404 1.9711290543894082 1.1758843035456774 -1.5340275742122418 
-1.754997528417727 -0.41381847337514277 0.3177044122382866 0.08773299899236327 -0.8950020350682258 
0.08751621124797698 0.04260870242427604 1.0126311248497042 -0.7846847462593619 0.25416225726735076 
0.8195438181759587 0.2255688437691839 -0.6438043919881257 0.6482285020341776 -1.1693602934984098 

-0.2860651119676721
0.8408503732028183 -0.5204392108125439 -0.28517909833596533 0.14027787833945454 -0.6424522088428664 
0.6090235989923025 -1.2481627939935482 -0.48677135838392793 0.33076187451726485 -1.5649565913111991 
-0.03384691409602187 1.2446083387215192 1.2615221412583726 0.9682388233152943 -1.0678238042131687 
-0.2719366859653694 -0.5551519738950023 -1.3440507096433436 -0.3113589544710009 0.7622171880949078 
1.0224511851328875 1.2991392579275347 0.9235314451757124 -1.2737351884578096 -0.29970617354448875 

-0.04068539985334644
-0.9940466703414357 -0.851811695007784 0.309296771301854 -0.408349910691341 0.038800616419848256 
-2.183606958975968 -0.5852248104727846 -2.44555159819426 0.0491338942725121 0.5983860840712569 
-0.6119842685179825 -0.133835404973998 1.579109852555707 -0.8724573662387523 0.3013893875069656 
0.28973998287664626 -2.010023145668613 -0.20843679341553786 -0.5033718374992258 0.194701671069072 
0.8966441810362084 0.4100013684113878 -0.45656939744942426 -1.4400134082786429 -1.620831293961152 

-0.10261561112392208
-2.566019759579662 1.0875699164320247 -0.06147198678036339 0.8934965942738462 0.10008653026326358 
0.04515786350475398 -2.7694110772873577 -0.3228244187996232 1.0629695119650644 -0.29426898014705904 
0.5754233952277193 0.1299298678152476 -0.1458978539301563 0.11641213548527873 -1.8826161753695945 
1.436984594205481 1.2546568104442015 0.13817497044809543 0.9763356896696906 -1.1190672571598064 
-1.8276898171392133 -0.2325292720692959 1.0406280295180843 -1.393865115711253 -1.2053816483328634 

-0.29820982549184016
0.1765173008975718 -0.8617783432683681 -0.1590394906542671 -0.7002768400756171 0.40060819357245214 
-1.4218991160913546 -0.529024627166712 0.42735586844096274 1.608987079534378 -1.2216503672853918 
0.05631998082353839 0.5471571388366941 1.5108900896032258 0.2108027952255117 0.47114614975936103 
-0.6450631406386746 0.8610883302983653 -0.43863931716789517 -0.06582311787603015 -0.871612827656096 
-1.0281654779123999 -0.6299451569626029 0.27123789684348926 -0.9425890690046029 -0.4148239138357155 

-0.1590202217745326
0.42977442285433787 0.8143566156518446 1.3836135692361484 -0.2710235831415008 -0.5031938747480795 
-2.617905639868804 -0.9996008324112959 -0.30969354431456403 -1.1835316525975357 -1.7747469667942681 
-0.3865981177274836 -0.7191936814409978 -2.3840662000049146 2.6401706519321 0.7036728501383746 
1.0639123662024643 0.6699397074196839 -0.5343120703628274 -0.16306612731166661 0.5894531538907504 
-2.1442977926310935 -0.37490452637531907 0.5482655120450778 -0.29813333011806864 0.17203921570914998 

-0.12786684197813256
2.561292319230533 0.3727259976301884 1.1512025705327622 -0.2688224807571569 0.4448388229670836 
-0.49568325386095186 -0.578509771490837 0.005368744574741772 0.5530744592402861 -1.188556288620141 
-0.585356817353658 -0.2950525513861675 -0.09823483879262669 0.12538315301913214 -0.9641485247890673 
-0.922537362846217 0.3762936625158 -1.3955392987517443 1.9985369042600587 0.6410549319332954 
1.7910284395801097 0.46002865270737603 0.8583528159768865 -1.6200351968988875 -3.0354698959746047 

-0.26345363832828234
0.3868908274050288 0.3474779728368027 -0.7225764145976439 0.18453068666778147 0.5569563207462342 
-1.5143406220429676 -1.12205303114787 1.1775895522393758 0.891104363373639 -0.03791431111196968 
1.0909605108929008 -1.490880553029951 1.6660635907639245 -1.3864809511692249 0.09310102081918163 
-0.4356689218339014 0.4153078276578995 -2.2696781678476294 -0.4994999200781454 0.8931773224446373 
-0.31613827954788737 1.5203066371093399 -1.2400502683777133 0.044752834375255054 0.7208163358374651 

-0.18862375033448364
1.326584350584563 -1.6034295414169555 1.8701758115682763 1.3036240796620406 0.35532113763123585 
-0.7546243348533498 1.7872550968436771 -0.6355938148069231 -1.9454460811029453 -0.08518130595070642 
0.46069535248848315 -2.0275514347173678 -1.1692832598958602 1.2033896474156438 -0.2237132210495281 
0.9252307430056763 1.281806443111914 0.40742819881657266 -0.031083487823324814 0.2408142462598342 
1.2140635727167812 1.047158647326724 0.6833255292398523 1.227164823526121 0.6876982614134958 

-0.014268517160112454
-0.5582397387429504 -1.2295610473796685 -1.4025274895902833 -0.689108719154819 1.8592792278615664 
-0.12926129380525675 -1.134235116157219 0.7138287237445 -1.7769386945245744 2.749816676678683 
-0.033992660299111056 1.9936820755959461 0.3966350354205905 1.0540200614411754 0.04069983832781697 
-1.2401391660342933 -0.14384697449381517 0.556403814675411 -0.9803017227504881 -0.1409324666657928 
-0.1337905368180296 -1.842078126345129 -0.20375873344070244 -0.46480916422823126 0.21429160831826763 

0.12854721818972273
1.0664101598771016 -0.135555757590588 0.93156942973805 -1.3742759401410203 0.8725292885510877 
0.5368632749007092 1.112256282883543 1.7807742137772495 0.1941388430930481 0.26057364368812114 
1.3972334164292133 -0.9184203810047238 0.6810126233707479 0.2217638780035719 -0.6782458840452547 
1.4815390150634393 -0.6961072612928542 1.292601864587907 -0.5112712617189623 0.2681692095621953 
1.7616610137850646 0.41601875165161123 -0.9847984153974142 1.3680018781478829 -2.001783658319391 

-0.04949779923272181
-1.1819445112576208 -1.7525324744769253 1.9910112403323545 0.04271873918747675 0.9425197909757764 
-1.3397516753047838 -1.0076010920417646 0.48406616197805313 -0.555791230323677 0.3160740000929244 
-1.773851798231516 -0.8675481509271304 -1.2539540532678415 -2.3363539475690347 -0.16775028807102998 
1.1330937754979007 -0.5776564467611135 -0.7613047878212172 2.8536187870899288 0.2828469154252469 
-1.7701043767721278 -0.43441523498014945 0.4670131412030801 -1.741263574867661 -1.2532083925621462 

-0.06634552138495156
-1.6415941754309689 -0.9038663967430831 0.2983263763179724 -0.18075295219697043 -0.15145321481486448 
-1.505838687005418 -1.889265718521565 0.26677447411842825 0.5989800258741879 0.9266805015088394 
-1.8604159482323073 -0.5214428299388595 -2.9733297110402654 -1.249306222490165 0.031599904910202384 
-0.3367958964822234 -0.125882646533033 -0.6321314145668565 0.36723386288997123 0.5326251226247741 
-0.6653202302927264 0.6154526919988861 0.444601311236509 0.5448017235219621 -1.0396146591159363 

-0.2782484347178582
-0.47141977957787884 -1.4728881287067208 0.17730361548925924 0.0699617085387061 0.044029694729882204 
-1.0269904456943266 -0.6327190650853802 0.34046463837914026 -0.2679149910272283 0.6604089765552444 
0.22771263244046727 1.2425396910615925 -2.7217915238431996 -1.2323491253842753 1.8771198043402395 
1.3456453598649132 -0.3479181439913826 -0.22607465078447242 0.40728488080835906 0.03659883802451216 
-0.7276040288764927 0.3187786120720617 -0.9354574214571467 0.41558206408376697 0.48645346833718683 

-0.08351843909866395
0.10174296094294244 0.8688610096983675 0.7708758247735497 0.5594235658782262 0.5688252670961086 
0.37170517055837804 0.5608552063856825 -1.8768158840428986 -0.507457221842793 0.5461048058065279 
0.6812964068928726 0.22706027887833022 -0.7115385292935752 1.5538497843163883 -0.27763580745209293 
-0.4458618469603228 0.003851632817558368 -0.934786249368093 -1.9113429014849432 1.4891315120786417 
-1.1431325589680021 0.4309724858854775 -0.46150157723793456 -0.36702228547224625 -1.1541564096762555 

-0.14103244995956757
-0.7566115511650694 1.7924249336319231 -2.230248786554647 -0.995661347008322 0.42850422137723804 
1.4575943398818656 0.0855910304561846 -1.2138087333014642 0.2516465348534789 0.24022373789492413 
0.31738299435635353 -1.1463104092847463 -0.8306533561583039 -0.5768197896596842 1.8803934228038783 
0.16370365359478511 -0.15494736491526873 -0.6945960526567582 -0.5074175036653337 -0.5951494998805825 
-0.6808558972470506 1.4836204953804526 -0.8621198237805205 0.5423059449160733 0.7587316715941834 

-0.11569256942389833
1.950831520874887 -0.38183330457430903 -1.1567960935436665 0.7535449279342017 -0.38275860844350423 
-0.1903547061835468 0.450115479727416 0.01840737320245758 -0.6873311479509435 0.7515922310972202 
-1.4094539937530501 -0.14502832386002518 0.7982620475836902 -0.8484178565098602 1.0740147453410969 
-1.0981998151983627 0.5103673800740339 -0.7498740673362494 0.07311734236092263 0.10214172534754931 
0.07858852765022295 0.5653530464846079 -1.2443655185941755 0.09057351186073204 -0.21152889122890103 

