-1.1493640935774783

-0.3479347703016653 -1.454043945048826 0.15472611358747043 0.6643044926347791 -0.9888122161192829 
-0.23508155920996301 0.48006225266242203 -0.8223660329957082 0.958669419936422 -0.9319820384037991 
-1.3591000111208331 -0.3065639022194481 1.6245469337984613 0.9535136733632799 -0.5201168384832975 
-0.36935204330637944 1.4315546517999653 -0.10231812517087457 2.3553948937902245 -0.39710803661701044 
-0.8060100714389034 1.5796696099199965 0.9897048615456142 -1.839314670562412 -0.9248825643802292 

-0.22229191527039802 -1.5226017488951284 0.024428845619023292 -0.13044454316560744 -0.15253945588472043 
-0.6974955567744944 -0.34965068195060756 -0.9160386124025531 0.6459098915456476 0.9147716156838858 
-0.212201413591891 -0.7059633467994193 0.5722083006218436 1.1901253247925494 -0.8712749027916044 
-1.1031631529476489 1.9270484064486062 1.2557822660806865 -1.2002673276202704 1.1276217607878545 
0.5271597722331705 2.0150491321942985 1.7224030745729888 -0.4722987710389405 0.76588259228035 

0.5876870718979785 0.1993060780797032 0.34446164189628076 -0.23821124113609143 0.984894301552904 
1.1392788532153584 -0.20757443902920586 0.20993011838614678 -0.20034527704441454 0.24890721875930122 
-2.609935758283851 -1.416406750846785 -0.21922742213809926 -0.8231627323441879 1.456481471373868 
-0.27570959382983395 -1.110714919486802 0.6636011379285106 -2.4549798108199057 -1.3998780120539833 
0.5864962706155238 -0.5910812269801249 0.2830748666247856 -0.8114489912627703 0.37922034456654785 


1.7376534707877225

-0.025110669127215417 0.15774819328625198 1.141555747324981 -0.6856128810434252 1.083080389522372 
0.2887777562224836 -1.3496275777363294 0.5036765869548858 1.777432517009994 -0.07074723425203262 
-1.2162842837497898 -0.2738326028666444 -1.7027381180817414 -0.1501012932390401 -0.38650223336409284 
-0.4896070118906865 1.7796058485634594 -0.6121241841859452 0.16714070381687618 -1.2399092335896795 
0.3413953177270978 -0.26439851382955565 -0.24184516065754394 0.7833352929754911 -0.13345041305068983 

-1.4929079878073441 -0.9127136147712546 0.4477098014950621 -0.36474109836388435 -2.259435684782487 
-0.28905905175643615 -0.5294048690115374 -1.414345094098868 -1.395475173161073 -0.6248762370932058 
0.6888235083661863 1.79700908205057 -1.5118711622957681 -0.3867351988625953 0.8469562539416193 
-1.995040539406095 1.3950020282800872 -0.597084585652629 -0.3073154988516688 -1.0867778293354275 
1.1728767102000688 -1.2488976325507095 -1.5930291389697893 -0.2900770364802179 -1.6508960210448453 

-1.0907103388950983 2.444502102635787 1.1221251003301524 0.2196658324055907 -0.6488686877055732 
0.6061455989707483 0.19677814328019747 -1.546414640164524 -0.6930116885535001 -2.2506216790181512 
0.9681015112079406 0.8122466315140169 -0.930695905138853 -1.1217561421539821 -1.6648847325952283 
0.1719210992179167 0.7013211836889376 -0.5473678113254741 -1.1534504842008149 -0.006094307357702408 
1.301652118088472 -1.0559118458119603 0.4975338943094654 -0.08797765086251881 0.9264444979353172 


-0.5978858122054662

-1.0099029408110327 0.8281457239486879 2.355049177882283 -0.26157052217978427 -1.3693273240584236 
-0.1916296390965575 0.39329776809228717 -0.018823337576329327 -0.18634331134530718 0.16365167397624109 
-0.5701066871755615 -0.40528468877929535 -0.9573879635672108 0.58099070284824 0.16806131927524065 
-0.9929868267063672 -0.2838319071938197 0.6984937779943313 -1.0450185170337731 0.3045405491150731 
-0.5277702831545176 0.9960929686576641 0.9902201417570219 0.23660891282185928 0.49050972306682983 

0.5166010164355558 1.441411125256694 -0.15956864542271382 1.75000551542481 0.44748964935741076 
-0.1803592536990919 0.7854652300508352 0.3881971395574329 1.2615201251295856 -0.7385579818592635 
1.2587241423334248 -0.5782075672314138 0.9876065334700317 0.3718572337924513 0.7770707574120265 
0.3405642736800963 -0.546240320411446 -0.19566420165174475 1.0454017232671817 -2.3639346328904516 
-0.0032251789734871403 -0.55817503528906 0.48518864513801513 -1.4333299284621217 -1.1713958016892148 

-0.5482803224852609 0.22823118528970052 -1.496005291105019 0.22291091841488647 -0.25067794489108713 
1.3010864158663216 1.5822934056729716 -0.19651590692709897 0.7885662704825753 1.1623143346599858 
0.5354556510606956 -0.4235567146032214 0.5036903351415313 -0.8709079100399204 1.6530280545589968 
1.4561754630367025 -0.5694750458998802 -0.8660981823569512 -1.4143261567291432 1.1645808176754606 
-1.973785533467319 -0.955563007167398 1.520688275200489 -0.43004759841674406 -0.23123726404584297 


-0.7396900286853765

1.272324701585396 0.34066528491581444 0.14132970117336321 -0.9864849356537957 -0.9082708747577217 
0.0964204942163067 0.45052314674025784 -0.1382237886641958 -0.6147223556898974 -1.014453486001008 
0.18057522505643075 0.09207689577615594 -0.9418358599139264 1.1324946073723654 0.17875808178513225 
0.8588710302285036 0.44320683531227584 1.7506315347593264 0.5919196075949308 0.0788430823198713 
-1.3526786928860084 -0.7052009398452924 1.3245692800019275 -1.292171905699736 -0.31027311190648166 

-0.20419112953081447 -3.5089566058133426 -1.2416948553562932 0.18296704083758109 -0.1038720686568193 
-0.30509083400158776 -0.5737262204836646 -0.4529899708477025 -0.9533316338128225 -1.8280383841287047 
-0.5537972414606237 0.6548727564621813 0.9856794599329366 -1.0137793870114673 0.24457054774070683 
-0.42036749016722835 1.046059191848337 -0.8570002745284748 -0.010228652643550454 0.19092215699104398 
0.2185678817220858 -1.2271964457510944 -0.6309576004124547 0.22862036984118922 0.5732885215544853 

-0.24791620343664017 1.6672624619055851 0.1404867579879829 -0.7599470072820846 1.1670599079469592 
1.5333766012153032 -1.350478387430228 -1.0115972996192817 2.1943582913319926 0.5767346109284761 
0.5145734593142268 0.0015886197900134187 1.1075381441495484 -0.6921076091635017 -0.9875300299952443 
-0.36037457634247005 1.4151573380462739 -0.05189833245270716 1.0661115457047547 0.6764800359646925 
1.7292278903882334 -0.07287996166781584 1.5547418474056112 2.472749106162397 1.8023010640253612 


-0.6951661886538105

-0.3780293593958138 -0.3889146751043198 1.5066321039477435 0.4034111155628316 2.0919747266501307 
-0.05662891297876625 -0.399576418937482 -1.2944955718692868 0.9658940086010713 1.1440417682072588 
1.2727186849208574 0.4085466660985049 0.8273586764570479 0.056756811417618125 -0.005889252287834512 
-0.7882741139015345 0.3175764083134549 0.3121542338136373 -0.1782685439309494 0.4826713671436726 
-0.6673991650302133 -2.398186097868286 0.5193330490185567 0.9432488638571302 -0.6912321350064861 

1.9835426227743809 0.6968635079822243 -1.7291521919791442 0.363697752755364 -0.21541047825441637 
0.541961366727029 -0.16933869266795296 0.3263575858281729 -0.3104564011053217 -0.1285477528585446 
-1.7644268065585567 0.942248215841549 -0.6228227116447501 1.272139918340191 -0.7015688211941887 
-0.33495232450594103 -0.38142928748659616 -0.5749939465143356 0.30766394261965885 0.9000550081157513 
0.7936386027360284 0.46995135145431993 1.188341871032799 1.0048689466231007 0.20817581488204953 

0.2986609677970344 -0.9325812735903499 -0.9453518818282249 0.6137711145353129 -0.11614822208790486 
-0.18060707133602363 -0.06222746304983655 0.13514989837802507 -0.5646801380129013 -0.25889146615331915 
-1.3526697059086794 0.13894185076482796 -0.26915677296434437 -0.4268832998729534 -0.146378251796831 
-0.07635793271648207 0.6801635098539323 1.0442726709629548 0.310582859134601 -1.0727401450595766 
-1.319385343121293 0.28576039826804717 1.6440352632615107 -1.012647057643462 -0.22195469403547963 


-0.8484624618712157

-0.6799591639298878 -0.493140009114628 -0.015197555523251286 -0.21472075727691056 -1.0661546000445417 
-1.0601342541265035 0.5173429588845524 2.267652688312421 -0.21698417007538462 0.6811233846677428 
-0.7708430500723544 -1.9337576355922763 -0.7025124700275108 0.30363527856708145 -0.8652284388694407 
-1.1110847059486224 -1.05921744474863 -0.6332377975435017 -1.6650902185069285 -0.48338438309673804 
-0.7683981645082008 -1.0374083547743949 0.8098385647025234 1.0407938499191143 0.6446296580268723 

1.8888732748994315 0.2627891080336018 1.7007732935677595 1.0400681112087264 -0.8700971048340874 
1.5386725608256413 1.300058435950436 -0.08393620610273558 0.683986931309903 0.5416532073830931 
1.0712173038882087 -0.9677459961601318 0.5366492806957747 -0.2809749279263706 0.6213619740394821 
1.7089477536242608 0.591874521613195 0.7222615554813401 1.5796068812566204 -2.0783578724549763 
-0.010585996285283433 -1.0930649836514263 -0.9410147504136783 -0.5285415993126324 -0.2850839985042784 

0.5040522956663238 -0.5181923419979645 -0.4913117642998341 -0.7787992411039205 -0.6754814789087394 
-1.7918115231657854 2.187895305812393 1.4685682343611863 1.725443504816162 0.20358358018677397 
0.3179040470141738 -0.5099767102439209 -1.949532185259792 0.8289127462857713 1.0148535043499054 
-0.8527352628546941 -0.2435812423396296 -0.056043849554634415 -0.10245846643025577 -0.16560895248346444 
-0.49969357431714356 0.814550325859206 -0.07007248043453784 -0.5213859788375832 -1.1581883735306253 


-0.7645852420715052

0.01897422988820809 0.09467008291037775 0.7428101627434878 -1.103585202387282 0.9202987119283144 
0.0726613656770312 0.24821617280007327 1.151024840028512 0.5970914807075962 1.3957467815004725 
1.5337827766496972 -0.3391577752892944 0.3397838011524233 -0.6835883953219741 0.1166506291156144 
0.5497148016245559 -0.22498104172544134 0.3668547276698638 -1.1226455932481465 1.180053961195921 
0.7388171900739505 1.0046282536714122 0.27000693782380975 0.011506991786424522 0.43032349546913695 

0.6006492021166892 -0.03237507837103312 -1.182819738306119 2.203986776097313 -1.4356028528998528 
-1.1280834423933535 -1.2003213980990883 -1.2425823458077356 0.3334699866397965 -1.343426490383414 
-0.3266923331623674 -0.7380439786289779 0.17473726957529473 -0.5646510261362533 -0.2756990580860099 
-0.6349487040281468 -0.034070962236027055 0.5982880019703702 0.400736063576936 0.8520866852716447 
-0.6759888949809477 -0.3750638488687989 1.214563924141216 -0.5899413948748783 -0.25940705816981896 

-0.32092422061089115 -1.266345617496235 -0.5739836254661453 -0.13297866263983987 0.9867827915640727 
0.5042839928555168 -1.157097513598837 -0.818694083613772 -1.020935476845669 0.5540679333859979 
-1.571335461621562 -0.08042260483526859 -0.20648434647826946 1.1905040586808495 0.5592987151892094 
-0.4442369320788987 -0.033269500041776354 -0.9683299030031923 1.3323508392081331 1.4027343785259314 
0.020774974372793926 0.737730267963865 -1.0305881265690895 -0.7560921080096271 -0.24962742127833246 


-0.9461753480052649

-1.1278381974512333 -0.843674464640533 -1.1498950640249646 1.105841164988593 0.109136371130867 
-0.2262572914362738 0.9009070986141531 -1.7167372339956386 0.7964006390861287 -0.17242851447632745 
1.7506289165515867 -1.9042053399581886 -0.8788126294136026 0.6393650361672034 -0.2959641520642735 
-0.2642071705746471 1.3959278749349102 -1.2961027645819216 -0.17136052975376087 -0.6551530472139702 
-0.048694225639387294 -0.6113362083613669 -0.18028911458376065 0.6229693618268887 1.1575956721810654 

0.9946227750063015 0.7378844194045066 0.1476364904030443 0.2760083405832533 0.35090089586331696 
0.7876637664841049 0.6762337717652366 1.6820284912987482 0.9242719548104832 -0.5981623003867764 
-0.6160343440019608 1.4727023387690075 0.42579511090662386 1.1338539060484438 -1.115730778802248 
0.1728211073689495 0.6682362538818096 0.49626452088222905 -0.102745914322148 -0.09778681644965902 
0.3234821877038629 0.648072829303253 -1.715862745146546 1.3950438512146717 0.5275364825353993 

-0.9489629336031667 1.297055164159142 0.21922944577661702 0.29004840960241646 -0.357543182810129 
1.0963396170497326 0.8274028271587113 -1.1086763768937762 1.5082738619985743 -1.9841967476910771 
0.6916991317762758 -0.12149089648995741 0.8156638821123178 0.6428321472504558 -0.09090639005296773 
1.9064087938337952 1.1661910393788755 0.39630952963788424 -0.6108802929460744 1.1098026122701576 
0.47422123252979465 -0.08144275068142698 -0.8273849499141889 0.6474500627053269 -0.26957036337215085 


-0.6994163773238948

-0.8781372091802687 0.42018782473065297 -0.48529148073041567 0.8662063552792344 -1.0111427069216754 
-1.188571084717102 1.9108672528785366 1.619508789189033 -1.169592264816638 2.179866244839221 
-0.28165301519477465 0.24734462010732208 -0.9626450593981215 0.673482976037217 -1.15799303473816 
1.6536014698826496 0.6936671460969445 0.7474348985820183 2.429103866097661 -0.5512377410135353 
-1.5272661907506808 -0.5414576976269425 0.8991352760005509 1.1011172087571641 0.2683425167902678 

-1.2140845275483527 -0.05312673282693226 -0.8363730479129999 -1.5900040986621753 0.14526592090964213 
1.6682668172229282 -0.18409020196237194 1.100483268468698 -0.2435647361911097 -0.8703054830003197 
-0.6838901250300043 0.08125039938242314 -1.047918838144765 -0.27807512503690196 -0.36517575450505296 
1.068846992593148 -0.3247766399378512 -0.5472340565121064 -0.713579346499862 1.0897829379802595 
0.6252213145701612 0.31830104482536076 -0.8846062073966717 -0.15929939668175544 2.1070731791988346 

-2.0606107174690784 1.0698083517811863 3.0210906252549E-4 1.7352946415011445 -1.0318943036523427 
-0.08891789490545661 0.17200026849748687 -1.4550071640384155 -1.1519283262723878 -1.224677938811391 
-0.4270045248802072 -3.18952179571687 -0.25387173032262217 1.4519022775405859 0.7883790335119302 
-0.8787922539866173 -1.0608177609293303 -0.0013821858298837654 -0.0953363966957693 1.8982361196443696 
0.9643126286096746 0.023281477573554425 0.14935114963230792 -0.19512948585903295 -1.0330007293248493 


-0.9458655304304137

-1.5120864310468134 -0.8614581024370451 0.5455854463967361 -0.5914365091578827 0.11309388615934395 
-0.17787774048850966 -0.01778923650788201 -1.1435777501689939 -0.14970307582210507 -0.8241084308494911 
-2.256620059363978 -0.8015066751282728 -0.256748972343743 -0.5235352967026337 -0.5167891355300914 
0.2346917853273798 -0.9364499856797829 0.12060174889756285 -0.965706761568669 0.5025411924498921 
-0.39895650009661215 0.33343031212079277 0.3321281424027031 1.5580121405388974 0.7923585200528938 

1.9049980115220526 -0.577852564275645 0.33433875069278135 -1.9829659980108008 0.9309178535700402 
1.0082278379780605 -1.7032535142101535 -0.42382070715450815 -0.9900184988474441 0.2461377495167054 
-1.6510735386088686 0.575012231996252 0.21567458295722516 -3.2133375572856364 -1.4690963842703806 
0.4617205624917984 0.8573767705219804 -0.21911977629564236 0.4415855715104042 1.0488018231075042 
1.3580192808165001 1.1198897282318467 -0.5006566494587942 1.4837848498595634 -1.5910490292912505 

-0.11319406071440172 0.11849708172715241 -0.8038255823693216 1.163576312006006 -0.8304046209762962 
-0.32015436792015506 1.4204565846566335 0.31297910072723456 0.19905234283695913 1.2107715596886957 
-0.46918846893481375 2.133480164750754 2.208483546546215 -0.4383734546583121 1.0199612104936882 
-0.8110951887907767 -1.235541744778589 -1.1831530200647427 -0.29948474496469274 0.6154540699941542 
0.9789756497459061 -0.4622953868169788 -1.3572131502630107 -0.19440301228250373 0.4818036287328174 


-1.0277888973901617

0.164076548010262 -1.262494456321558 0.29007791602295074 -1.2982116149730394 -1.6619886343777022 
1.04448709970892 0.46504540873552785 -0.8899343708072048 1.0185437897929006 0.1412909216162504 
-2.844621182493509 0.8813773436057232 1.1567668720614888 0.2087631749679604 0.5477954359783033 
1.3156098284264308 -0.20091871752828588 -0.8592922651485646 -0.3465523729830586 -1.1566103998235238 
0.40735812638034874 -1.2713439529954857 0.7798627161168499 -0.47233328738154656 -0.49151801058045724 

-1.742319548647568E-4 -0.9636111821770524 1.1685200113760759 -0.6772607095658152 0.1919949625879466 
-0.5356826185741279 0.5729036725101322 1.430996637316214 1.0757592201798887 1.1561681562325539 
-0.1393462871810765 -0.06726944165131506 0.4565411125670252 -0.5222889468819448 1.3336243037782978 
5.628799223631162E-5 -1.6242008008165059 1.7154208932297323 0.9015253082045771 0.7275340101663033 
-0.7053850524961549 0.6448133158276862 0.4827355072491201 -0.7669992675866976 -1.393348830268602 

-0.748521439452387 0.24514942720836166 -1.7482448818948837 1.8761192914464853 -0.4152283388420608 
0.031017659706852534 0.7520438527862808 -0.2462380695532016 0.25490817242920916 3.156930158469357 
0.9396821885834519 1.1273085383274768 -0.43077178863371696 1.3276188904712718 1.296705656634286 
-0.058844992581589185 2.1501355455356594 0.8465062034962142 -0.5742161578062355 0.14118057053397287 
0.40073494720248226 0.35487880506485264 -1.4599443018779032 -0.7915206260514751 0.8858790660261912 


-0.6600248379065282

-0.4608455660527278 0.1565148164500484 -0.9685321539405087 1.4777962373768856 -1.635537544523834 
0.504759258160756 0.3505816485759579 0.9120701466169282 1.116994165999249 0.6365827898147968 
-0.6042129799350232 -0.37060718748820026 -0.09394592899692451 -0.6030569626351574 1.2239685180448407 
1.4279544478862836 0.3160563532727529 0.5827958480003687 -0.07757440535752305 0.5287759777170193 
1.5184579691268667 1.5490787350832456 0.999857649386597 0.15719967272770838 -1.6346590351256307 

0.5717510226898002 -0.07253318068490477 -0.05230557244585879 0.9597766368737257 1.1199630047552853 
-1.625602608673354 -0.6580894843401266 -1.0723340555729777 0.27791364319907447 -0.36194329980879403 
1.8666322893560259 2.202344218367678 -0.5365484984164592 -1.7133983543629776 0.37929055603928163 
-0.878380939378206 0.6514756594162819 0.6600771916571989 -0.04489364282199178 -0.16061236848026242 
0.4895016569421586 0.33572185946244093 2.095494881691843 -0.7433499155657649 -1.1054230345503266 

0.8669697614758595 0.4155443158883792 -1.1903349662195706 -1.4935351856543753 0.3275906845774898 
0.12616842334365883 0.8413502261587128 0.29833061362847924 0.8147718910929986 -0.10402587850076042 
-0.22556951283364646 -1.8554274404844957 1.4764339185037803 -2.076591285171129 2.3301468058395973 
-1.6515024341837652 0.23904102078505868 0.8453304564273181 -0.40792852822023995 -0.16824292442991656 
0.22661406972096795 -0.6493603048658335 -0.0990582846793046 0.6125711940432493 0.08535984710772482 


-0.7202582311472291

-0.13551517834236734 0.2981117437537664 -1.3096445807847525 -0.11326830307892555 -0.28316583041864973 
0.4158265499716858 1.3003685475358573 0.21802903596323375 -0.9011964891008174 0.5886831408717836 
0.19222625000840102 -1.8440700290706 1.080300795165671 0.4213610265752324 0.31684261656591955 
0.4448041121813539 -0.5179639122388131 0.5641231324047823 0.4610876301087979 -1.1321346377597983 
-2.2371719594695323 -0.3173904188866109 0.04457986751557092 1.3537898812478422 1.0992539644069217 

-0.06028397603559181 0.1067316316069577 -1.0613824805762262 0.737388828127799 0.9986439256639565 
-0.25701273941926717 2.4375249485151986 1.1304022638868847 -0.48678656554382604 -1.1131757858416018 
-1.3394827513349872 -0.46734175567712516 -0.7847403879639111 -0.8925887980979711 -1.829566962713582 
-0.2579658720269302 1.3180495736149456 -1.3672801789943518 -1.0741926632456191 -2.0332851666066887 
-0.21297963154579427 -1.7519577186943793 -0.3837866301667527 -1.3988634066948424 1.373230506975287 

-1.5471509911483934 0.10501392282967503 -0.42991486752373254 0.6199986342617244 1.1667920938741978 
-0.07449592004538558 -0.25857322240042946 0.7785983194926465 1.5769549593065435 -0.334428833890044 
-0.8574331325445831 -0.1657128685899256 -0.4901795844986766 1.4651899231027206 0.3296305972587903 
0.8530900341561545 0.26994715279983955 -1.2995416932028043 2.131868086302886 0.0493458463788056 
1.2038416158121525 -0.5974722068683304 -0.8199066117328855 0.9290346554320104 0.7855670593349555 


-0.846381216866603

-1.5350518780252382 -0.33959373291121114 -0.15853790715079186 -0.05228139417173454 -2.2810473341203332 
-1.9197525401684807 -1.0141860786858128 -0.5613209940552016 0.033424785320885775 -1.1779259251622591 
0.49748476036585754 0.24282320807160987 -0.9801571067747374 1.823000847521831 0.9421269422740702 
1.4303511278917362 -0.6705564221292406 0.36029669605414005 -0.3930809493504187 1.7233054393960174 
0.8546210197570228 -2.4839276753483133 -0.5354662890167974 0.5210252590676859 0.23421102667932306 

-0.3471036238653799 -1.7464740567240287 0.6711527538371448 0.662995499080668 0.10372673480411525 
1.222079144095377 0.7168877588857449 -0.16088691039145916 -0.8239073209289653 -0.2513340820202294 
-1.8374935852233771 0.0384804850911693 0.36551861470740066 -0.7135266116183479 0.8405779703955173 
0.46726420291986753 0.48228797529229894 1.109172352350976 -0.7112782086905941 0.3036157715738967 
-0.19805239404463246 0.109061946948642 -0.10401411589154111 -0.7922497906813222 -1.2820028023024272 

-0.6038486358067564 -0.09294639564680165 -0.2762499208671741 -0.1929629495133361 -0.26761352690601914 
0.18350103662588146 0.22937943158695281 0.22861993298299807 0.08471152384768194 2.9456960865145514 
-0.6550201158989318 0.8680456267678872 0.6329956346313077 0.2843673358817761 1.997974572960689 
2.073437849032785 -0.43997335598050363 0.9997522938610077 -0.7741481573879018 0.618032801417609 
1.5400035464545463 1.137111479351629 -0.8346729122355655 -0.016527202547745794 0.07726898527361346 


-0.789620970066152

-0.5553684257660104 -0.8101868781604623 -0.8575644151021268 -1.3128862198913434 -1.6643387353594854 
-2.3258971969936644 -0.23229217198114274 -0.5045174097677347 -1.685955049069581 -1.105380200776268 
0.9235918733633133 -1.8247457754278091 0.9408302374201667 0.17532645567776076 1.8099713937438562 
-0.42704230513132907 1.294645079916799 -0.5464305807032053 -0.9767737654643066 0.9491669245024316 
0.3786736127413818 0.5223002334783633 -0.6843759521975757 -0.2374397975734445 0.9673621096459413 

0.8121664350205836 -0.09790493916454036 1.110587717096784E-4 -0.35767376353751773 -0.9090115994797683 
0.6075113710656123 0.7510038478817632 0.4189186203885934 -0.7410073930056551 0.8892543636471006 
1.2193075763898062 0.4041272248657953 -1.5770852576916703 3.0000275609275313 1.9084756554849887 
-0.13306827012498357 2.0081472584305384 0.8194986330689504 -2.8555170140318196 -1.4017465631355073 
0.4519301510311066 0.3270527396411901 1.1934896792429148 1.9409973257346091 0.6858230509707695 

1.2604466609486902 -0.5398934291729429 -2.375427612549498 0.9695168115913015 -0.5924085592404117 
-0.41117242495113815 -0.1467216122269048 -0.5626386089613974 1.613772551861449 0.014919792027101182 
-0.15610186316289734 1.0752348196951882 0.3484831586501499 0.2166928193957911 0.21225340162407513 
-0.012273481351740854 -1.6885770009540468 1.195477647314547 2.234667225838275 1.1993334628212278 
-0.14929547776072444 -0.8515494854146131 -1.028674386249164 -0.4498283486281308 -0.7847255729782987 


-0.7320160847338156

0.7863125949583728 -0.22449900562529831 1.0187110004629036 0.5965934277255487 -1.2288600113256576 
-0.42516720961366217 0.67842304238098 -1.7864755623182145 1.4498920227813947 0.48368845439375235 
-0.09992595805076065 -2.5146856099570964 1.8756249131448066 1.567864637433357 -0.6452893718521723 
0.6493678287710559 1.869361067064171 1.3525231937789028 0.3891158640007451 0.06901771433997396 
-0.13696105273128967 0.7759849474181502 -0.8679624409515422 0.1724074805773562 1.0453035429250617 

-0.9014244967428784 -0.30448875069918735 -0.048244446601011015 -1.2060746370628577 1.9531874198811998 
-0.34063742832869914 -1.3851450996741619 0.4178552945646927 0.1670130558546928 -0.9716019278702317 
-0.2331711453290513 0.13688039077413294 0.9051827506879684 -0.5240759286298207 0.09816992199237715 
0.03143221143961192 1.0501242800506043 -1.2032180074191543 -0.5307746935645848 -0.6054938509580785 
0.14870045795132308 -0.8122996356491218 0.39898471643907096 0.017675069522581962 0.5023556141841279 

0.15926091896602046 -0.7013480404959255 -0.2658806683236324 -0.12795588521498374 -0.8595384139543062 
0.4096377515562447 -0.1766054875993127 -0.29411162112414485 0.2961507892208183 0.7177985507729281 
0.8161804225656509 0.12368262342405711 -0.443405722295566 -0.5849957225538729 1.7666687451704228 
-0.06719812277214511 -1.8575623092810898 0.6203079778119256 -0.24097551826564334 0.7235127362184264 
0.29532316551145704 -0.6826920547073113 0.3541531626185367 -0.3814731888963158 -0.15336659052297613 


