-0.0716770986314346
0.5675869397113794 1.025037640950575 0.12511432776480236 -0.5364406510186815 -1.301478711711256 
1.6479407158776778 0.25703790790542896 0.6830176686613145 0.04265334689921302 -1.777616552059257 
-0.45416565285523997 -3.2783647089427035 0.13543058864742627 -0.7857691291763518 0.9492203576271256 
-1.0195424608698664 0.8262031554038168 -1.4705985842287348 0.9766188862627929 0.15859618108944157 
-1.4970897982101312 -1.2427458497702188 -0.1351167481202473 0.644361594677233 0.033124087713253196 

-0.05224118257191067
-0.7736135334515372 -0.7919533075740032 -0.5597136564461666 0.1580662539393995 0.7619960655786774 
-0.2388855477933429 1.0920077612796446 -0.9315411751485428 -2.256970544903124 0.9491255605275709 
-1.6075677964258417 -2.5364228911944418 0.8481921838391194 -0.42492150516532906 2.0352419124416388 
1.0981793013155627 -0.3580052093511033 -1.646895952350104 -1.9533685956421143 -0.09701408659785464 
-0.39826639932166763 -0.622596538891287 -0.5197158288025093 -0.6689267668299324 -1.982239776497856 

-0.10034157058844935
0.5323020431916967 -1.183625280475375 0.9711935423048441 0.5677915654015514 0.5386544700585965 
0.027748380788161272 -1.746366273394882 0.5570724288922021 1.6745221731204936 -0.09556231437784975 
2.105645677792478 0.7936553124471566 -1.1073562134936064 -0.9487351276214325 -2.027041618616243 
-0.27676775850840635 -0.21749233825206718 -0.2733511254212714 -0.6372127149291296 -0.9880204876713237 
-1.386842337721466 0.9055925937126201 -1.259710202162998 0.2856184510580224 0.2915296819036734 

-0.22593198417521318
0.6492077717193605 1.7674321865952014 0.7777465113327635 1.454616606745237 0.38020000318504926 
-1.9862964497169924 -0.526239946792474 -1.8565580941580466 -1.2484616835585252 0.23985639506988785 
-1.6090016394279743 0.5444006144667638 0.7716303119224163 0.21860663449153658 0.8981609564127312 
-0.8717391655341682 0.6120448657973553 -1.4714799860124599 -1.0434796958814396 0.38784676427937276 
1.13040446890415 -0.5537475038254183 0.048333299557855626 0.5050507995182747 -1.0905432117705276 

-0.18838995985299878
1.0369672471005695 -0.6579409765554781 0.9027027311144216 -0.8933375995879069 -2.397396538171416 
0.19176015447087602 0.09516234851719613 -0.1797964202355223 1.4362851663462752 -2.3128611856933916 
-0.9477012517174747 -0.2893625448150762 -0.19866186453250692 0.3671697615419747 -0.8093208200778103 
-0.64101411546779 -0.07492631524841384 0.23391527475806007 0.5488897375144393 -0.4224604843521638 
1.6005667683671474 -1.3156651697096449 -0.23246353949130844 0.6116137667699035 0.6826006973594784 

-0.13606008690549667
0.9568907490836054 -0.6359159805019591 -2.9827422673224264 -1.6730730266185094 0.19208167227511605 
1.0024820433414974 -1.2845672221382263 0.664027283986433 0.10124481711843689 0.8064763929088073 
-0.4534504167893254 -0.8518183433364205 0.7779722428175884 -0.4453403587302509 0.006176742744358565 
-1.604122204251399 -0.41078768964502055 -0.19994459246899726 -0.4071297004746988 -0.9626402439539358 
-0.44282482122393063 2.215664474879085 1.5024740461166384 0.6345893804313086 0.841027756684223 

-0.11193989603309201
-1.0256069396054088 1.9324114209855972 1.2205484051572182 -1.534875697394533 -0.9580095288656976 
-0.09716560298201465 0.04615570787600348 -1.2094528643556326 1.4824920985555907 -1.0769212758853743 
1.9226965428424183 0.8281006488297757 -0.6229078765364091 -0.8551088803948872 -1.0926741326046057 
-0.5862426209675238 0.08537466835961574 -0.06104018169522053 1.7811613306984715 -0.05324907394826147 
-0.9711836682523801 -0.362559937070101 -1.532497951509032 -0.11281832909307724 0.7648091586369025 

-0.12515730273141876
-1.4825357587983587 1.9759644908362848 -1.4903725967616455 1.0135303051266227 -0.6352412669708941 
-3.232066407906993 -0.27763155714534227 -0.4269476672844785 0.4275466867878372 0.4617450078124687 
0.508507139765587 -0.7688450652702852 -0.84701294498205 -1.0188806707138487 -0.8043582484114852 
0.04476932986872493 0.9321152649257919 -0.03813894773112771 0.6998187906095993 0.8676745754587266 
-0.7635503217497372 -1.3903455374278315 -0.6546596184898427 0.2157026094694449 0.32315396699548793 

-0.11426729677328328
0.7666059308599609 -0.43053213613492874 0.7638684828805429 0.6021819465153044 -0.577539602179934 
-0.10767334675118334 -0.8191468344863658 0.6180080909426172 0.031781912257344225 0.4908189568915845 
-0.28631984453135 0.8942675595510177 -0.7428436265844871 -2.065989601908617 0.21605947494874075 
0.8725223749154793 -1.5199903689662786 0.861016287906057 -2.090975954079941 1.082568701955489 
-0.4742027076046195 -0.19723855799819026 1.7954818308484117 -1.0651766105835911 0.042980065108275414 

-0.23176730196478304
-1.0612368971112744 -0.9823211120807215 -0.2815379040604728 -0.9650954402745143 0.4892516641710556 
0.7182649511317317 -0.46644574264705885 0.015778218101287118 -0.640054372575221 -0.37479717981815414 
2.1689643395586238 1.16110803008788 0.7951858521110712 -0.7618967687559799 1.0908058346205876 
-1.0914351209372835 -0.39953172280326815 -0.6674645649678205 0.9031286185498276 -1.0067966951371645 
0.8501038036585684 -0.37009602130252783 -0.9640516760542901 0.5567152479465489 0.7743149865892641 

-0.29733640502492903
1.1591145470192654 1.081347504096365 -1.11046884193325 -0.43751845049226806 -0.3390264970135879 
-0.9903225248178916 -0.7159395456756051 -0.9517915412496472 -2.355700404506824 -0.12970293116436285 
1.4984434639922979 1.0475637778747278 0.40635748793610366 0.5409650936432343 0.042565515399042166 
1.3697771595727921 0.7474371704339393 -1.4274712597256478 0.12816621828284586 1.0808788435339705 
-0.8175130509969463 0.1937023058953253 0.18766485777901623 -0.4224287767955016 -0.09940512774549194 

-0.07638121827873699
-0.8778266627011603 -0.7455293597255251 -0.5039228169831171 0.9536793963364935 -0.8015686400411597 
0.34782589290325533 -0.2741307657891218 0.5566074115532367 -0.5194749799526698 -0.530951600293132 
-0.9725637045105812 0.6958478036744267 -0.7708433904638925 -0.5684206298499327 -0.7125717966408454 
-0.9545222507000484 -0.6057201249491516 0.34777204651602245 0.02013023289408862 -0.14919458316087494 
-0.2427656734065753 -0.31725445788809115 1.819615363048532 -0.9213678251201785 0.8983941575992538 

-0.11677940889412668
-0.40754004789804327 0.23515091524372114 0.6253105530407455 -0.8942925941481629 -0.32080701727522215 
-0.5684790193487508 -0.4112789926631981 -0.8597043358680073 -1.3679890384563371 -0.1771510832606164 
0.5657388203867334 0.5731990131876792 -3.2240875410055536 1.368310837140292 -0.5896964092509558 
-0.8144950099414914 0.20901895939657214 0.2948871842759151 -1.5960558935656068 -2.315388997691209 
2.076462530115812 0.9380249952920617 1.4556181981986558 0.08492753817269427 0.8756260125677536 

-0.2604728454909329
-0.4123746309638761 -1.5659334661728235 0.3146773815165469 1.577713468847548 -1.2483767108407438 
-1.00980525957345 -1.278555679814368 0.6019868920373852 0.5864033620321675 -1.1973442857769794 
-0.3192273352692981 1.2211911914359785 1.2487555491806601 0.3260070915967523 -0.408433883956439 
0.64850231135379 1.4387044631450034 -1.5184438952534138 0.8376644896069135 -0.8375380160523751 
0.42592476356654735 -1.1822349052181467 0.5289226519763779 1.0116407089137736 -0.9749488517253606 

-0.1064271115639542
-0.9326574087561955 -1.1394789763514628 -1.6813324861444787 -1.3942086910966198 1.4480543117616689 
-0.42791556180749263 -0.30655824039757534 -0.3734640117089246 -0.4609159168518098 -1.9578423333286643 
1.0859953216902132 -0.08722740416148948 1.2493191638520698 0.8595321051315207 0.044469031977387524 
-1.8765612882723668 0.43945779493507636 -0.1421815990408025 -1.2213653127047719 -0.343293065092292 
3.202476964128211 -0.013956433083143044 -1.045589523753906 -0.9796141983479283 -1.1622025873344408 

-0.024407133761283707
0.06076641034524833 -0.40961174436143655 0.683631330417299 -1.2727523590611307 0.39997003091828387 
2.219040984267854 0.7051261611084889 2.0346186863455515 1.223958101642998 -1.5125409951288342 
-1.7101201895761589 -0.4012848477804749 0.37258096669543095 0.13932188186119718 -0.8284716178919403 
0.12482787682081306 0.041197114265300705 1.0607771721550912 -0.7323935819882745 0.33982432186908607 
0.8606960675973445 0.18623007239407452 -0.5950543689921292 0.6831012132314132 -1.1175750276215612 

-0.20220004156513338
0.9684295136240539 -0.3984939157316609 -0.1572076106741851 0.23948824422499962 -0.5500054081116899 
0.7058553948051052 -1.1505117671738634 -0.3872491687327354 0.4111717665452863 -1.4897907801095576 
0.1336050947769086 1.4188760051029934 1.4367686639457673 1.109923866911586 -0.9532294323498078 
-0.14090890131741488 -0.4109204273003292 -1.189436792593827 -0.18364063381089749 0.8657512292405999 
1.1777418274890388 1.4037628691775843 1.0668753555119423 -1.110389600988956 -0.20673883169164273 

-0.04154533876007743
-0.9941063274287637 -0.8509214244312242 0.3115603474375718 -0.40658214201505355 0.04031390468574796 
-2.184426429449892 -0.5851905447832058 -2.4441767861051216 0.04996323117548189 0.5990308750515349 
-0.6151208933275604 -0.13644601992554833 1.577822883673338 -0.8741725004154846 0.2987118888384808 
0.2862955871691204 -2.012821159270615 -0.2097157424359867 -0.505069613356885 0.19190127891506653 
0.8931581460931244 0.40743538607483865 -0.4579205912079616 -1.441325284302173 -1.6233891743878086 

-0.10190447740131843
-2.5679631701167582 1.0881303233439736 -0.05711581816156949 0.898214934168372 0.1038867875994503 
0.04469821689136696 -2.7671706096239412 -0.318391285217702 1.0669744666269123 -0.2901385351982059 
0.5730065650131239 0.1266598351021783 -0.1447519544520561 0.11369883773472972 -1.8839240935193897 
1.4362522895054306 1.2500313256755484 0.13703326674471072 0.9731112825218639 -1.1195889735115692 
-1.8265927815182026 -0.2324701155633441 1.0404939658444292 -1.3957063440154431 -1.20498631136343 

-0.29787597606472566
0.17659704937379297 -0.7830868162925766 -0.12113731080553619 -0.6788573418955524 0.42026455016577385 
-1.4270360023456734 -0.48727858694982296 0.39106889164921427 1.5680672716244615 -1.2401625214462113 
0.04608174197601101 0.6161051844515636 1.5137479479372553 0.20454228032236968 0.48217567952767637 
-0.6526924178933949 0.9335114036297077 -0.4278101080738034 -0.06693364020874672 -0.8767388923750898 
-1.0347732743945053 -0.5560551691888761 0.28084478589150336 -0.9411334584249214 -0.41612097414041793 

-0.21260799511722242
0.4310842207262675 0.8145965152373955 1.3817307608483678 -0.2722478617057498 -0.5051625373902672 
-2.616409785273702 -0.9975926666628591 -0.31010721619173964 -1.1837354449472608 -1.7794020571021334 
-0.3831373650515355 -0.7093667314827196 -2.381789450117092 2.6696106506225448 0.7358355767228233 
1.0632709166662209 0.6850826776990984 -0.5218646243357942 -0.1514149510475332 0.605716744522081 
-2.1486034149801765 -0.3719184074247426 0.5542378794016578 -0.29947171752226304 0.16017599329771187 

-0.12605037926132398
2.567831007088697 0.3524540889949656 1.1259541052111344 -0.2897499514114283 0.4234804720538323 
-0.48802185357282285 -0.5723512811938212 0.0176711024727559 0.5479280140048395 -1.1822268138720011 
-0.5960109667342358 -0.29614115592992823 -0.10131947170410713 0.12068554743114272 -0.9600142378260169 
-0.9413038513587234 0.37233201129163845 -1.4054197451028978 1.9863466703807395 0.634682890241768 
1.8010143767607698 0.4377940128563664 0.8372503351920637 -1.6193638982210643 -3.032247958674916 

-0.21431265038587735
0.39551152576039517 0.4963155688903749 -0.6000926640933959 0.3034324196522025 0.6732775561399571 
-1.4482147611907064 -0.9250099402706529 1.339854347647598 1.080115698973049 0.1458458319496525 
1.1117691348764323 -1.3400145921311415 1.798729554029453 -1.2559840332484398 0.18986562447595254 
-0.42291497838558584 0.5772037605442636 -2.1326318747029873 -0.3690652645433628 0.9518712160234165 
-0.27408691844675115 1.6800198472874777 -1.1288269653964462 0.16360530081155045 0.7956227417586804 

-0.22368917041550618
1.1625887346299728 -1.8559379510484368 1.6056519009357717 1.0106678771527597 0.054877815355852406 
-0.8892914731348552 1.5511414826443637 -0.8776695301086146 -2.2020542212969194 -0.3438211022274813 
0.3575689862982935 -2.1926134131461006 -1.2602183517331285 1.1194958274312439 -0.3060688431855407 
0.8320263147755624 1.1475196763494682 0.3299544726663836 -0.09835019412768983 0.15238586849090802 
1.162381205555751 0.9168873020178828 0.5687280059320116 1.1642419610114856 0.5841960476309946 

-0.03945786457011276
-0.5261640815912569 -1.1817563470191144 -1.4623877344930307 -0.7735492434460292 1.762105652447289 
-0.1122233615585598 -1.1435828263305698 0.5834989757352085 -1.9460718090673326 2.6006482787552003 
-0.014962710976279844 1.983495855194776 0.28249263217775317 0.8727809204350842 -0.12716549886323036 
-1.2275553888952364 -0.1621778342134042 0.4618805640937778 -1.101710433582597 -0.2931117549444513 
-0.12042796452338383 -1.8606791366235609 -0.29205228824317714 -0.5799184925730942 0.06141801607183719 

-0.0809938814031883
0.7165540119053607 -0.4762232002949703 0.7021830642568845 -1.6299951293402128 0.5937794742858484 
0.15039885812518095 0.7006899634980065 1.4654391365846755 -0.1520042150348715 -0.10058600311175486 
1.0053621426326098 -1.3221020700429138 0.3598061964223605 -0.13052412475314454 -1.0146427780025682 
1.0643049348082865 -1.1083886304608954 0.9705410583535726 -0.8481656724026292 -0.06711686456527528 
1.3320382914696998 -0.04428060006775766 -1.3129337648250987 1.0383822272880907 -2.3307734805042233 

-0.039728586712009524
-1.1795317050363723 -1.7518474190225288 2.017045953682351 0.06458313834975501 0.9570855884491595 
-1.336868203029267 -1.0060165569649115 0.5033350730920253 -0.5432301912835773 0.32361100778644125 
-1.7706758705532024 -0.865979275632737 -1.235341643922564 -2.330295406875089 -0.1610963956665924 
1.1362902625853823 -0.5764599932389382 -0.7382720885756157 2.8586980515635383 0.28380052974674397 
-1.7670744160908805 -0.4333075076636561 0.48549243005756876 -1.7281677270898352 -1.2434527686596943 

-0.06612463678688138
-1.642276362289909 -0.9047271170335085 0.29958780200611174 -0.17989444586517866 -0.15141052552461323 
-1.5062283894563955 -1.8897723491647151 0.26793009138234253 0.5996673001307565 0.9271058420386138 
-1.8604369264872 -0.5227849030074092 -2.9727274730231916 -1.248836584626004 0.03143320800605164 
-0.33685586097108605 -0.1270433295027534 -0.6307074699545118 0.3678042721671498 0.5319569978168267 
-0.6656491990714912 0.6141254798898628 0.4452780512850392 0.5450706354304947 -1.03992195679364 

-0.2245252955312503
-0.4741944150475549 -1.4836485632019605 0.13435364668583272 0.01573751414821028 -0.025577396662605462 
-1.0510371017269875 -0.6515688448485328 0.2984874927561088 -0.31138252480710515 0.599902656429711 
0.3134462612444938 1.334152555391812 -2.628024978328172 -1.152877609973124 1.9063281093959141 
1.40854309738345 -0.25385672319613223 -0.11120509999908103 0.4959547066922533 0.07587984606828237 
-0.650024651411487 0.42026746671692883 -0.8342546311155887 0.522016269439121 0.5477007015052797 

-0.0879365542969424
0.1104858196763296 0.8406963333861678 0.7386126619141749 0.5322433886084644 0.5492207286743406 
0.392508494768289 0.5514372315362849 -1.8843057433653279 -0.5202927923816778 0.5284687091340216 
0.6878107676370312 0.21658447282643362 -0.713303888112007 1.5476761441992373 -0.29828228190298406 
-0.44486478105375776 -0.0090166147424815 -0.9385222709992976 -1.92702372247264 1.469522993484415 
-1.1374128065291682 0.4226104699024583 -0.4694007194783567 -0.37786674229427225 -1.1651480329672839 

-0.1463636312334321
-0.7825828862456644 1.7671315192582049 -2.2475604242857052 -1.017226239907871 0.4019027565351042 
1.438960520227219 0.06812480252439622 -1.2245598597774427 0.24145983628765819 0.21427814843984433 
0.29847739240620724 -1.163018834102549 -0.8344951374528663 -0.585522788633913 1.8549274668435345 
0.1426960636914534 -0.16346543665171942 -0.6973542078211821 -0.519706479841706 -0.6199774534226895 
-0.6954202737336249 1.480101582693432 -0.8699274955256838 0.5364659324642149 0.7327480510625569 

-0.13212710594976224
1.9638059907477938 -0.3716707296881549 -1.1515421069251586 0.7575532425657932 -0.3821364012058643 
-0.17816455508915505 0.4213075658995585 -0.01659878419549696 -0.7222818603885285 0.7201670217614133 
-1.4012536748722095 -0.17818677140902664 0.7640490105716017 -0.8845166097895238 1.0379810430003844 
-1.0885800405618706 0.4829260015611509 -0.7733784297374034 0.040012225627928735 0.06639343206728693 
0.08949997982934672 0.5447399342134175 -1.2665331188993139 0.05619071333261085 -0.2464701242220504 

