-0.007963602815526712
1.4948059375448206 -0.18517008303401625 -0.7022278639275826 0.16122479232809567 0.3016719361861102 
0.03993165274386672 -1.5766079945147566 -0.5268946395178766 -0.019205968726600076 0.21634232847102913 
0.05692772928555522 -0.9093876020260689 1.285540990684261 -1.2261772761447212 0.26801926918015223 
0.08668573318033618 -1.1052614999218453 0.9527818642125228 -1.091574314613263 -0.354547742288976 
0.36514987910079955 0.7757531058384095 0.8068752563319675 -0.3015096615122391 -0.5597291904424727 

-0.018860615994882073
0.45205824355591734 -1.6472841795269446 -0.6865373603726657 0.07739005894825779 0.2758071198845994 
-0.28000344890654383 -0.4552339943340869 0.2546132730593471 0.9039850472744912 -1.3654200500772997 
-0.947206843966159 0.4621786860120249 -0.4540064569312512 0.9776215361175343 -1.4870995763869204 
0.8389297561348346 -0.26740860259417004 -0.19210020319392934 0.11548647189896964 -0.9275592980680225 
-0.15852263744207937 -0.24182749089449526 -0.7720111363930598 1.2118539469196237 -0.7181539457819891 

-0.011526100715659326
-0.9151133749261787 -1.5783512344390054 -0.04824173379342402 1.8182134813745425 -0.6763453728227916 
1.8654727627249967 0.3334693422030543 -0.4189540692697849 -0.9959401524099861 -1.0341433615261708 
-0.14818759883232024 -0.9446154330595096 -0.5181944226884161 1.226128714152754 -1.5655039767555983 
-0.5349541136597091 0.46230593497885775 0.08616571127314362 0.1750237303123418 0.41209200590207773 
-0.8240836486132493 -0.6420163964566656 0.29189251385599074 0.5319646367402044 -1.9961650170535477 

-0.02289074355926538
0.09297861466578965 0.21053582825428202 -0.6675019704014928 -1.8590979428142758 1.0748883457157035 
0.0057495212710752435 -0.6342702870409257 -0.6183861597067435 0.2766906099896906 0.2675443759618649 
-0.5738473201851318 -0.32355606242019813 -0.23670290842431574 0.32128027771535506 -0.7715770871886526 
-1.397240246193515 -1.041490899534536 -0.02704578274821 1.7311267710418718 -0.3010868669982976 
1.602395034428115 0.8250055574403267 0.059951918685362204 -1.8192183658501364 0.1845892937646341 

-0.02770340987036211
-0.5109390291022039 -1.282958316272212 0.7967410227615604 0.6985153062473284 -0.08903078679791983 
1.2151894146830864 0.21185347087640097 -2.0633619622968116 0.6653724049666125 -0.009894092625321545 
-2.065730118583315 1.0567341164925972 -2.2872137652671567 0.6818334117244387 -0.8393578906943139 
-1.2866150699538512 -0.6090688557381735 -0.7121353102068907 -0.2908698363389058 -0.28162636948500835 
0.8798014547421762 0.5860528385875338 0.2970169385576768 -0.08894472555855881 0.32250492020677046 

-0.01420282543757552
0.28055487820892494 0.5290595876363886 -0.3104197371509269 1.089490924063838 -2.090675695495718 
-0.312406394874439 0.6632982928285942 -0.2494848005738564 -0.027109924880583527 -0.24100392293899903 
-0.7296086310349557 0.6713601433192986 0.4136941367792443 -0.4076209788548432 -0.6465483976198303 
-1.5840581280900756 -1.7423168409924412 -0.5819113723221541 0.046709804180563426 0.9305093275293989 
-0.3514879998603994 0.027167461319048635 0.47236674755918556 -1.2049713543353588 0.4868695334891754 

-0.016121736456234284
0.5285999832294068 0.20501608207360755 -1.0354493437238903 0.36979510372772056 0.23332103436094895 
-0.03203366993964915 0.7270017675042533 0.9568221081276789 -0.24784675562338357 0.006271442356965418 
-0.8358852517479126 -0.7005613575713775 -0.05958205496931558 0.1620204894051245 -0.7884566587856611 
-0.525325436443038 0.3770647554294534 -1.4193680281052738 0.41765150248138516 -0.3562795706000839 
0.24711759994157004 0.5790693490227745 0.8831415395290669 -3.1304122041325724 -0.15226001424968394 

-0.021205642565532125
-0.6154141859391451 0.16882325826245584 -0.806573559150138 0.9715305953979033 -1.4271532402424767 
-0.11216318356189528 0.5790965551813152 -0.4874589391484574 -0.13941496629226388 0.13840839117605178 
1.0988036475733005 -0.049183145699948805 0.5273072749348623 -0.8035495364286401 1.0470209785530111 
-1.537703505017465 0.7806348663086913 -1.569635869587491 0.7446864622789114 -0.741097164873489 
-0.4906646382437938 -0.011352301219605418 -1.7849147696859209 1.4643235704280064 -1.196760274315306 

-0.001641714674890274
0.18148595189042688 -0.5303151499595495 -0.5597713454606691 -0.49839320918981034 0.4436783044225355 
0.6303745203066321 1.0587616694478854 -1.182377604467464 -0.0028151879673978474 0.0078089889694992086 
-0.885520429141449 -0.4571085645970484 0.35821187973654467 0.8892766262669565 -0.5026673830244656 
-0.8709728101547612 -0.44355199167982445 -1.866939955238868 0.31077146159957225 -0.8813692958653202 
-0.055516933154664404 -1.214807013318596 0.4972883071619203 -1.127709233506409 -0.04713630504444263 

-0.01055288496631255
0.17021212242809222 0.7325469964450809 -0.9626011211256694 -0.8197642252690123 -1.082642667523622 
-1.2814155831697103 0.9987591683404169 0.12260016771154815 -0.7164311546094616 -0.17071169593741806 
-0.3797748001219728 -0.29134555507245535 -0.43537436223955317 -0.19269910878278146 1.6396313907832367 
-0.5480671002825382 0.7179092201982482 -0.37462949404327817 -0.23659270848401714 0.42337681310514147 
-1.326820097626787 -1.0007525900581486 0.039249896368168974 -0.3152413674361988 -1.2449906724533621 

0.0014622912064695005
-0.5284907816875561 1.6461272984892346 -0.31532047187011697 0.27583242115920564 -0.2256956916557899 
0.25187504508967395 0.2985762198574701 -1.417927821795162 -0.6526984538399971 -0.24939747273577936 
0.21137990586770303 -0.5748676906708354 0.428595127197299 -0.05499187859887141 -1.6737871306424463 
-0.524394815173566 1.347945137147633 -0.2040033253420919 0.37922941049875486 1.0644433559848707 
0.3463044538792253 -1.1688651669288384 -0.056825623614228514 -0.5181238096865155 -0.5289477605791788 

0.005786743227047815
-1.2727282202561365 -0.6218444321588792 -0.296159040096509 0.15699328269563695 1.7255680119443093 
0.7886949779727817 -0.068626629340197 -0.7127788551874666 -1.2880665378838938 -0.39182179149408464 
-1.0312931920184154 0.4702632376306486 0.6581883583597523 1.4997530159453711 -0.1969032759014405 
-0.18826328872234938 0.5360884504065772 0.023442398403284402 -0.26904868130905 -0.4650842494766785 
0.5893829919552879 -0.9606478999491466 -2.235527522175027 0.3481450755945104 -1.2460835975516236 

-0.030435780994023214
-0.6321777679194721 0.49576940483947035 -0.09990899801386566 -0.7694758068188174 0.3928278444948926 
-0.06952511298278594 0.28911077797746015 0.19449282568489135 -0.8932694489079184 0.7618743178918725 
1.3988507941635497 -0.2261190343547121 -0.7297150145519676 -0.2060872834709631 -1.9883482011954121 
-1.51361610674408 0.7337059151229546 -0.5590162532615698 1.2000638464759175 -0.7174004253394077 
-1.5223006586031498 -0.746144974800884 -1.195135267122971 0.5228706989489745 0.1831129411912538 

0.0018336908972038327
-1.0248461504795954 0.8640482211989939 0.72236414984035 -1.9958518866414472 0.7145607881793833 
0.604790318959576 -0.12458629366935883 0.1351709248190921 -1.889722171424454 -0.46545232232376665 
-1.9271136662941053 2.586941978821362 -0.7055516644313792 -0.6348773729720011 -0.4408431731891502 
-0.6729391699593101 -0.44761033248799376 0.2232878020194846 -0.667565741772204 1.42233650969138 
0.8652186057709611 0.0428742629908322 -0.572390564749743 -0.8929981482818174 -0.25092964948258123 

-0.014979150854642196
0.13272929209224382 -0.2844778097293062 -1.5808378235133749 0.6268955704578916 0.8899111845782046 
1.5795135366961288 -1.1825711989899228 -2.015471937816828 0.02275119984053778 0.2750812410770524 
0.8460475806421409 -1.6078443020911937 -0.32203705896250023 0.22394805035915177 0.9633570873337722 
-0.7547380815881636 0.4744086916339979 -0.3028588836281526 -0.6987495974295453 -1.6569875957043516 
1.3761190903563212 -1.2359223748195771 1.2372166916533809 -0.3164614375402908 -0.899285028191186 

-8.507742703494231E-4
-0.37406025294479794 0.8740122224919473 -0.6604544324589244 0.40143465258626654 -0.06556269941935124 
0.5852028643657392 -0.30073826828908734 0.133308900036414 0.39191482738756167 -0.42872922809027475 
-0.7027097193903312 0.04002322348105856 0.4463455102011971 -0.6806628832043946 -0.05472223229089322 
-0.012856206118551965 -1.1239859407854318 -0.019067750049954937 0.720668361482815 0.15949899274604729 
-0.0692001303579509 -0.22002717095226038 0.503817086765722 0.6896920895995763 -2.276780745621821 

