-1.0992509703216147

-0.3497293280627206 -1.4527676238933873 0.15804684834424473 0.6656089763630478 -0.992184820152532 
-0.2306801652170583 0.48419398561433064 -0.8208929722113424 0.9614960157697613 -0.9364680338919674 
-1.359008952517095 -0.303921240033504 1.63521908545277 0.9668083047807273 -0.5220148676389074 
-0.37558781329479407 1.428810208718069 -0.09286435881960936 2.35619167088499 -0.4009226716473879 
-0.8148768622356929 1.5804379515320066 0.9952932625192563 -1.8430465358213735 -0.9254412291782019 

-0.22160474273926592 -1.5208065678539442 0.0263898254466199 -0.1306044302986506 -0.155937266625733 
-0.6929324392047782 -0.34584629608984213 -0.9152217696378314 0.6468062666018526 0.9070120604934279 
-0.20976273890606445 -0.7031028241912238 0.584257211414549 1.203555997399667 -0.8763722332377933 
-1.1069544955586625 1.9226440995375293 1.26634118399239 -1.200188617593573 1.1212870273902524 
0.5206407282195442 2.0135291689208428 1.7294594466561257 -0.47560965297145125 0.7597805172665655 

0.5886185274735405 0.19929851917234206 0.34595898970923894 -0.2383600271615391 0.9811721313364028 
1.1431219471788057 -0.20128092721453011 0.21313158171576768 -0.19985359712983644 0.24266494249599102 
-2.607628033718388 -1.4156408935024816 -0.21038333414340496 -0.8107328416504168 1.4505202118784029 
-0.277772693753689 -1.1135598436496497 0.6683646049393073 -2.4554850796697845 -1.4052890240763374 
0.5817167585212389 -0.589755903415913 0.28960652729402586 -0.8157428152542755 0.3772780606905215 


1.2887861045419389

-0.05862733997241492 0.11861858057511751 1.1256477770074493 -0.7048103654284659 1.103243531252349 
0.28048609464576013 -1.342388475368396 0.5218625575989477 1.8131397512947014 -0.026692927274037975 
-1.2032310519199958 -0.23998343813854076 -1.7131423379705961 -0.1688338173195026 -0.3513010914104993 
-0.43166747487712853 1.8423873207303547 -0.6084790785592713 0.16261251751099795 -1.2458629274948658 
0.37702201685438613 -0.24035237571990523 -0.2629164600770394 0.7510443554114011 -0.17908525947733028 

-1.5564668594490367 -0.958685893104892 0.4350075044076541 -0.3780490580607521 -2.254069615625105 
-0.29049599716014196 -0.5166527751932949 -1.3980227131807856 -1.3761079881819107 -0.576585048359928 
0.6797098546714208 1.8369373326711218 -1.5244872863873202 -0.3596645405986437 0.9078656007734653 
-1.955263637510623 1.4266187788630198 -0.6392433037086064 -0.29782786011815876 -1.0758528253257365 
1.2091316909982075 -1.2435764620037373 -1.6265783546088046 -0.2705913155203374 -1.6218190929742138 

-1.0980639177621219 2.438358549504278 1.1217106697416526 0.2350708788574369 -0.5852606285310972 
0.6121869595308892 0.21619114292670982 -1.5803204948275182 -0.6832213761294456 -2.1640774615619254 
0.956017069236051 0.8365682058098485 -0.9563382216953695 -1.1179459302777357 -1.6146584763605536 
0.20599419193653207 0.7080540959778582 -0.5860306396318999 -1.1333585660692544 0.024965200926871278 
1.332479877775643 -1.0687319515855882 0.435745370727802 -0.10615064650469715 0.9277978832038499 


-0.7470615291537043

-1.0169957083664216 0.8190412463138744 2.3478223817251735 -0.2568490616529572 -1.3605456874439827 
-0.2118432990369248 0.37196710154630286 -0.027730052541969717 -0.18139266387733957 0.16037049992738298 
-0.5865229571881496 -0.4092646891260832 -0.9507452616242189 0.590501334040998 0.17138730801915114 
-0.997975359871915 -0.28360719224055714 0.7043259248169413 -1.0464625362583697 0.30574144702232287 
-0.5261992171653516 0.9843353970433757 0.9853034910546439 0.24033001918315744 0.4948174023918664 

0.5046381044119935 1.4319881174785252 -0.16360934337354333 1.7532289588304766 0.44794339321492377 
-0.20383752294360752 0.7630951961047923 0.3858733065398352 1.26701830932989 -0.7433809754166197 
1.2434031884893995 -0.5879404049730755 0.9907623716399706 0.3763703041354688 0.7805231160740539 
0.3377206159524842 -0.5417838032060702 -0.18565138096380157 1.0542134285095168 -2.3667244789029858 
-8.985184450792073E-4 -0.5567488645968268 0.491844102948713 -1.4135481611245495 -1.163881287839078 

-0.5617156419498421 0.2149689673880464 -1.5015760905749997 0.2216370055209264 -0.25869927761764233 
1.2809680284392628 1.566422624683053 -0.19099025726015983 0.7970467036805498 1.1530442949248376 
0.5131743111960403 -0.4361615419722483 0.513470803831584 -0.8567472766492118 1.6542923346889256 
1.4545574427107568 -0.5636589839916216 -0.8486339193135809 -1.4019769453980606 1.1710130203049032 
-1.9632088432500572 -0.9476138338639445 1.5371873304651205 -0.41143339432645865 -0.22465312303851975 


-0.7046890449197903

1.2772190237703902 0.3413492780864719 0.14193474170542583 -0.9922506172859409 -0.9196023831146781 
0.09770431253298346 0.4541134035827508 -0.13885940140119973 -0.6199755887196772 -1.0214627207485485 
0.17580715696892818 0.09061673402074376 -0.9405990288463254 1.1321327668129944 0.176273411273132 
0.8639963728174117 0.4466795952549695 1.7432256327574744 0.5908945011827639 0.08099407643577664 
-1.343861886529517 -0.6929022800777113 1.3196429273341106 -1.3008230506617595 -0.31342130983824507 

-0.1995442058517272 -3.514052771372683 -1.2503474014979408 0.17504017465791707 -0.11447856822589572 
-0.3051705728982223 -0.5724002595108248 -0.45641138587103036 -0.9594186664394715 -1.8361154441977359 
-0.5513582301099426 0.6630991107310543 0.9856866475002981 -1.0128624448395454 0.2503932087141438 
-0.4112086202549013 1.057399495241505 -0.8667557124899326 -0.007971175474700113 0.2031914199725773 
0.22709529896730246 -1.2126328126994625 -0.6389236940712296 0.21976882047186816 0.5731632783369407 

-0.24266535219609114 1.6657719533841722 0.1358828209838404 -0.7659539260183824 1.1609217043812363 
1.5362298974718713 -1.346416878063269 -1.0144730230943784 2.1900242772354814 0.5695892862663577 
0.5145384233693403 0.011832168971570444 1.1075870067891722 -0.6871500850692573 -0.9827627294434413 
-0.3565637383207734 1.426636842046773 -0.05727969171213637 1.066102094134883 0.6857721575127724 
1.7367141646605257 -0.057173102767248275 1.5521393908685164 2.4595704076132394 1.7990301258900683 


-0.5374762022412648

-0.3783535157082207 -0.37767334662185714 1.5162376055616182 0.4160537672566408 2.103482765136486 
-0.06428327078554932 -0.4022420469069878 -1.2994159619164074 0.9659001746079813 1.1579570204183796 
1.2598049060697132 0.41467630598585237 0.8293312015558342 0.04729936839388746 -0.0028946064534789867 
-0.7951372197712481 0.3250811927128007 0.31772664444863435 -0.17866868215208062 0.4756232666839019 
-0.6666296612547158 -2.390804453512652 0.5289134579237296 0.9462682234721116 -0.695318723914145 

1.988409365804355 0.7085666671152725 -1.7237925315148317 0.3701882633617749 -0.20410373587579245 
0.5420299062545638 -0.16287032950621494 0.32089383338522526 -0.3159999209189426 -0.12914796748756965 
-1.7651310328208227 0.9559728088147301 -0.6223026236455809 1.2649770608489477 -0.6978430235140802 
-0.3375567296218619 -0.3707847372006563 -0.5736958288398928 0.308370632320398 0.8941294488450411 
0.7911371355299476 0.4690514884738124 1.199296907734447 1.012335838712139 0.2029377871345621 

0.29538493358172946 -0.9280138410928689 -0.9400106744192199 0.6263558179767771 -0.1016951288712328 
-0.19200250812068695 -0.06161845188613993 0.13273082439538544 -0.5645192106030893 -0.24985001209197533 
-1.3571180044961257 0.150288058513913 -0.2616694103555369 -0.43047045902957964 -0.13940642303995934 
-0.0863113087207938 0.6906470084373805 1.054411327249612 0.3143465634350969 -1.077235530600517 
-1.331578125480305 0.28945527318361675 1.6599267930159851 -1.0065599001648156 -0.22894924777448106 


-0.8107719655674093

-0.6754536112738809 -0.49762100264192544 -0.011655758162505712 -0.21139583261998815 -1.0636541922319893 
-1.0614715123417395 0.5080590703806355 2.2648128556744447 -0.21652890631935282 0.6765605111332448 
-0.778463216204001 -1.9378706221439972 -0.7008961687714745 0.3136493906820122 -0.8533540162758364 
-1.1149517006553027 -1.069510784714081 -0.6343504143990162 -1.6678979652674717 -0.48691608704690603 
-0.7674313944389987 -1.04806586630288 0.8101228028147838 1.041121831233701 0.6294044100209406 

1.893691845465072 0.25740254034164417 1.7026927122127342 1.0394031662169105 -0.8720344938897198 
1.542825609249309 1.2914071328868912 -0.09032568848724698 0.6782162192768998 0.5312376188588678 
1.0676710621107486 -0.9707677329891122 0.5362398957395574 -0.2738514118983699 0.6339796574395669 
1.7073007329092205 0.5810910637506701 0.7228211201750612 1.577869868779986 -2.0773700146828773 
-0.0061782849213015585 -1.1013623711164202 -0.9423958987475729 -0.5285956035422738 -0.2916035046526964 

0.5094307886632883 -0.5198754213572294 -0.4922202823127657 -0.780405880188816 -0.6766702775882495 
-1.792185497473034 2.1788227096056736 1.4575182624114296 1.7188814333806202 0.1923446714782493 
0.30801886040038834 -0.5144699689932949 -1.9504399006344342 0.838603889775989 1.0302726116118441 
-0.8577791663810835 -0.251035177584843 -0.050880987386112755 -0.10226927515876966 -0.1622644565123849 
-0.4955959654884943 0.8114222659963286 -0.06992322165609426 -0.5260616408623601 -1.1703824445669446 


-0.6308085960147592

0.023062182182230412 0.09189989873979054 0.739072618173569 -1.1058658318689687 0.916898502100824 
0.07256230577540465 0.23992554741408978 1.1462205063820188 0.601926355412188 1.405074545631327 
1.530961048138951 -0.3434823738246719 0.3319420518381761 -0.6874458531984792 0.12262914056438383 
0.5536859039638157 -0.2207857215746377 0.36009854158566945 -1.1191780838859688 1.1869454963119563 
0.7435948269989633 1.0097008279859376 0.27012427174187637 0.012793963724883532 0.42970155632652923 

0.6011147949683482 -0.03531249674089916 -1.1852085720168917 2.1996487536185723 -1.4406532807072607 
-1.1256657412865843 -1.2010715962065048 -1.2469564918103573 0.3307844688760831 -1.3440286963254364 
-0.3284650021011344 -0.7403280355300534 0.1766976432024617 -0.5637632795366196 -0.2699223099155668 
-0.6350091907400949 -0.03403280283343509 0.5983536117842034 0.40873956261230543 0.8614004500877146 
-0.6737698850563446 -0.3755094117869042 1.2149706352364051 -0.5891594116297322 -0.26523649194586135 

-0.32305093576624705 -1.2703188179092835 -0.5838240763465957 -0.13980424300662753 0.9842152537485437 
0.5063257585227552 -1.159396115477516 -0.8229396111357835 -1.0205577126684406 0.5609637234073268 
-1.5717985845085654 -0.08482945171789272 -0.20608759577978827 1.1967387417698439 0.5686913349306172 
-0.44578306566723647 -0.036018700578809654 -0.9716354614950633 1.3421269498733408 1.4119863166253355 
0.024372021728103533 0.7406759205568575 -1.0358240573952484 -0.760864671116852 -0.2566056395170084 


-0.8403653459486806

-1.1225010580652661 -0.8446267428393904 -1.155038414101899 1.1133464747839161 0.10865357093540873 
-0.2249241566881249 0.8991717534727542 -1.7223243917017597 0.8039311110063032 -0.17081275155347395 
1.7551831353753427 -1.898138764248203 -0.8822865167331417 0.6382940059722564 -0.29016187933267024 
-0.2549212569599486 1.399485183495515 -1.2973863974313862 -0.1744358982363152 -0.6580128652012186 
-0.038532064463126486 -0.6124173924770046 -0.18038361201847594 0.6278923566311636 1.159406985814338 

1.0033610344634223 0.7363986930013963 0.14604310356405112 0.2871612453643106 0.34973896274720767 
0.7890518712256015 0.6729458310451499 1.6808671787410174 0.930712755049504 -0.6004240344683667 
-0.6114586825219849 1.4793015972256962 0.4244700613814436 1.1329580928148923 -1.1092274470338817 
0.1867516200171523 0.674102204124748 0.4958265273857469 -0.10509651103083083 -0.09829034544511481 
0.33625433465538856 0.6471169991100354 -1.7189192025739746 1.3984923287946318 0.527725032795094 

-0.9409729451305285 1.2964776456349705 0.21521449430855738 0.29712838285755483 -0.35782628948681017 
1.1024081832008719 0.828444417070079 -1.1097019264865187 1.5114163770567204 -1.9856570847662363 
0.6994163186660652 -0.11397737758015088 0.8158398001219791 0.6399538639595763 -0.08340632530067325 
1.9180302163723166 1.1683205868250908 0.3959730055812043 -0.6152323573118675 1.106264602156499 
0.4907857477719141 -0.08372633658859611 -0.8323563466546876 0.6500066930331434 -0.27201897131116637 


-0.6426564017656434

-0.8861962190598515 0.4148830515760717 -0.4859845264907681 0.8647037625392403 -1.0123639972906082 
-1.1963626234098597 1.9157528239910517 1.6270511786279869 -1.1715378220388566 2.184169208739654 
-0.28666710327394745 0.2540487733960474 -0.9690832857522386 0.6676366821913268 -1.1514002113218427 
1.6545922027809428 0.7094862135001477 0.7414688638855891 2.43335799195117 -0.5472750438884304 
-1.5284251638574293 -0.5331149519504964 0.8985544159277251 1.0851737572035602 0.25203940809601305 

-1.2221366715341222 -0.05174646620257992 -0.833563475745387 -1.5910338260122596 0.14554978827025633 
1.6606444176780784 -0.17836674457819135 1.1108934992636799 -0.24667850084832713 -0.8685410696557594 
-0.6957642915024963 0.08550597446077383 -1.0416647627984703 -0.2743188162061886 -0.3631505400559823 
1.0685806281180927 -0.31795420044542144 -0.5417229737855107 -0.7027575769249311 1.086753085488266 
0.6219208433058676 0.3247579398835007 -0.8808244244136304 -0.16789856563697678 2.098168661092036 

-2.066776719353938 1.0765621660020337 0.0016625005162811928 1.7311551916979444 -1.034370178482982 
-0.10103163685642778 0.17897904607070803 -1.445557335420928 -1.1565383334256085 -1.2229263498642562 
-0.44087496769031886 -3.1890742204311606 -0.25168020346661657 1.460829910029698 0.7987935994243169 
-0.8817254875790755 -1.065258601042528 -0.007365853398466895 -0.07829537816381915 1.893790661772468 
0.9676149156666193 0.036338563028132105 0.14697017130197138 -0.19661924195196745 -1.0428171165748727 


-0.8869261215175199

-1.5099583325002148 -0.8608170391359292 0.5482615930589919 -0.5888350035661822 0.11302415063528386 
-0.17967148843931027 -0.019957505420844984 -1.143442372837611 -0.15064512107053943 -0.8171174212302521 
-2.258385750137839 -0.800994000486693 -0.26049757944274027 -0.5233571806110776 -0.5102195759724107 
0.23270458899555715 -0.9353360661789835 0.11639445182743799 -0.9483545456428282 0.5093390961732644 
-0.4012978231532464 0.327712043234067 0.33308517463770415 1.5697362547636804 0.7912588842656904 

1.9078884605485107 -0.5773598295738511 0.3373694846465049 -1.9831862547274621 0.9315577342133902 
1.0048734664921275 -1.7072814544286323 -0.4260025965761214 -1.0005734310082615 0.24456996502798603 
-1.6523943111999753 0.574706014160427 0.21153084559388002 -3.2172882926900104 -1.46359608500922 
0.4661605012241176 0.8570277191959116 -0.22720113654773552 0.45279306654724966 1.0600246949225625 
1.35827949953556 1.1165970632438043 -0.497742710128698 1.4909004098849867 -1.594190507221693 

-0.11316540914278854 0.118861273810286 -0.8040244067416953 1.166720280816428 -0.8262879596711412 
-0.32478434325883065 1.4195372305617644 0.3072411677498901 0.19195922716302757 1.2118591118125777 
-0.4697021524520421 2.137314525475326 2.2037484502733817 -0.4372632811162649 1.0253420592558482 
-0.8077551841775696 -1.2334917712449733 -1.1889083823162216 -0.28617949093870115 0.6246400354807221 
0.9806854604331433 -0.467477999910651 -1.3599669865131572 -0.1855698370731437 0.4789170272750428 


-1.1508965351570222

0.16839346629027227 -1.2600493427797703 0.2946688596084267 -1.2897007379455439 -1.6529171290100348 
1.0484891533821639 0.45758628450741423 -0.900500296170964 1.006450042403089 0.12982965162920682 
-2.8460885945088075 0.8724395034667615 1.1521430360894371 0.20761684868370153 0.5436532055711478 
1.317098377187012 -0.20055178640530064 -0.8576703423548593 -0.33853384788408136 -1.1547079688261597 
0.41577372089662 -1.2677152364833228 0.7763021034256578 -0.4681815909103476 -0.494372347997597 

0.002689662879714306 -0.9614697040333927 1.1748338740100488 -0.6676445411899833 0.1990002534707374 
-0.5316384030114183 0.5644173401905145 1.41955351931501 1.064365864494393 1.1427387418015587 
-0.13819893220135646 -0.07753439862869145 0.44899888813871563 -0.523987089105126 1.3294165800566595 
0.003184373013923137 -1.625652797771475 1.7142393526602082 0.9085764855158361 0.731742139376671 
-0.6981375750812016 0.6460673568633781 0.4786051591085507 -0.7618787036944992 -1.391797705530782 

-0.7417246394141894 0.24856796359726988 -1.741536384386058 1.8840671940879303 -0.40697580449251014 
0.03959340033053688 0.7453887652807295 -0.2554238324189213 0.2449407298435461 3.144335558016064 
0.9419438703058768 1.1171526789193345 -0.43792005288107777 1.3276463771573348 1.292469550340902 
-0.05793868011722752 2.1468769593665993 0.8465971552179459 -0.5663897976522642 0.14284620092768327 
0.4065399343031179 0.35732442586419294 -1.4625410902132525 -0.785870213537909 0.886708925596689 


-0.7251143031253406

-0.45897193517333695 0.16346015638853578 -0.9775452058391946 1.4779283376763486 -1.6371761463558108 
0.5079702120549789 0.356905585871687 0.9000415270134303 1.1141124953007007 0.639092233493407 
-0.5953450085163879 -0.3581701080861281 -0.11192452475300455 -0.5914272170198296 1.235110471118944 
1.432069115186643 0.32099062682590285 0.5751752220136847 -0.0757944599215121 0.523279514681266 
1.5132226543780534 1.5433939449930727 0.9885543125308625 0.15563499060386202 -1.6395902581365152 

0.5744366053909041 -0.06481922658438671 -0.05873002612169034 0.9565304792571057 1.119298648546416 
-1.6194289394465071 -0.6436983612425237 -1.0783004455631817 0.27348529078128364 -0.36724659299030055 
1.873097378619019 2.2173066126099266 -0.5448861328320462 -1.6985850776395415 0.37782043570077295 
-0.8726390762087386 0.6549109776221707 0.6573730554268375 -0.027314898685368842 -0.16169276772004046 
0.4886154780578544 0.32445386725828235 2.084695310456979 -0.7371087777142591 -1.110540722365547 

0.8678106153813041 0.42639693667852313 -1.1974180228899856 -1.4923033648958834 0.3285577389112373 
0.1320353800406184 0.8535473358338742 0.2949571196298928 0.8161146426478519 -0.10403538821228675 
-0.2209576551268085 -1.847246063923206 1.4627102703983694 -2.0657622409859564 2.3277664716410778 
-1.6459512307529482 0.2457794914167006 0.8413977810783895 -0.39033389017405257 -0.16642671964184724 
0.22241037705926253 -0.6554746086161243 -0.11160936132364857 0.6221546954528049 0.07765198558814426 


-0.7452440303626893

-0.12383737614761477 0.30682915603434247 -1.3023080526517135 -0.10612203073891426 -0.27163712069777013 
0.42273401558790114 1.3013912256855105 0.22535249727816764 -0.8950262178716463 0.5851846299461892 
0.20224619730031926 -1.8473703130824723 1.0818405430700149 0.42334933049909307 0.3144650346337177 
0.4574354837540506 -0.5229925192110217 0.5651472920383115 0.460414578846123 -1.1346471883062097 
-2.2213397686244214 -0.3207749846971718 0.026398968651539272 1.348585584961741 1.0966210618802168 

-0.05367233446027297 0.11397190553742394 -1.0522862269105127 0.748127427610807 1.0065890531282295 
-0.253473014192409 2.4399843873166205 1.1343571432785677 -0.48153059018672206 -1.1244009551631045 
-1.3243538615819033 -0.4629608479177311 -0.7840731143177431 -0.8884563350837242 -1.8278579494272444 
-0.24488482716179663 1.3112816229534918 -1.375961349986763 -1.0714809795516484 -2.0302862805987676 
-0.2055835435507039 -1.7641790935155006 -0.4006340122240576 -1.3873248439031187 1.3749123768448142 

-1.546928694251389 0.10598046293113153 -0.4265019611721811 0.628960315726149 1.179290915719782 
-0.07479136352073866 -0.248888646682891 0.7864145129555525 1.5815520590612175 -0.3433569601746448 
-0.8531783931137294 -0.1593524675555909 -0.48481227230620005 1.4653838013878024 0.3211211316538903 
0.8473984855815362 0.2609580394174505 -1.2982183991116767 2.1360813549881623 0.050105142185433604 
1.1970054749492167 -0.61434157390143 -0.8293912175136555 0.9355098645005074 0.7888201809397773 


-0.8825457782205127

-1.5383961259437715 -0.3399162299443626 -0.16167997267616832 -0.0435648808004559 -2.273141490306426 
-1.9159737958592997 -1.0125057205593941 -0.5652298680396771 0.030225118874937715 -1.1749424157256607 
0.4984080524609531 0.24367679591780098 -0.9747116262026081 1.8297745100226313 0.9369652607705585 
1.4307583866547249 -0.6699572858446654 0.3641170297326916 -0.3866281401329661 1.7219592475640981 
0.8613840483934851 -2.4825110719097827 -0.5402157993299617 0.5124451743876233 0.21690085673938822 

-0.3509632192990014 -1.7459864649623014 0.6735474679372008 0.664447544104851 0.10676155561698757 
1.2254992089091716 0.7221583363339896 -0.15983079414091578 -0.8259990331197352 -0.2570153325177823 
-1.8390595216600432 0.038312755115729104 0.3720113721816501 -0.7064870266998692 0.833329055302865 
0.4687102810936554 0.4734800702094157 1.10395023975596 -0.7040735205793014 0.30521121814890817 
-0.19075213920806927 0.10171684713485517 -0.11460924698104968 -0.7876702389244512 -1.282630435793811 

-0.6057379746992143 -0.08955776429035567 -0.2700423027266982 -0.18638460073538057 -0.26612188798880604 
0.19222879032844745 0.2365304338986443 0.22971165056613513 0.08661126028327243 2.942815472915353 
-0.6560946496234227 0.8631610599232575 0.6385425733224835 0.29717920593471775 1.9901333619302077 
2.072233255379462 -0.4556776157711132 0.9904392439445551 -0.7639353456039577 0.6170659511786758 
1.5451714360092086 1.1254395963564594 -0.8503797226103915 -0.013082255003287921 0.07422883754420763 


-0.8795188173640757

-0.5544779371310236 -0.7979449559262844 -0.8433714968146555 -1.2966026966036743 -1.6507366197420565 
-2.331928028816569 -0.2383006297343227 -0.5119923111876855 -1.692766304010776 -1.1198874947005981 
0.9242033203420197 -1.827700776065895 0.9322294196038259 0.16740645756574232 1.796958368217445 
-0.42768528090413716 1.302101464946756 -0.5476489558103936 -0.9765554831359766 0.9537990891926522 
0.3734152354796527 0.5210794213702445 -0.6817848125968979 -0.23796095340507778 0.9682558055749757 

0.810463634763659 -0.09052819003256543 0.009704764960222193 -0.3479841442529498 -0.9041341946559427 
0.6025234585965504 0.7428763771427602 0.412650945621757 -0.7430223377186518 0.881442826575767 
1.2207133734418822 0.39685990367290264 -1.587959477894462 2.9855057355025423 1.8941699840222512 
-0.13444250923772255 2.0117895890545485 0.8176329865858736 -2.8605383819021624 -1.4045559592407633 
0.44974522238147036 0.32962515079275073 1.200738529090055 1.9469739721320816 0.6912675975248285 

1.263691779482025 -0.5336607204071273 -2.361439752093634 0.9886138098435421 -0.5805972529037844 
-0.4157835496915142 -0.15677710702646402 -0.5687753913507059 1.613408414384801 0.007278932994184879 
-0.15723446101270291 1.0665089775498515 0.3409108444632852 0.20666750835747055 0.19535478566966255 
-0.017122598800923948 -1.6833210146456439 1.1886314302546583 2.2270514839502984 1.1917047654491757 
-0.1530645480405945 -0.8483145147315454 -1.027696486215918 -0.44950136286367726 -0.7770000260249939 


-0.74989747869583

0.7866835497997489 -0.21926737666412338 1.0167779605668499 0.5978838639647336 -1.2298681073848217 
-0.4246076142492671 0.6799806846416112 -1.7829328210660347 1.4511820597417318 0.4848949565929003 
-0.10060508801771373 -2.5109881915784147 1.8829145891283445 1.5770851855592474 -0.6502138305454961 
0.646588835921788 1.8780763583855211 1.3598474241746552 0.3887063043792056 0.06545121144360151 
-0.14274180674534334 0.7839535884702113 -0.8628360828372184 0.16655842346669048 1.0456003385547799 

-0.9009446099945012 -0.30018177959631753 -0.05220949103102064 -1.2075927201550807 1.9545558726127121 
-0.341555785308131 -1.381133967616907 0.4193529036600559 0.16571855064949073 -0.9694551417440935 
-0.2341885447171333 0.1431888480532612 0.9103730043950269 -0.5204014610239998 0.09333989707633807 
0.02750028586370877 1.0549333341829916 -1.1977657951721568 -0.5350965720333528 -0.6064384287464857 
0.1405823790274267 -0.8102450829565894 0.40194279535339905 0.012331078599450165 0.5025119880186742 

0.15886637884383298 -0.6974030111810623 -0.26709412273423677 -0.12812397399135242 -0.8570280808144357 
0.4075596556740659 -0.1705330682926824 -0.28725490376949125 0.29791322867773196 0.7208738539383489 
0.812158933349711 0.1290579856469332 -0.4422682227264824 -0.5830602006735169 1.7585443751349012 
-0.07428454385149098 -1.8528308236869466 0.6182604329130175 -0.24428426913284315 0.7212718149509163 
0.2892442593348015 -0.6767424079635022 0.3556363523182809 -0.38855077374213914 -0.15378765261369917 


