2.1826102834471034E-4
1.4599306295209977 -0.2211317247359971 -0.7208168368166202 0.11831166839247909 0.2137292196389729 
0.05414657522877193 -1.5349148429781412 -0.5191665474933497 -0.05434217316033013 0.15916870254157692 
-0.0662747685033776 -1.0263674570317134 1.125735971193642 -1.3278417375257578 0.1586922929366251 
0.13790253933544117 -1.0710397682044122 0.9851827171359768 -1.0349254265759251 -0.39583470602307286 
0.5421989907802373 1.0203558264589263 1.0444061051415579 -0.1067788676918368 -0.5061406848519212 

-0.012982653221205325
0.4856557483865656 -1.6138181456821807 -0.6067922386206046 0.16850575215988237 0.3681438876459248 
-0.24366911460893872 -0.42080462741155505 0.30789385623596094 0.9668590658418998 -1.307954262780579 
-0.9271316100274933 0.4964430794978016 -0.37271894848953363 1.0755738518494322 -1.3767039929115357 
0.8657939145886634 -0.24247843626720098 -0.11820908821741868 0.2242069809477589 -0.8241773751092947 
-0.12475384407116084 -0.21735857606695505 -0.7211807642487867 1.3063148367786594 -0.6247368429016757 

-0.008918912114352634
-0.9169459945034862 -1.5574812012794605 0.0019466431645273259 1.889380488773729 -0.6164989388911596 
1.8961800027872353 0.3877786486087065 -0.34884435511220846 -0.9226415392956671 -0.9718675562811864 
-0.1156391625110755 -0.8967601449441495 -0.450413265880271 1.3017498192426933 -1.4964496435704875 
-0.5082512985293799 0.5030728411249957 0.15113388458592747 0.2487163475779238 0.4754687553142958 
-0.7972832305472367 -0.6055276591922142 0.3451946574973696 0.5923725368699799 -1.943484611354536 

-0.027747969848649672
0.10511255829885181 0.2195761987608071 -0.6573230814009595 -1.8445411529129887 1.0983427460722233 
0.0018375179516681164 -0.6330551103293122 -0.6233502587470471 0.27958062199256095 0.2731731039475075 
-0.5710986651693887 -0.32186099530680395 -0.26492121079490555 0.298500990871616 -0.7906619869128265 
-1.383207114882308 -1.0233057910025927 -0.01886381256749687 1.738518003042639 -0.29145297917269325 
1.6220852270219095 0.8529196274588644 0.08211540265818176 -1.8051352460503591 0.19649234434324875 

-0.02441965953183858
-0.5484977157408298 -1.306728638375192 0.7716381045067273 0.6811336130678677 -0.13411422034578668 
1.2125098780803965 0.21795104312184072 -2.083354711199208 0.6373312696632634 -0.05034001767169724 
-2.065940213059988 1.0939070884484936 -2.256020705803825 0.7221361019233862 -0.8037279819902876 
-1.2905917938960192 -0.5767653786819769 -0.6839443492617188 -0.2466600168012593 -0.24766275780958874 
0.8796940829065152 0.6215538404504081 0.3266755988840194 -0.02789137734121858 0.3636939753909175 

-0.013442566180097036
0.3168619334264853 0.6480390123743462 -0.1607721796285263 1.2155991276091944 -1.9797513573954308 
-0.27562815901529986 0.7191468364317646 -0.2139378562328505 -0.01379759769572684 -0.2601630515556152 
-0.6937321947789723 0.7425409491312648 0.48235545372883415 -0.3645929714895902 -0.5993720166049006 
-1.5561311025227758 -1.6918679491744257 -0.5244538525454567 0.07564877884426209 0.9616514065227663 
-0.33502329123562646 0.06802171954668669 0.5204635313178038 -1.176149127055203 0.5159116311790319 

-0.012997243692416678
0.5424296948119732 0.1958354513812738 -1.0584888793734852 0.3472181740882726 0.2125120130943838 
-0.003527604877810778 0.7331922167090863 0.9618998863285539 -0.23664670073947727 0.00948324834073834 
-0.818582027880351 -0.7040104917938442 -0.06512440295832754 0.1853485434087134 -0.7670956210182535 
-0.5063766114994077 0.3711097182182157 -1.4179879458381792 0.438840422282663 -0.3367300466862014 
0.2649164195375523 0.5800410483616439 0.894444503674992 -3.1044472483885954 -0.12746792148730235 

-0.020831672629615827
-0.607792353810424 0.20678133352217712 -0.7552818796401632 1.025671281916903 -1.3691325230873876 
-0.11272773734283782 0.5938594068939352 -0.4729889091836839 -0.1364194392805782 0.155503105620174 
1.1083572878681391 -0.003684310618467813 0.5927453792229064 -0.7189888547139983 1.1778915297041006 
-1.517138990214849 0.8373977146418542 -1.5054025357835972 0.8592679878014221 -0.6296054448445854 
-0.4834738240750758 0.029684379491292857 -1.7345984569231616 1.5609106246713442 -1.0876561147255133 

0.010156030299139472
0.11500933124321341 -0.5575687895003584 -0.5614620710386864 -0.49456736271393226 0.46257221345137195 
0.6499855095698409 1.1337963786370024 -1.0906770937097883 0.09392964927250391 0.11956493412283216 
-0.8559091285429253 -0.3685527321889921 0.47713239194443297 1.0199981414057553 -0.36194145444841425 
-0.8419662202745948 -0.37245797640378947 -1.773291181395428 0.4112141071421545 -0.7766214405696257 
-0.03172321101725262 -1.154594340534803 0.56423974290272 -1.0554886965861796 0.0188969601352618 

-0.016651039494212042
0.18295672206027216 0.7741874053542109 -0.9082605179889154 -0.7706179636594978 -1.0324917142198606 
-1.2527523689137896 1.0354692035165496 0.17526321134636336 -0.6738022606414105 -0.1213720737346404 
-0.30720576494028606 -0.08165849923628765 -0.40864088336994575 -0.3219965334223226 1.637056149379397 
-0.5037171486578048 0.8441330577347376 -0.3507873082492977 -0.35062964153700144 0.3666466969045577 
-1.3023227495493226 -0.8924585255840889 0.1437518094977026 -0.34200652654062325 -1.284628960706226 

8.472064976016605E-4
-0.5040145366341368 1.6748967457436468 -0.28531144748405834 0.2953109811667657 -0.20407875528215194 
0.27918513989514376 0.33559508161008034 -1.3816682386941967 -0.6376651058597481 -0.23678588192953948 
0.24680275141402563 -0.5315228797246451 0.46027386376588625 -0.047866546136326106 -1.6769110433113692 
-0.5070292862246105 1.394612561482675 -0.14954555113400914 0.41600826452351036 1.0890462739376834 
0.3696070868216069 -1.1293148983680161 6.96880740784825E-4 -0.47846606228159755 -0.4958981353405742 

0.02094477093571324
-1.3054183928610186 -0.6642766882627217 -0.27406499615629837 0.2314450461239077 1.8279230050335336 
0.8155452650471963 -0.04549544347054532 -0.6490497308313731 -1.2029952946054348 -0.2859276200274033 
-1.0333767739176156 0.658472478364337 0.5977071361980432 1.5483380158750237 -0.40271651250834534 
-0.19509497807381376 0.7420740880488959 0.04904447189311716 -0.1286374527170586 -0.4973123901367958 
0.5862824996174105 -0.8035093885403258 -2.2770298151888024 0.5420326363831294 -1.129056607683776 

-0.03809531391492715
-0.6185014749548572 0.5536099546701462 -0.05425872416537722 -0.7688162133236345 0.37687246798708457 
-0.03271309308907574 0.34390591831116846 0.17366550198827982 -1.0150919049721248 0.6198000746454971 
1.4392480573074777 -0.15789358669332743 -0.6513833889247017 -0.22536012099738442 -2.05224584528009 
-1.4850308337027904 0.8235544214785608 -0.43650697251355486 1.2353380901997573 -0.7357582162862931 
-1.5009565976933859 -0.6493208348276456 -1.0857891807227424 0.5525441126415176 0.16114599988976425 

-0.0018551159519349116
-1.0199329058586342 0.874081737257365 0.7142994357130467 -2.0033475930610716 0.7036859181723646 
0.6213179626689784 -0.10692561839041946 0.13758007284981036 -1.8891057799533788 -0.47191544975308264 
-1.9053501361679066 2.615626453053728 -0.7236205160162384 -0.6064753826939435 -0.38398544409199303 
-0.6511505899722102 -0.41687085277666075 0.22472055766258767 -0.6307474707118538 1.4769565119414807 
0.8887327313715048 0.07571959577785851 -0.5649210841303643 -0.8606757410781414 -0.15977646028825004 

-0.0175585517057276
0.13615729985435754 -0.29349761159928955 -1.5832278202008838 0.6439251963020861 0.9225310712901309 
1.6246485796762842 -1.1522573354678811 -1.9802301199371524 0.07875461497058132 0.351664371255534 
0.8980027873849016 -1.576993488757937 -0.2884587446871269 0.2819494062900133 1.0390172634022865 
-0.7128787251625359 0.5070914198413399 -0.2659832725157015 -0.6370028587404827 -1.59392723428861 
1.4117579266079303 -1.2096524320624602 1.2709497621076415 -0.2615544479584676 -0.8397307620751773 

0.004228671334238537
-0.4170119954281616 0.9252105458454781 -0.5851379019293496 0.4058449706104815 -0.0935441810421383 
0.5628109409259477 -0.1982970188786533 0.22149763979522705 0.33230378096034047 -0.43122391511160035 
-0.7195284146022445 0.14266244338840164 0.5727296803234262 -0.6291169939838731 0.10965698738342733 
-0.02985968279608528 -1.0717545107797275 0.03387694991750483 0.7570704739390094 0.19116003074930474 
-0.07757793679703463 -0.174460371834572 0.535566643325958 0.6898085892160772 -2.3350223845758777 

