-0.0668110776006838
0.566593687703225 1.024983941886176 0.12555108894445835 -0.5355430264933192 -1.3002670913985186 
1.6486790977275971 0.2588173988987597 0.6801001451314187 0.0358089076615201 -1.7836700457558334 
-0.45283887034851 -3.276601794028978 0.12271180828033643 -0.8006038352977246 0.9252526558039685 
-1.0183914409921393 0.8278293106847672 -1.4912683803229214 0.963879538117946 0.15424817773269173 
-1.4960207003048398 -1.2415567142766004 -0.14587548373967316 0.6337634818224399 0.03511199720876677 

-0.05342162517847434
-0.7737674839712323 -0.7941405359378801 -0.5634625050149391 0.1546773861082016 0.7587188419309657 
-0.23826685919934174 1.0905958160779232 -0.9341762315957929 -2.258961188218977 0.9471664201433488 
-1.6063343802651633 -2.537440759444722 0.8459265077690079 -0.42699321949685687 2.033737375733614 
1.0994899804563356 -0.35903614923551447 -1.6494501715134078 -1.9554377911285559 -0.09823107334067292 
-0.3969588598374652 -0.6238145889347818 -0.5220737927330551 -0.6710436031672351 -1.9836937030992792 

-0.0977773341363663
0.5272488251678978 -1.1900526090344246 0.9804035162538632 0.5815278757362956 0.5516769962342546 
0.024414637390121296 -1.7499054678974046 0.5692480182799623 1.6877712279804156 -0.08479910515138253 
2.10697233380809 0.7934451392159825 -1.0976007369800715 -0.9392019291535626 -2.01788761379515 
-0.27574402610638465 -0.2189749461934191 -0.26918272034013635 -0.6281190072521065 -0.978639176607109 
-1.3872175967416764 0.9051393155895306 -1.254931486671398 0.2935930459087046 0.2999376847648239 

-0.21590399276033032
0.7180783157777344 1.7677388272932617 0.7799866152379722 1.4649723535098265 0.39235901484993224 
-1.9445273659626858 -0.557452493191248 -1.8886689971647086 -1.2614152701237342 0.22951553100524605 
-1.568505286507642 0.5202364194093874 0.7472037330720976 0.17954731528325663 0.8605077900679658 
-0.8332489566432482 0.5934444614698389 -1.4897529665522469 -1.068179770372357 0.3641467355949346 
1.1698861097545037 -0.5796386366916187 0.02976421102081502 0.4759939932528355 -1.1192835558152205 

-0.1757424702498313
1.0398169194964717 -0.655388288304787 0.9056858099903675 -0.8899987856184123 -2.393817238626716 
0.19445279095338408 0.09732818036119113 -0.16811306053820982 1.4488071166548449 -2.3020087615944207 
-0.9407600867776293 -0.28597059110021994 -0.1895866440084804 0.3637256278101031 -0.8245149795731812 
-0.6336743554624428 -0.07065987015102243 0.23482971749795387 0.5434372259788522 -0.43267880389420954 
1.6093364419289748 -1.310391728137343 -0.22458911722871502 0.6105724626539779 0.6812862014832957 

-0.13857764598285674
0.9329832856658897 -0.6528861797120421 -2.9959855871639016 -1.690221643200253 0.17648183784063076 
0.9982764791840832 -1.2585224454833057 0.6600130560839328 0.09809918134561757 0.7942289912524175 
-0.47652676327332516 -0.8293050608592858 0.7517578205738481 -0.47197535744966784 -0.011573839709828148 
-1.646284207104556 -0.414572230690264 -0.2389582780512935 -0.4540440969420536 -0.9799354731618243 
-0.5056913439343087 2.176080284962535 1.4439633845452637 0.5901762916816979 0.8097589767409716 

-0.12231719675553449
-1.0286248588547389 1.923884405881178 1.2115958714654047 -1.5448090091883413 -0.9646643355397324 
-0.10081728592993261 0.03354283118626527 -1.2181537331020118 1.4716409086100877 -1.0875660740410533 
1.9069148510377207 0.8023226155064909 -0.6432615235797557 -0.8768709693733991 -1.1176209546885185 
-0.6023473409094562 0.06319447086115257 -0.0829360825476184 1.7538133252351555 -0.08337008296819562 
-0.9804510213011544 -0.3856634954622682 -1.5545913409748267 -0.14528591157808055 0.7337537501974488 

-0.1211105865447127
-1.4834036310240113 1.950169700874049 -1.5030000047194165 1.00305687548753 -0.6438575923097637 
-3.233375182194892 -0.2991665497135528 -0.41690843834364993 0.4437182810306766 0.4826289131827419 
0.50698168323592 -0.7817047303958264 -0.839733392613448 -1.0026194030903282 -0.7765319020625969 
0.04342496579374268 0.920582553366632 -0.03485546443083386 0.7203642992951146 0.8972258966174393 
-0.7649060767966326 -1.402102542325327 -0.6509391043067483 0.2394221350476036 0.351418273100001 

-0.11592790726888734
0.7645826654556548 -0.43502321668655336 0.7291593044196351 0.5761709107318919 -0.5873358379474893 
-0.11029174429335907 -0.8206533145152158 0.6022910455308085 0.01449434576472122 0.48296458766653444 
-0.28707320011156867 0.8924511201952959 -0.7474694458661658 -2.0726546141260744 0.21881518738918565 
0.8686059076001512 -1.5239908130884081 0.8529649047078467 -2.0945841082411607 1.0893942496386884 
-0.47450109068804874 -0.19843882744688662 1.7910520582890217 -1.079959894887513 0.051973211782089905 

-0.31016980551674744
-1.0456335741982843 -0.9597195531525545 -0.2575122128281507 -0.9392571407002355 0.5245587795748051 
0.7930304766334595 -0.3956463310041455 0.09717638695734257 -0.5582588481819815 -0.27729857904566974 
2.016789545261651 1.0410958351167139 0.6544399550471621 -0.8902682915115095 1.0071798386251638 
-1.2286355700604397 -0.54643290562248 -0.8244498915546911 0.7757763157827509 -1.12665743490202 
0.7194797939033577 -0.5300844648780111 -1.1166771095685 0.3961514417248978 0.6417232912096494 

-0.47586538855686517
1.1585448077750196 1.0832440761910054 -1.1119699003736376 -0.4367762893021515 -0.3332788155201238 
-0.9931124354142609 -0.7138036401667821 -0.9531497640818237 -2.3552523701965944 -0.12285479907278084 
1.2159361318503723 0.7486170714848617 0.09273847244438345 0.23081953865091703 -0.23927943964392176 
1.0833455448514062 0.44238978794474204 -1.729792948590828 -0.15491243161689125 0.8035018354926085 
-1.089743828342595 -0.09468884304528172 -0.10803963235137651 -0.7191168844711505 -0.3793901166206768 

-0.05570854605545459
-0.8792537823659581 -0.7484059074268302 -0.5204539553986978 0.9401217964565873 -0.8140012307939842 
0.34664771158933333 -0.27936494376953636 0.5438828556126758 -0.5307827090289478 -0.540604451623973 
-0.9744629198592777 0.6884143895431368 -0.75023044690602 -0.5617063851215424 -0.7020662346159983 
-0.956533968940936 -0.6112015641448837 0.36307789658861034 0.028826626797711648 -0.14420956876831947 
-0.24486938431109276 -0.31804729034835655 1.837856051973966 -0.8990482558102467 0.9057687891376623 

-0.01384796955208317
-0.4060362156573638 0.23455754530569642 0.6268654157317819 -0.888814078110832 -0.3148743050199867 
-0.5771781304047491 -0.4232096824011848 -0.8645257841938353 -1.37062454925032 -0.17962741395978912 
0.7069960744429213 0.7278131561140867 -3.0784242901315677 1.5083641992078796 -0.4430360556200916 
-0.6428531412228667 0.38803609212071155 0.4281656999314829 -1.4669696416555873 -2.14895700558767 
2.2532004167977697 1.1013223025618388 1.5931657619035156 0.21354409320328135 1.0494132367469016 

-0.28104859607361343
-0.39302818716296223 -1.5456963511161919 0.18551132393464995 1.4647925654462746 -1.3504715690143934 
-0.9942836661503816 -1.2426685617144624 0.5059995578455196 0.5018300996092544 -1.2810782748323846 
-0.23316331788512415 1.3296546219612457 1.1958780953517927 0.3091736885149631 -0.44465417948036545 
0.7414850064163317 1.5467621224998467 -1.5467210528942001 0.8429122590249507 -0.8831009989830145 
0.5390458803219903 -1.075846851361234 0.49116781351466954 0.9952906272702964 -1.025131022108687 

-0.12090262128325709
-0.9383048235964967 -1.1451803315750877 -1.686119335832013 -1.3987249974086602 1.4438176414175206 
-0.4311732675992219 -0.3100873761395756 -0.37670228343291234 -0.46416905588492874 -1.9606436680752672 
1.0788206852193947 -0.08489735014783482 1.2349840213197731 0.8588686266074878 0.04968883253668185 
-1.8701285990812273 0.44386993725895935 -0.14443549159776695 -1.2275113527405375 -0.33664739699938157 
3.2113734758628882 -0.016213889357317112 -1.0493416740718329 -0.9951536143155361 -1.1529121143054355 

-0.09259680139887054
-0.07009080253137084 -0.4772514687230214 0.5524280310783316 -1.3620584418797057 0.35101391081397504 
2.1562775574099757 0.6572082595812768 1.9708031255410015 1.175310279784386 -1.5345737472286036 
-1.7554215723664335 -0.4139626274580211 0.3171009006266575 0.08688827727446582 -0.894836881313839 
0.08673775468618591 0.0424260353695746 1.0123090718550265 -0.7849120447631686 0.25440572110332704 
0.8186264704290014 0.22473981846780025 -0.6448894621512792 0.6479396339155681 -1.169194135651731 

-0.2862726417042516
0.8402332249570871 -0.5211097313534283 -0.2856935480292726 0.13957616667618217 -0.6432423246098689 
0.6082613373623621 -1.2485935862345001 -0.4872346063568896 0.3300717717173944 -1.5657784829351975 
-0.0332897398165761 1.2445740625533657 1.2614777352569841 0.9677584209601912 -1.0682380688313828 
-0.27202180282569327 -0.5556484763645634 -1.3443047990525112 -0.3117389711170668 0.7617905029883361 
1.0221496194588102 1.2984026541663747 0.9231125052977386 -1.273694316078479 -0.30044853724506587 

-0.04070383993011058
-0.994057187631128 -0.8518164336473014 0.3093037977241796 -0.4083435292914462 0.03880356055242711 
-2.1836117881768558 -0.5852305816937846 -2.4455588808967397 0.049128569173115144 0.5983774358053643 
-0.6120133820955909 -0.13387433344093222 1.5790747212800935 -0.8724967936765461 0.3013422915545806 
0.2897055915759164 -2.010060715961271 -0.20846705795944967 -0.5034017299963742 0.19465679824161275 
0.8966052008270424 0.40996150583843183 -0.4566031679949522 -1.4400416354231635 -1.620879111315713 

-0.10262328111364179
-2.5660448574704247 1.0875372830961951 -0.061321529117077625 0.8936909618084206 0.10025958658141267 
0.045149703556319726 -2.7694083421809634 -0.3227005743334263 1.0631144739130127 -0.2941455122068459 
0.5752628022013284 0.12979301540228905 -0.1458949147140891 0.11640127465543905 -1.882631757541812 
1.4368739323940236 1.254613315066881 0.13818608708208738 0.9763031954225071 -1.11905293575954 
-1.8277749154995482 -0.23249583504832683 1.0406737254045324 -1.393883496567801 -1.20536980551836 

-0.29798619530149517
0.17651446916520502 -0.8607860014265827 -0.15846635095543102 -0.6996616278836273 0.4010599407080711 
-1.4218684741570191 -0.528548430743591 0.4269785872917033 1.6086886043235173 -1.2218067348734403 
0.05656856153301041 0.5480092614502453 1.5112495846380307 0.21088359348807667 0.47154231606053054 
-0.6448007459502679 0.8619776966928716 -0.437975914664719 -0.0652978028340018 -0.8712939461631053 
-1.0279698703001732 -0.6291688608527584 0.27170471197052914 -0.9420737823506806 -0.4145015839106909 

-0.15924962665723974
0.4297801703484507 0.8143125289056395 1.3834053841810448 -0.2711520041063123 -0.5033379375472271 
-2.617892619014217 -0.9996157440551868 -0.30983544254311524 -1.1836393444488047 -1.7748682181161173 
-0.3864170149573076 -0.7184449381287689 -2.383891106109785 2.6406926066135017 0.7043967837173912 
1.063988742503491 0.670803220790496 -0.5339793695295919 -0.1626052808178317 0.5901962229711052 
-2.1442846279896774 -0.3745046535732841 0.5484729154557129 -0.29790231752463936 0.17218374999094127 

-0.1280062648271039
2.5605951119312653 0.3714497235482641 1.1501986499017773 -0.2696233689507078 0.4439967753440161 
-0.4964217678745099 -0.5790674707587669 0.005240018110869479 0.5528382594964554 -1.1888724489821818 
-0.585697402098265 -0.2952295566172196 -0.0984917744295927 0.12501690623960615 -0.964512626275189 
-0.9232456616864894 0.3757340842062112 -1.3959393851260389 1.997892389601845 0.6404511914238556 
1.790514427964301 0.4594351418591825 0.8578680206812926 -1.6204859706509689 -3.035980866989487 

-0.2631624859430082
0.3866769238321195 0.34735878548511456 -0.7215592230302822 0.18524301165377774 0.557452271913557 
-1.514452677023323 -1.1219866234967046 1.1781271870187864 0.891606573658297 -0.03762043938540166 
1.0907005977523156 -1.4910006035459595 1.6663840434389035 -1.3861522205341184 0.09329338178790827 
-0.43596014088249657 0.41529485106440545 -2.2690088179282832 -0.49923601444861404 0.8931574247790339 
-0.31636103783903274 1.5204004668836546 -1.2393075710015071 0.04526735224005227 0.7209259436134162 

-0.19098247601840754
1.3210380042888377 -1.6095446336716606 1.8633029346123722 1.296846620385953 0.3480986861641935 
-0.7591915234738523 1.7822658828000735 -0.6415559222513504 -1.9514578872279635 -0.09163460267404394 
0.45776520075134675 -2.0308455752436045 -1.1729187366008205 1.19922357502373 -0.227709119973479 
0.9221019871508376 1.2786716607684 0.4035222961512039 -0.035725026622087895 0.23647559553307876 
1.211134694538358 1.0443758145734168 0.6790696396055564 1.2226865514469452 0.6831412126787243 

-0.015259733774332885
-0.5574783545744934 -1.2283241124929778 -1.4039169676907444 -0.6902922153142607 1.8578506257965717 
-0.12857808695372527 -1.1333295782272221 0.711243325153963 -1.7796499362762432 2.747288542309078 
-0.03331310506754863 1.9942764614729502 0.3940255217856624 1.0507098643336938 0.03776687710513848 
-1.2395422624901244 -0.14339407687063327 0.5542611256946021 -0.9825768694606442 -0.14365878361745654 
-0.1332250659295034 -1.8419201546012522 -0.2060062776893523 -0.4671245901921425 0.21161424433519566 

0.12639504274886193
1.0632314719678506 -0.13978120231040225 0.9302239224154559 -1.3761055814986023 0.8697755508005826 
0.5328660422208108 1.1070949853410044 1.7774682451945047 0.1903821083173501 0.2568180213796682 
1.3931265844914356 -0.923021896729159 0.6774201235513974 0.21789165775348654 -0.6811094825792444 
1.4766987780617458 -0.700890810406323 1.2892861172668308 -0.5148378905916331 0.26488462153141246 
1.7562286762156885 0.4100886378782096 -0.9884451879274548 1.36424686803119 -2.0054349752756755 

-0.04938805160046717
-1.1819183978865562 -1.7525393535658356 1.9913634983841904 0.04318538965161575 0.9428206745553717 
-1.339710807035063 -1.0075904695891653 0.48430900641119307 -0.5555228642846092 0.3162080522815694 
-1.77381897402809 -0.8675459844287168 -1.2537376294037699 -2.3363669649050265 -0.16775512033343176 
1.133125048973759 -0.5776565961847334 -0.7609659035960116 2.853720160833588 0.28286989040513194 
-1.7700733751471434 -0.43442405802817885 0.46722301630675195 -1.7411112773268551 -1.2530461722241881 

-0.06635267577387007
-1.6415909534678141 -0.9038649678740469 0.2983233259013464 -0.18075382039161428 -0.1514693135967704 
-1.505831570203332 -1.8892567954083235 0.26677845448345516 0.5989762867057602 0.9266545367910386 
-1.8604157225376095 -0.5214477771291502 -2.9733307602917454 -1.2493097865962726 0.031565509858301206 
-0.33679589843660135 -0.125887286030111 -0.6321224097834126 0.3672319082175611 0.5325951920474813 
-0.6653217300475344 0.6154407256811013 0.4445977062138747 0.5447920648594589 -1.0396271836593776 

-0.2782835059578978
-0.47148663875230973 -1.4730376257241269 0.17666115924132295 0.06937592813622526 0.04323507646331928 
-1.027276855565648 -0.6329129922458548 0.3396633189735888 -0.2685139238116575 0.6593421302377014 
0.22745519742890166 1.242421353491545 -2.7221594868809573 -1.2325222965039215 1.8759883118873537 
1.3451777407706282 -0.34800978694933976 -0.22613862167207902 0.4071964646628238 0.035998808006196474 
-0.7279309382380116 0.3187816208374337 -0.9356962833445835 0.415431163445428 0.485778363807017 

-0.08385524831972854
0.100781968198262 0.8674196428134663 0.7696836678232292 0.5582835468147818 0.5677055790673339 
0.371169751450344 0.5598297795152355 -1.8775696937261472 -0.5083578804744611 0.5450850838532396 
0.6808455643143496 0.22633607481001256 -0.7121148012627251 1.553082373719067 -0.278558616571745 
-0.44633000486837615 0.003041219404643405 -0.9353414609271707 -1.9120475160246353 1.4885746199395338 
-1.143586159168491 0.4302387271474209 -0.46209051744899865 -0.3675791835511687 -1.1546401991738489 

-0.14153733706003374
-0.7572673973127388 1.79170563909163 -2.230830465653746 -0.9962798921645439 0.42777252631527746 
1.4566671482381852 0.08463618057462803 -1.214854397272419 0.2504382797668667 0.23865997393333713 
0.31665272216036283 -1.1472435143842004 -0.8316183456025505 -0.5781321046836504 1.8787368414441095 
0.16289784188478038 -0.15592843022473082 -0.6954890172858347 -0.5086654227111954 -0.5967571703910945 
-0.6814673962876373 1.4827468024958563 -0.8629990863115904 0.5412139335224502 0.7571779890376816 

-0.11596217798167878
1.95116891458705 -0.3814173646759886 -1.1564207277528638 0.7537984647028139 -0.38265772858663805 
-0.19004205139501382 0.4498246399059393 0.017870572996161006 -0.6878587240631969 0.7510307660896823 
-1.4092787246336482 -0.14546616559330763 0.7977294076888922 -0.8490137554612674 1.0734338403659607 
-1.0980026477979146 0.5099730212698412 -0.7501848099583203 0.07263685077639707 0.10173754699090004 
0.07885673713430075 0.5651055453734989 -1.2446380223811493 0.0903227893640699 -0.2117688365016895 

