-1.149367698089118

-0.3478922541783627 -1.4539074855305287 0.15474094223227725 0.6643390580183707 -0.988754812638996 
-0.23499092976335884 0.4801830679406726 -0.8223795662712109 0.9586576863463718 -0.9319696836886189 
-1.359070158909563 -0.306524881961066 1.6245967584873398 0.9535919583235037 -0.5201677304472373 
-0.3693136027984514 1.4316376410890839 -0.10226644836381601 2.3553576665785236 -0.39714856949444044 
-0.8060039022096965 1.5797182091944493 0.9896593954464585 -1.8393527130518206 -0.9249456249799741 

-0.2222796339209625 -1.5224900890703121 0.024408680941015747 -0.13044463030640543 -0.1525093822746568 
-0.6974234607548327 -0.34956626610853275 -0.9160671664490614 0.6458938006834882 0.9147406315907423 
-0.21214834173425626 -0.705915265350803 0.5722687278011866 1.190184131381002 -0.8714074626395277 
-1.1031115559531783 1.927132166466848 1.2558194891157575 -1.2003022595750314 1.1275720389902886 
0.5271609462636285 2.015120837133463 1.722378596661108 -0.47229015412912584 0.7658031711468796 

0.5877451066162948 0.19942056412368125 0.34445352825131076 -0.23818669122268393 0.984939200172326 
1.139353536985746 -0.20747953104761102 0.20992329690594955 -0.20035736777442298 0.24884223706109676 
-2.609913456051477 -1.4163835220133223 -0.21921894499686442 -0.8231464207195957 1.4563429029309194 
-0.27564792565158125 -1.1106358183291258 0.6635944444244508 -2.4550655400366197 -1.3999338592779713 
0.586501894952257 -0.5910321973357231 0.28305483527084685 -0.8114528451941897 0.3791959516687335 


1.7279001361780577

-0.025641209996142368 0.15719688907311435 1.1409010972896232 -0.6861775160714615 1.0834963987806647 
0.2889556767353592 -1.3492433434056157 0.5036764685057032 1.778026125234606 -0.07006066226669518 
-1.2156596142385934 -0.2731153632702573 -1.7031937290714068 -0.15033315310953976 -0.3859654053654615 
-0.4885605781108055 1.7799551007111507 -0.6124498535799542 0.1674800338085843 -1.239657569569768 
0.34214086918726055 -0.26431751658572156 -0.24205390865589912 0.7830046098787689 -0.1335206693806289 

-1.4935698054896078 -0.9128661801684642 0.44747941563168814 -0.3652765743248589 -2.2590564356786973 
-0.2887689381851626 -0.5287689197311332 -1.4147149928610079 -1.3955227932927359 -0.6239096302579374 
0.6889074338242446 1.7976521036184294 -1.512491381492225 -0.3865706704898382 0.8480217057681921 
-1.9942605923381989 1.3953860376081637 -0.5975887361832334 -0.30739219066004564 -1.0864606325490538 
1.1732698006277693 -1.2487156759352636 -1.5933178106792971 -0.2899576095233366 -1.6500181729882002 

-1.0915364936472756 2.444630909764664 1.122369568302574 0.21951911846600586 -0.6479723453819451 
0.6065066301580481 0.1972911201593702 -1.5470659695401878 -0.6932142301137707 -2.2493849875663376 
0.9682400046916687 0.8131302743604361 -0.9310346229684795 -1.12179018891289 -1.6642464637914205 
0.17264601504851543 0.7020498685445314 -0.5476317256172523 -1.153292360091637 -0.005582417462124674 
1.3020534921005176 -1.0557580240221383 0.49705841551977964 -0.08878925937820004 0.9269403063866696 


-0.598163638883849

-1.010119319456468 0.8279692721059808 2.35483620424943 -0.2615341140819805 -1.3693447016509461 
-0.1918919337086547 0.392983123016303 -0.01909854373991148 -0.18626260273099954 0.16352867900732215 
-0.5702601925711992 -0.40540066859478424 -0.9575741987968384 0.581247962437592 0.16817373636705407 
-0.9933984817841816 -0.28394247110956194 0.6983056593146653 -1.0450726926385165 0.3046194759484546 
-0.5280169371102691 0.9960869815138079 0.990109114796755 0.23670417408312394 0.4906482605711552 

0.5163888007641072 1.441211298644744 -0.15980844608262207 1.7500285177474013 0.447388704017376 
-0.18055694793573737 0.7851652037952221 0.38804296452726894 1.2616632142502349 -0.7386528741482364 
1.2587316125755308 -0.5782415635955932 0.9874021432455586 0.3718868333941675 0.7771620301399409 
0.3403228955992934 -0.5462935712261605 -0.19581034202383998 1.0453244654318747 -2.363946764756139 
-0.0034087537301378834 -0.5581531900322668 0.48512906734289923 -1.4329958641123637 -1.1713039625850576 

-0.5484882886489064 0.22796178168436065 -1.4962370965988947 0.22290372857662466 -0.25079716036015876 
1.3010223953879507 1.582175473850453 -0.1965100182466877 0.7888192187652311 1.1623403135089618 
0.5354299558656761 -0.42339399857512905 0.5036800882028531 -0.8706576974390643 1.6531483009374732 
1.455971713087052 -0.5694285383193226 -0.8661176465196763 -1.4143486548066848 1.1645333146118069 
-1.9739186231348236 -0.9554608450090628 1.5207623830785293 -0.42974152037246344 -0.2312854440121998 


-0.7389371429300692

1.2724374834648124 0.3407672947247318 0.14153707094234946 -0.9863052670245411 -0.9081731589159545 
0.09659831827585606 0.4505293219251818 -0.13829794435462964 -0.6147356516296729 -1.014489579415214 
0.18061403184812058 0.0921162888188494 -0.941937101285317 1.1323775823485378 0.17862206907909 
0.8589736990774895 0.44334451341473574 1.7506523467840125 0.5919738786251064 0.07886995977268382 
-1.3525748605699708 -0.7050789575465507 1.3246209545963097 -1.292135050100317 -0.31025402998434287 

-0.2041029224913596 -3.5089307527643907 -1.241618251673112 0.18304573481350478 -0.10384193846608437 
-0.30495446274021965 -0.5737271043415325 -0.4530973659942526 -0.9533504705246457 -1.8280779709410158 
-0.5537540684155388 0.6549738855473927 0.9856136943526385 -1.0138289721236766 0.244533420241239 
-0.4202258167368945 1.0462490463774485 -0.8570384288498357 -0.010166436258030006 0.1909926862146935 
0.2187021895343804 -1.2270583976384426 -0.6309925087877 0.22863038373252248 0.573287115274516 

-0.24777092740363776 1.6672743298008992 0.14058117769907105 -0.7598855971686486 1.1671140507927524 
1.5336689963249732 -1.3504063162705484 -1.0116684070080668 2.194304223368979 0.5766580015213658 
0.5147411408429143 0.0017296745679758656 1.1075015221850488 -0.6921631598315623 -0.9876350290805825 
-0.3602493726681276 1.415342926899393 -0.0519340295828972 1.0661603776758062 0.6765291666644808 
1.7293155703539176 -0.0726362549112605 1.5547820433454815 2.472735590370967 1.802340035549987 


-0.6925524416496994

-0.37808554038970626 -0.3888167194882306 1.5065830044421669 0.40335796303281696 2.0919958594834474 
-0.05670098885062604 -0.3995128047315596 -1.2945671236324354 0.9658294457622776 1.1441094898004813 
1.272610103276135 0.4087974031731555 0.8273926663290679 0.056713202151219076 -0.005792959877111811 
-0.7884810642470097 0.31778639508150747 0.31227704622176644 -0.17826270994778393 0.48254652534177117 
-0.6675840406068362 -2.3981815233495953 0.5193613714949684 0.9432973517893528 -0.6913120475890467 

1.9834861592780584 0.6969354532628836 -1.7292193128437705 0.3635904074410039 -0.21542930873106955 
0.5418550505081073 -0.16920742892680546 0.3262737770159886 -0.31057908550148633 -0.12863641340346293 
-1.7645546757548918 0.9424972449543598 -0.6228145706090797 1.2720790206727346 -0.701511801619894 
-0.3351475206625786 -0.3811610436859151 -0.5748524133572006 0.3076882692527888 0.8999206072333269 
0.7934090049879592 0.4699710482423488 1.1884403863179511 1.0049549587750732 0.2080895044725624 

0.2985830895772009 -0.9325724531304793 -0.9454146967079019 0.6137373120646139 -0.1160617441117942 
-0.1807793390480348 -0.06210637951575742 0.13512150693717348 -0.5647289953501646 -0.258844228792674 
-1.3528277863675224 0.13918869115744922 -0.2690355824683811 -0.42690377986727224 -0.1463198129959099 
-0.07664892401826665 0.6804131292244566 1.0445206096807274 0.310641209590197 -1.0728574721908344 
-1.3196862338199666 0.2858830831691382 1.6442563970940614 -1.0125399639004533 -0.22206299926171688 


-0.8493138827930685

-0.6799039624707703 -0.4931431041402886 -0.015010922403421102 -0.2145865586206951 -1.0661483599364872 
-1.0601344098410588 0.517269248030488 2.267499638866937 -0.2172502128134701 0.6808495261176012 
-0.77092648865057 -1.9337106470378629 -0.7024544628346451 0.3037013543594673 -0.8652601929496112 
-1.1112783679956786 -1.0592564960272153 -0.6330904563655274 -1.664967015787891 -0.4833503771185002 
-0.768537112965524 -1.0373966726546546 0.809957087998319 1.0407994602597233 0.6444803732506204 

1.8888941342801946 0.2626848653917257 1.7008560804713069 1.0400470613284776 -0.8701890145142912 
1.538766281561674 1.300012542954191 -0.0840292376503175 0.6837560852767018 0.5413898156290281 
1.0712552153539476 -0.9676719849621567 0.5367447918693777 -0.28090074870375403 0.6213911729838221 
1.708838633529052 0.5917382966512957 0.7223992153618854 1.579711533847295 -2.078282059892985 
-0.01067093802753175 -1.0931657800068075 -0.9409089379398375 -0.5285211141882004 -0.285123011568678 

0.5040508092013442 -0.5182330093878282 -0.49129552224919815 -0.7787817250822773 -0.6755020526366982 
-1.791664163698036 2.187975242194448 1.468488994184145 1.7253076754728052 0.20341441347327877 
0.3179128324295864 -0.5098500743855201 -1.9494472906570877 0.8290274527775481 1.0148973835629043 
-0.8528236515547986 -0.2435813531084125 -0.055881404086427965 -0.10228822576975727 -0.16550567928764653 
-0.4997322062400305 0.8145957841667086 -0.06993453286262177 -0.5212891536940287 -1.158239268606446 


-0.764433120496725

0.019029821633005796 0.09461643348967101 0.7426920877686244 -1.1036499908830897 0.9203650180976576 
0.07269979696625163 0.2482032614201506 1.1510254126709283 0.5971253218291652 1.3958661089122208 
1.5337589071440223 -0.33923529379630996 0.3396487210528058 -0.6836426298975213 0.11667079951543628 
0.5497513046347362 -0.2249668674580239 0.36683913313706373 -1.1226028576229496 1.1801482741303353 
0.7388561628893043 1.0047190659937457 0.27007835165219 0.011481460515635556 0.4302973956391657 

0.6006427698885023 -0.03233820839816599 -1.1827970007124775 2.203913584984272 -1.4355838622250578 
-1.1280521585202168 -1.2002880525959214 -1.2424604594014588 0.3334463735443479 -1.3433802748526409 
-0.3266917456960711 -0.7381124389173981 0.17475825533448255 -0.564682074227527 -0.27566022804020207 
-0.6349347225751106 -0.034121574702397246 0.5982888367239615 0.40073601355643973 0.8521148776666706 
-0.6759244766258239 -0.3750072844930534 1.2146415649174447 -0.5899991579683423 -0.25946938305921263 

-0.320940611504266 -1.2662987532025185 -0.5740069597556787 -0.13303819571007042 0.9868039885647512 
0.5043503080123884 -1.1571004750640128 -0.8185954651681405 -1.0209185313282123 0.5541307696287656 
-1.5712862465437616 -0.08054341929022199 -0.20644987335205092 1.1905090680786172 0.559339439233023 
-0.4441997219193708 -0.03333688377940218 -0.9683454143372405 1.3323721176316332 1.4027625549293594 
0.02086673832343972 0.7377652455903797 -1.0305984048496035 -0.7561638446597937 -0.2496968960466915 


-0.9471548057362573

-1.1277967290448405 -0.8436983241836596 -1.1499363764127564 1.1057753588574868 0.1091961844291836 
-0.22645696772985419 0.9007524878700582 -1.7166756535166128 0.7964360419766212 -0.17243744319173498 
1.750426168628891 -1.9042471746014342 -0.8787327150430239 0.6394238702841749 -0.2959504137132232 
-0.2642608867785168 1.3958762299557765 -1.2960472854609113 -0.17129463241367593 -0.6551000943713615 
-0.04862333689366053 -0.6113884375969886 -0.18029252628281156 0.6230382115854257 1.1577229020520305 

0.9946612273747873 0.7378010385971008 0.14764728444066275 0.2759650323268904 0.3508367269180746 
0.787493593226685 0.6760948163898823 1.6821822194931688 0.9243501866739168 -0.5981966034767385 
-0.6162047085508975 1.4726150216633576 0.4258314013926458 1.1338911755480652 -1.115697379156269 
0.17279585913580325 0.6681310131880316 0.49629689544692446 -0.10271284677593018 -0.09772611993667157 
0.323538034351347 0.6480070504586979 -1.7157879431728975 1.3951279147021984 0.5276685490493837 

-0.9489446193871383 1.297054311743466 0.21917418930633406 0.28997609716896816 -0.35752422814884977 
1.0962308221254211 0.8273268925007613 -1.1086080054265786 1.5082350849605766 -1.9842371477999776 
0.6915688535301793 -0.12157408398002362 0.8157074834169371 0.6428549698921083 -0.09086919306990401 
1.906385277895916 1.1660649626477424 0.3963675352870469 -0.6107899940099136 1.1098640012580705 
0.47429719518179264 -0.08151896848120951 -0.8273844178822019 0.6475275993198073 -0.26944661181233154 


-0.697234960291771

-0.8782631637745879 0.42004096962745874 -0.48525260485665916 0.8662143522135024 -1.0111286258544594 
-1.1885754919331426 1.91092808084672 1.6196272899262751 -1.1695312004419796 2.1799165052226854 
-0.2817099041603923 0.24728573212437893 -0.9628975853754644 0.6733021938334068 -1.1580472271540474 
1.6535492967988217 0.6937486420970966 0.7474848919273096 2.429252004390245 -0.5511088172187123 
-1.5272433671645986 -0.5413859843827615 0.899199577127481 1.10102911522989 0.26828797286123374 

-1.2142931059630462 -0.05322303678088086 -0.8363059502828145 -1.5900633157754802 0.14520066088949285 
1.6681945107005811 -0.18418048746712823 1.1005380997236176 -0.2435243534490701 -0.8703115510622083 
-0.6840237698130446 0.081141427530382 -1.0480146877252305 -0.27801455371382233 -0.3651644158662476 
1.068766995070628 -0.324879635039953 -0.5472029649397723 -0.7133993009931076 1.0898665947382609 
0.6251934370370125 0.3183068822700971 -0.8844764259666407 -0.1593048769544002 2.107078250931036 

-2.0607956960166063 1.0697192339469181 2.2847848004351262E-4 1.7352251874605538 -1.031991591313144 
-0.08911154094393067 0.17188094098203408 -1.4549644776667798 -1.1519038318443267 -1.2247190757648836 
-0.42721244586312257 -3.1897231294728345 -0.253906677413036 1.4519808646261194 0.7884106197916613 
-0.8788455581814352 -1.0609300089156772 -0.0012861851544493906 -0.09504632630190384 1.8983643556969678 
0.9643248442225615 0.023402376292306667 0.1494582174399511 -0.19508646689415574 -1.0330504885784162 


-0.9441724221116901

-1.51205308636032 -0.8615153167737306 0.5455262991761243 -0.5915576912619581 0.11298435349737618 
-0.17787411012549173 -0.017744628541429275 -1.1435716067594262 -0.1498101570497593 -0.8240772659339557 
-2.256682568879433 -0.8014928213872272 -0.2568216222884316 -0.5236661555494475 -0.5167864533751199 
0.2345916381758033 -0.9364712753264818 0.1204472604950819 -0.9655833729837277 0.5026640147455131 
-0.39896354085884417 0.33333461553837923 0.332113559731354 1.558171598903949 0.7923828458722507 

1.9049795262992126 -0.5778823594324917 0.3344028911037747 -1.9830358030851196 0.9309199504137634 
1.0081385352337764 -1.703235044493937 -0.42379834187840465 -0.990198588992475 0.24616581770765045 
-1.6511929505737042 0.5749974611385911 0.21564513071465038 -3.213529927419073 -1.4690649581706638 
0.46172622995414264 0.8574329194122896 -0.2193044381362472 0.4415134358716565 1.0488732344995906 
1.3580135047004953 1.1198999758174315 -0.5006183634361646 1.4839334636757724 -1.5910361894242886 

-0.11327037566559951 0.11850158986391914 -0.8037905271763267 1.163556134040919 -0.8303856871925938 
-0.32032801169505276 1.4204944834135889 0.3129637219805453 0.1989141834510581 1.2107967365448602 
-0.46933920482118563 2.133534762206044 2.208491925003393 -0.4384875750892458 1.019975859715219 
-0.8111941645388738 -1.2355271342434004 -1.1832592407825189 -0.29947336579926936 0.6156049716293283 
0.9789458853930428 -0.4623537922841497 -1.3572376964864055 -0.19421375775745453 0.4818452956177243 


-1.028472486699981

0.1639880757012049 -1.2625627274666573 0.29007804090045675 -1.298235379868187 -1.6619943277695794 
1.0446263937045208 0.46507773372798145 -0.8899336604083066 1.0184826989059041 0.141317447612054 
-2.844546524027993 0.881418297274532 1.1567499909089776 0.20875082101931594 0.5478223110661865 
1.3156042768800422 -0.2008260793500809 -0.8593161539381079 -0.3464955482520237 -1.1566444754975014 
0.4074207628107347 -1.2713156183346335 0.7798017698972372 -0.4722287126310856 -0.49152920583710485 

-2.765982499613233E-4 -0.9636971831803233 1.168521122280395 -0.6772995254453704 0.19193559463957963 
-0.535520056910846 0.5729364759023056 1.4309940798107692 1.0757023126177907 1.1561648698035614 
-0.13924278694987607 -0.06724150074699013 0.456465999822783 -0.5222842065325622 1.33367429370471 
8.248312871959469E-5 -1.6241186607761509 1.7152955693207286 0.9014931684580884 0.7275130627122018 
-0.7052932326515213 0.6448497071679741 0.4826480734009583 -0.7669825601601689 -1.3933622679133006 

-0.7485866378137662 0.24505491618737027 -1.7481887795023847 1.876123678205877 -0.41520964403375443 
0.031176685440873052 0.7520442151084499 -0.24623367026689463 0.254816940623522 3.1568999721903923 
0.9397747819633522 1.1272914879683615 -0.4308169911325788 1.327611426249062 1.2966944797169666 
-0.05886257391140992 2.1501916388543254 0.846432677850246 -0.574169235732818 0.14110827132627435 
0.40079948339320354 0.3549221815741602 -1.4599983684717164 -0.791422435875079 0.8858695488528361 


-0.6627422390737351

-0.4608398681792228 0.15655749970937705 -0.9686616954265329 1.4777003177427093 -1.6355544714059818 
0.5047635292438059 0.3505852484230626 0.9117233881678142 1.116790652673741 0.6366337350258369 
-0.6041220414910901 -0.3704877224685023 -0.09408397296387436 -0.6027729500719216 1.2244050448732893 
1.42801679452363 0.3161236164711964 0.5825677059198044 -0.07750880291051358 0.5288475717777825 
1.5184094858918022 1.5490299475044749 0.999362660578525 0.15727635538372284 -1.6343909707923492 

0.5717770450515786 -0.07245732103577876 -0.052524356283081705 0.9595555791423185 1.11977590611449 
-1.625537637998649 -0.6579591884332058 -1.0726162850408392 0.2777047156248928 -0.3620200396424123 
1.8667475869770151 2.2025958506097565 -0.5366031310924316 -1.7131589994584087 0.3795738214605524 
-0.8783834962678304 0.6514757614582573 0.6598201633876938 -0.04458788683445691 -0.1603899235606567 
0.48939805116897717 0.33553085036884217 2.095020719326059 -0.7432236443778184 -1.1053192258788906 

0.8670277410671254 0.4156388064109693 -1.190532559160093 -1.493608209046326 0.3275632513295093 
0.1263494321122433 0.8414733977792832 0.2980850867139529 0.814639616141889 -0.10401186598500066 
-0.22547958393980008 -1.8554066625035568 1.476209548031627 -2.0764522821808993 2.3303687309861343 
-1.6515064698494977 0.23896017861538105 0.8449872641500148 -0.4076508994669695 -0.16796250860433154 
0.22651224350990556 -0.6495636891592189 -0.09950830606726312 0.6128402417614279 0.08544884760130915 


-0.7221094710571866

-0.13544748959695158 0.29823657513544327 -1.3094588077157152 -0.11326649853882927 -0.2831102147390555 
0.4158443681712584 1.3004860157880036 0.2182807453755313 -0.9012997555107812 0.5885048923378124 
0.1922133647249764 -1.844022215807959 1.0806226823930571 0.4213026363739361 0.3167241666889245 
0.44475890148105107 -0.517896794220895 0.5645664947112575 0.4612639210393415 -1.1320160764155254 
-2.2371248597676754 -0.3173655903243816 0.044503530302738646 1.3536279750810032 1.0992617630172858 

-0.06027139145743044 0.10687217106293312 -1.0610738998074982 0.7374883348321523 0.99876665622898 
-0.2571329098520507 2.4375412326287185 1.1306768151126154 -0.4867955658443143 -1.1133145905021276 
-1.3393913689111254 -0.4672538130633674 -0.784387471935024 -0.8924169982123435 -1.8295483513926107 
-0.2579340168225206 1.317983280525354 -1.3670750596245234 -1.0740738366833855 -2.033228484954109 
-0.21304584046079872 -1.7519500870103677 -0.38381101401088563 -1.398872534839331 1.3732405192311532 

-1.5471476614640198 0.10513518788986878 -0.4296099214469263 0.6200935816204557 1.1669100552256009 
-0.07456398447587782 -0.25848381324734776 0.7789742998528938 1.5770678377184333 -0.3345069735497478 
-0.8574992471547661 -0.16565479702384078 -0.4898854424162576 1.4652688929740472 0.32953400340129774 
0.8528619644259919 0.26999706907155074 -1.2992712467117742 2.131958739851688 0.04934303902580498 
1.203637815699962 -0.5975172848905687 -0.8198641480006814 0.9290325588001971 0.7855533630319104 


-0.8478562169215523

-1.5350347141612715 -0.3394579694036185 -0.15841163680592174 -0.05221859099184238 -2.2809948180640096 
-1.9195175044952992 -1.0139962274716614 -0.5612448538231232 0.033408579694959764 -1.1778612153974382 
0.49748385718670557 0.2428925059359222 -0.9801028443162848 1.8230599905969773 0.9421078571169388 
1.4302348130221487 -0.6706159937443262 0.3603850080982862 -0.3930036357984573 1.7232357288544808 
0.8545565901339143 -2.4839739734739354 -0.5354591161492339 0.5210743305113241 0.23412855389707268 

-0.347149548142839 -1.7464442698820681 0.6713147328817249 0.6630301614976472 0.10375411562841684 
1.222239563378145 0.7170368243382818 -0.1608448941536791 -0.8239263852073616 -0.2513843153436779 
-1.8375281340040628 0.03851636555447633 0.36556337119069343 -0.7134720554314841 0.8405412573509607 
0.4671900888909566 0.48217810121624416 1.109179391401048 -0.7113379216429203 0.3035615331551082 
-0.19811735911317072 0.10899482862764134 -0.10393084551373283 -0.792193219587835 -1.2819779119652166 

-0.6038759326286515 -0.09279995097921026 -0.27600580441244027 -0.19288170654980033 -0.26756611042692025 
0.1837376830085363 0.2295632776863118 0.22861909356917384 0.08470826403208062 2.945726930161524 
-0.6550470710868411 0.8680156074925092 0.632893116977123 0.2844159151657451 1.9978992540755083 
2.0733194720331816 -0.44009162993477025 0.9996759973905511 -0.7741486430956582 0.6179135030106746 
1.539865117135542 1.1370619452737982 -0.834600798008972 -0.016441014891262453 0.07728126341624611 


-0.7929207375479872

-0.5553333539464866 -0.8101330649526888 -0.8572050949296789 -1.3126439037984516 -1.6640468834812132 
-2.3259369795901956 -0.2323435667075122 -0.5044478911613726 -1.6859562412989864 -1.105364005384811 
0.9234075695367661 -1.8247895080496574 0.9408204836627864 0.17507106516496757 1.809649935503294 
-0.4270733419574819 1.2947918286949813 -0.5463580158232422 -0.9768939335335107 0.9490247210057027 
0.37863081387870934 0.5223334752727118 -0.6843127939866357 -0.23746919695454538 0.9672833234329609 

0.81212582666795 -0.09790549311811104 4.428080285319333E-4 -0.35742788513590884 -0.9087949379781517 
0.6074372185973138 0.7509146136187004 0.4189970698104009 -0.7409498106814498 0.8892921173844276 
1.219118276639685 0.40398721168962665 -1.577132744274948 2.999633647461522 1.908001456916636 
-0.1331820602521106 2.008232615977183 0.8195886750436674 -2.8556517413071023 -1.4020385888603102 
0.45187797242202526 0.3271432935858639 1.193693102379625 1.9411096777498442 0.6857717734286815 

1.2604491453552467 -0.5398623941103635 -2.3749604084541884 0.9699068806187747 -0.5920729492277945 
-0.4112127673061801 -0.1468707360349968 -0.5625908489761915 1.6137453658800436 0.014875924356680415 
-0.15625969012254717 1.0750595963422096 0.3484355808115149 0.2163278711356701 0.21181851146104247 
-0.012379133291746551 -1.6884874503728438 1.1954366987993983 2.234479599074208 1.1989334391274111 
-0.14934477932831203 -0.8514222059462078 -1.0285718715096588 -0.4498058759018411 -0.7848432941109703 


-0.7324669892537226

0.7863385200422275 -0.22435503556574676 1.0186890939137634 0.5966292526021811 -1.2287801276264274 
-0.4251854354672159 0.6785045909737721 -1.7863901976436032 1.449887263972457 0.48368268537904346 
-0.09996277354771212 -2.514649536872087 1.8757972758035621 1.5679491981503333 -0.6454277621057148 
0.6493709258775272 1.8694703429958561 1.3527378244042927 0.38901725570551604 0.06893628336786234 
-0.1369765212596432 0.776084376442926 -0.8677561169784198 0.17234431972766895 1.0452991163757617 

-0.9014080014617051 -0.30436410628523414 -0.04823585001416835 -1.2060210972201908 1.9532660779767617 
-0.34064945679180375 -1.3850752549779788 0.4178878696071385 0.16701545563149375 -0.9715977608303143 
-0.23318699033956516 0.13691065979560307 0.9053126361674941 -0.5239866565261636 0.09801422318527069 
0.031422859711391575 1.0502137963217213 -1.2030201485925667 -0.5308597581978278 -0.6055222420050866 
0.1486571465352807 -0.8122534206960017 0.39909482209218194 0.0175583485888495 0.5023505176308191 

0.15927334868262266 -0.7012227882966959 -0.26583982942495127 -0.12785795429177974 -0.8594272235622238 
0.40960041688322024 -0.17652565750108568 -0.2940268104673864 0.2961945086342137 0.717828720308901 
0.8161071145924153 0.12372402085750746 -0.44333526941523904 -0.5849577179518246 1.766549300832607 
-0.06720457201278661 -1.857421121921118 0.6203872281430071 -0.24110121310652857 0.7234781544868166 
0.2953384802507973 -0.6825693881901216 0.3542052679128848 -0.3816178667999753 -0.15337736986332431 


