-0.008089216824316061
1.4923073687215749 -0.18739154118807774 -0.704209549991387 0.15924866305374274 0.2995652407876035 
0.03811496101462684 -1.5780826471148326 -0.5281076954721826 -0.02057023751636493 0.21483637696086422 
0.054094363850371245 -0.9116971758115839 1.2840086360143628 -1.2277031638182858 0.26678727404034913 
0.08272229020332712 -1.1086947451837934 0.9503094338294226 -1.093753209925717 -0.35627133032333347 
0.3603280513417241 0.77076396924459 0.8029138220258457 -0.304437280006048 -0.5620412294107238 

-0.018871699835767464
0.45211364392608994 -1.6471810105729539 -0.6864533141472546 0.07743710770514235 0.27589541051308675 
-0.27997012058634496 -0.4552279839084422 0.25468548797195295 0.9040966698102597 -1.3653156752515379 
-0.9470997632247243 0.46213616834176857 -0.454073305259847 0.9775610120827041 -1.4872470990837883 
0.8390028378784744 -0.26741560456139973 -0.19214207694854554 0.1153989474108088 -0.9276974231033641 
-0.15848790879706331 -0.24181112565914215 -0.7720007435998549 1.2118231233857868 -0.7182410796149404 

-0.01152313163254713
-0.915045269762052 -1.5782731717930767 -0.04820895636236979 1.8181767497087196 -0.6763888657077815 
1.8656104545450405 0.33360373193986254 -0.41889084081955386 -0.9959399091416212 -1.0341789049933001 
-0.14811183143339524 -0.9445162613833606 -0.5181748746801424 1.2260625019045481 -1.565594315123071 
-0.5348830430092266 0.4624033019807126 0.08620354955412644 0.17498252795115377 0.412052783012341 
-0.8240279297448737 -0.6419484569954094 0.29191105964798253 0.5319501851405063 -1.9962025559491794 

-0.022885914486549377
0.09295653383545766 0.2105279980271898 -0.6675244394407983 -1.8591131699891243 1.0748667082154468 
0.005885700518683088 -0.6341251904858131 -0.6182254300498835 0.27688690674214944 0.26774998513801673 
-0.5737010917030709 -0.32338934496854926 -0.23659409149006075 0.3213867803064394 -0.7714467884824759 
-1.3971546058948172 -1.041405294601171 -0.027017385092377742 1.7311695894208274 -0.30103205357868007 
1.60242675962706 0.8250371423512526 0.059936205076703726 -1.8191732747218774 0.18461906634866249 

-0.027788273876324057
-0.5109601079631059 -1.2829822800170028 0.7953604658631581 0.6966400953700332 -0.08981808263966984 
1.2152705424500594 0.21194790439277056 -2.0643198896934396 0.6645532472139142 -0.009572339426768986 
-2.06568079576047 1.0567670837715049 -2.2875149942288804 0.681574480109582 -0.8390283741091805 
-1.2865738289885362 -0.6090486851084159 -0.7123379944251257 -0.29101453520400483 -0.28109848562362055 
0.8798151594021942 0.5860246991047613 0.29705545082967527 -0.08888239133534757 0.3235109342475274 

-0.014217887812958449
0.2804966416335881 0.528873039610738 -0.3108739647657226 1.0890022180685053 -2.0911488074880205 
-0.3124120343674314 0.6631907316770431 -0.24989458796694064 -0.027547619970401133 -0.2414355419055558 
-0.7296245745533134 0.6712296373725003 0.41331419310203393 -0.4080002971276805 -0.6469063345102746 
-1.5840742551183076 -1.742450907670152 -0.5822961445434612 0.046300953087703586 0.9301737480254162 
-0.3515134844647219 0.0270297778605961 0.47199399752983606 -1.205381922713255 0.48651916283103136 

-0.01611750800687037
0.5286542971559804 0.2052442626768912 -1.0351674484336084 0.3700592785581804 0.23359237641106853 
-0.031976158868726866 0.7272664283094679 0.9570791067401466 -0.24759231921737737 0.006557574798229392 
-0.8358524904441792 -0.7003415493324955 -0.05932301302507911 0.16224596029045843 -0.7882324476451584 
-0.5253127677995334 0.37722125019651304 -1.4191904930144663 0.4177899108015397 -0.3561473326946115 
0.24711084657732127 0.5791748324372595 0.8832521646842801 -3.1303508711189307 -0.15221215483513534 

-0.021200046487553886
-0.6153410021939222 0.16887582041582572 -0.8065425974035536 0.9715782364899835 -1.4271170655925711 
-0.11213321019230445 0.5790549774684284 -0.48749144888702645 -0.1394024817493045 0.13837941076280355 
1.0986899296390353 -0.04942411052124704 0.5270820817129551 -0.8037470383678479 1.0467016244497465 
-1.5377490105911704 0.7805080456971496 -1.5697713172275773 0.7445388475673861 -0.7413158467294421 
-0.4906716171200376 -0.011438168012759299 -1.7850415859209412 1.4641710113009314 -1.1969518031586615 

-0.0016705954465231257
0.181331706174617 -0.5306341086756622 -0.5601161229799994 -0.4987128406530881 0.44339501665066805 
0.6300919319550371 1.0581748709706935 -1.1830589981702162 -0.0034469366076241006 0.00723721163190999 
-0.8857235572654002 -0.45754412898509544 0.3576522519687324 0.8887677437065707 -0.5031071388918021 
-0.8711413294674765 -0.44386542959803293 -1.86734591512865 0.31040683704419125 -0.8816716525869274 
-0.05567272484596013 -1.2150667008836449 0.4969899926773993 -1.1279546969682774 -0.04732566195094145 

-0.010246771771377915
0.17017089058194196 0.7324774120088499 -0.962728618510743 -0.8199018676298832 -1.0827925008594337 
-1.2813502763015998 1.0016961254051413 0.12601141269951494 -0.7126523358764234 -0.16664021256018635 
-0.379969265009866 -0.2883100098874055 -0.42975523797411713 -0.1859823288423718 1.6470108733759936 
-0.5481601581017839 0.7198808036206106 -0.3710669177810295 -0.23265517942657737 0.42778816926662133 
-1.3268642808752291 -0.9992153036351098 0.04207532403614372 -0.3120391717448383 -1.241931277056319 

0.0014771660885159407
-0.5279805028834818 1.6470335655521222 -0.3145507695278894 0.27649863183856843 -0.2253348314925376 
0.25243104047894593 0.2991985589086081 -1.4174030387462742 -0.652240414371619 -0.24920700355830575 
0.2119679907609231 -0.5742803188898219 0.4292261057463044 -0.054398005917568264 -1.67342774064171 
-0.5240622230631862 1.348312890142696 -0.2036089961594978 0.3796197627680321 1.0647416965573244 
0.34649121061645655 -1.1685943715093843 -0.056570925989227215 -0.51789076877921 -0.5287181757617403 

0.006068237894279606
-1.2726855743317318 -0.6218964752228724 -0.2942132452627366 0.1595530154565435 1.727826895249036 
0.7886635126106385 -0.06877302805771719 -0.7115678271786682 -1.2864042783648437 -0.39040434586340306 
-1.0303631122228334 0.4816491023984136 0.6719372162028221 1.5112929104119666 -0.18552792202478596 
-0.18749300333328367 0.5431114328010714 0.032471583684633584 -0.26182804907244805 -0.4578208074232489 
0.5902114758856645 -0.9561941085607499 -2.229341594012052 0.353527810629036 -1.2407947891474436 

-0.03040219723975667
-0.6322622909278208 0.4956923651586074 -0.09980597365701611 -0.769224050534461 0.39324520724548084 
-0.06965572639224644 0.2892120900903061 0.194754656857428 -0.8927251198026417 0.762664540988989 
1.398719313870398 -0.22611059061404967 -0.7297633241384016 -0.20587275519363174 -1.9878338544944674 
-1.5137323299204533 0.7336104166270365 -0.5592053248950603 1.2000726502261554 -0.7170667256326555 
-1.5224186905253099 -0.7463075783750178 -1.1953462221696378 0.5228130905884841 0.18333502567632692 

0.0018729193807160871
-1.0245522151472792 0.8643529598499768 0.7226642758935072 -1.9955719322992753 0.7148032978318131 
0.6049862797013318 -0.1244034701831266 0.13534887663031606 -1.8895757862867237 -0.46533757852226454 
-1.926883221181265 2.588815150109191 -0.7034939329254415 -0.6325773625566958 -0.43813105035798 
-0.6727679244309147 -0.4463786790036434 0.22456212268586773 -0.6661284001247081 1.4243776219193567 
0.8653499778631173 0.04373683319484116 -0.5713547089683441 -0.8919800005842153 -0.24945308916752515 

-0.014966836278156818
0.13282533562515425 -0.2843154718283657 -1.5806870345589616 0.6270713734840159 0.8899966677792608 
1.5795260604440093 -1.1824808562631075 -2.015422011903145 0.022817990769239502 0.2750542345923264 
0.8461972230927228 -1.6076235134088468 -0.32184526564405824 0.22412415517743342 0.9634281399522271 
-0.7546070754820351 0.47458509409392535 -0.3027310054361603 -0.698659071641537 -1.6569953090330933 
1.376251170886206 -1.23577505018448 1.237307806020676 -0.31641060382523545 -0.8993465434696631 

-8.688318023052735E-4
-0.3741741630421261 0.8738775332080712 -0.6612319247629814 0.4004571257654812 -0.06630369368115233 
0.5850952301003358 -0.30087372247829075 0.13298308127835348 0.39162532245271997 -0.4288901363092901 
-0.7028080055829028 0.03988549560251691 0.4459142294086771 -0.6808915267447392 -0.05489434444324063 
-0.012945159556009785 -1.1241488081478392 -0.0194277316766891 0.720458813485642 0.15938502154331277 
-0.06928167522430628 -0.22018071495115765 0.5036424253961361 0.6895323175519004 -2.276861572844262 

