-1.0991830972379417

-0.3497371166398667 -1.4527682602312084 0.15806757179310393 0.6656201164301779 -0.9921913628778939 
-0.23067640377254373 0.4841964987707952 -0.8208620732438261 0.9615146432858735 -0.9364713372860964 
-1.3589903107077814 -0.30390949360968456 1.6352721340162073 0.9668156477988809 -0.5220317036711246 
-0.37558586401974847 1.428795422276569 -0.09283617302154056 2.3561866230167836 -0.4009376396951069 
-0.8148526959708114 1.5804203534340333 0.9953213369609484 -1.8430460630832552 -0.9254273721166513 

-0.2216111697603202 -1.5208119883070457 0.02640501603931322 -0.13059468319288067 -0.15594828310893388 
-0.6929351806987752 -0.34585668230144684 -0.9151995463361723 0.6468173528788003 0.9069959504446597 
-0.2097632084111649 -0.7030906461224601 0.5843021217144516 1.2035649104612707 -0.8763854496714008 
-1.1069522595180876 1.9226221059089692 1.266344143866904 -1.2001854971838815 1.1212919428902222 
0.5206708943650431 2.0135065690611493 1.7294642751003406 -0.4756050853153997 0.7598053179715012 

0.5886117666818788 0.1992932981620622 0.3459684498503861 -0.23835882272208586 0.9811625376571913 
1.143105639294299 -0.20129541806421095 0.21315278849577013 -0.19984264866629436 0.24266089385734121 
-2.60762876103052 -1.4156380728255278 -0.21035515978551786 -0.8107174652116725 1.4505073976344165 
-0.2777699340319649 -1.1135868378338283 0.6683435021544214 -2.4554870303310925 -1.4052958983554025 
0.581723958601403 -0.5897762181652176 0.28959401624802694 -0.8157495619565269 0.37728932681014216 


1.2837951716592417

-0.05887395697973448 0.11846033208339762 1.1256211125368012 -0.7048265803873089 1.103254583129802 
0.28030194113663587 -1.3423076893631487 0.5220524222777926 1.8132261543476502 -0.026790437741835232 
-1.2033732517408282 -0.23995481893946033 -1.7131253722900508 -0.16870449408964963 -0.35131257998376325 
-0.43183882486685826 1.842369623030021 -0.6085727198023639 0.1627140737733972 -1.24583450440017 
0.3769617463700602 -0.24032864379316185 -0.2628608441604565 0.7511276637729163 -0.17915292641575217 

-1.5567554972942892 -0.9588612034126341 0.43498258952837177 -0.37796665012496006 -2.2539964475666614 
-0.2907339557567479 -0.5167084016603437 -1.397918888696898 -1.3759901321947603 -0.5765254222413007 
0.6795845973776677 1.8368502196801109 -1.5245275280632513 -0.35954727836803996 0.9080309049932306 
-1.955500620201515 1.4264182936665506 -0.6394166745503288 -0.2977360297565808 -1.0757043806787159 
1.2090817213551184 -1.2436715952329158 -1.62661773995874 -0.27044692417864463 -1.621657812630031 

-1.0982258425178255 2.438281142842476 1.1217161514839054 0.23521847990658354 -0.5851287817999176 
0.6120735574641226 0.21618036286825895 -1.580234815518835 -0.6831748244434539 -2.164158874831287 
0.9559991034911809 0.8365422290890542 -0.9564003072547449 -1.1177762067074535 -1.6146183349791414 
0.20581555380957334 0.7077772194771165 -0.5862105839299657 -1.1331400190636567 0.025101830165684867 
1.3323283174262288 -1.0690063815477213 0.4355451685090246 -0.10592328321517779 0.9278790878655552 


-0.747513530275029

-1.0169952401930975 0.8190529019399074 2.347820430472282 -0.25684091003129556 -1.3605375505099515 
-0.21191273409372235 0.37196426672536465 -0.027752107844133157 -0.18140785630717537 0.16034606531519893 
-0.5865285648076414 -0.4092484956420216 -0.9507823311223451 0.5904520635152017 0.17138265643764133 
-0.9979953788147546 -0.28363756774915666 0.7042948511998849 -1.0464690778874697 0.30574788787924695 
-0.5262279654123638 0.9843262835384466 0.9853207325309903 0.24036787127990591 0.49484962918149616 

0.504646808484858 1.432013123754172 -0.16359105471099433 1.7532454659822454 0.4479523317343846 
-0.20391693398257685 0.7631019703836036 0.38587335037012044 1.2669920993546047 -0.7434192750818734 
1.243368722247998 -0.5879150052734545 0.9907564778843624 0.3763073424654645 0.7805082146133198 
0.33768729523171903 -0.5417892208057897 -0.18565397553912752 1.0542066070758178 -2.3667298071022578 
-9.411937418796482E-4 -0.5567385178765314 0.4918542344590704 -1.4135098375565824 -1.1638632065314387 

-0.5617045538413369 0.2149891424408842 -1.5015654696199812 0.22163729602061732 -0.25870580335170357 
1.280852392268903 1.566392546735073 -0.1910163672629099 0.7969912105954725 1.1529788491144735 
0.5131291388253998 -0.4361477514777437 0.5134730373272056 -0.8567957837204023 1.6542652012701353 
1.454526963569919 -0.5636619268336029 -0.8486141244611343 -1.4019778933643592 1.1710031369500877 
-1.9632607342429735 -0.9476071199926666 1.5372133589959365 -0.41138530883642827 -0.22462948349569112 


-0.7046566409266423

1.2772217979126055 0.34136144389252265 0.14193591816924636 -0.9922469082281724 -0.9195943551728658 
0.0977234982360799 0.45414763462459024 -0.1388311666119601 -0.6199669177115027 -1.0214861429785558 
0.17581331811334144 0.09059561081564899 -0.9405872782691919 1.1321405302126233 0.176256955732079 
0.8639913969202717 0.446672982045968 1.743215871672637 0.5908973323732957 0.0810204855036418 
-1.3438906390396068 -0.6928834584824686 1.3196290864704343 -1.3008352529751122 -0.313428926735725 

-0.1995430656524368 -3.5140479373744755 -1.2503565735200386 0.17503899795124067 -0.11448193492018963 
-0.3051598698946819 -0.5723747657728256 -0.45638734019873095 -0.9594042380052766 -1.836130964173145 
-0.5513448419146251 0.6630959816253882 0.9857077473007094 -1.0128359435177763 0.2503912274424847 
-0.4112164450619337 1.057404451648643 -0.8667588334163481 -0.007957669820136827 0.20321165301613403 
0.227069767525388 -1.2126298161805689 -0.6389444276646161 0.21978070772686928 0.5731800158879792 

-0.24264325686825877 1.6657932614939266 0.13586815223390272 -0.7659504487714468 1.1609286206660399 
1.536265291980084 -1.346375594030555 -1.0144493674551853 2.1900348020230136 0.5695764994045289 
0.5145693669144508 0.0118484592425092 1.1076324311356078 -0.6870908569939425 -0.9827536732751847 
-0.3565624705409302 1.4266221451545742 -0.057276899754419505 1.066126832553488 0.685799766970598 
1.7366788311894958 -0.057189558844970796 1.5521208328608025 2.459573219754217 1.7990390089556667 


-0.5379744696092345

-0.3783301931474077 -0.3776629078402323 1.516235685970329 0.416017824719219 2.103424706198913 
-0.06427426904899274 -0.40224152607521424 -1.2993896527960795 0.9658966001303602 1.157956815203389 
1.2598606155137988 0.4146976882896432 0.8293838004356673 0.04725524293655095 -0.002872668454246893 
-0.795102998290397 0.3251066031470336 0.31777881267300206 -0.17872227511245303 0.4756044899812024 
-0.6665902699241386 -2.3907821927866064 0.5289266532507311 0.9462322220231667 -0.6953158711815002 

1.9884697495433608 0.7085877172642726 -1.7237871954744866 0.3701599482833799 -0.2041449790522738 
0.5420524686913988 -0.16289395324478007 0.3209001929748155 -0.315993139057799 -0.1291587578800119 
-1.7650728669320281 0.9559589253730781 -0.6223120398072005 1.2649583368242405 -0.6977956478385391 
-0.33749290462940335 -0.3707898379643204 -0.5737111827568211 0.30832030780177017 0.8941646367591846 
0.7911866272657399 0.46904375517114233 1.199271172688656 1.0122960558586342 0.20298552488292965 

0.29545297559100225 -0.9279815161373075 -0.9400154567911826 0.6263353823819576 -0.10173122438696804 
-0.19197684601208714 -0.06164391852279398 0.13271603915771957 -0.5645222870723122 -0.24986274851226808 
-1.3570472085162144 0.15027472170850445 -0.26170759588062903 -0.4304894905775398 -0.13936422879145488 
-0.08624775350576308 0.6906459644018108 1.0544071954124081 0.3143309246790496 -1.0771924614476367 
-1.3315337913885728 0.28942896114540734 1.659896182334001 -1.006576551011462 -0.22889010000475946 


-0.8112243033024332

-0.6754402880019981 -0.4976072950001049 -0.011632626707659645 -0.21136749445731795 -1.0636313371815613 
-1.0615085279667187 0.5080177598174614 2.2647930607059554 -0.2165433753295033 0.6765324145340345 
-0.7784525436892902 -1.9378059356445256 -0.7008320165265074 0.3136567122815735 -0.8533556372490143 
-1.1149686504077128 -1.0695160570295343 -0.6343435476805448 -1.667893038017997 -0.48692142674998135 
-0.7674556613300398 -1.0480612629872235 0.8101517137489787 1.0411372673683503 0.6294136491688597 

1.8937154231158446 0.25742703673913103 1.7027346246179056 1.0394468284561265 -0.8720119582544319 
1.5427759707444577 1.2913398387678818 -0.09036582155856095 0.6781834205673305 0.5311797601421739 
1.0676525832464556 -0.9707574919418751 0.5362759476312668 -0.2738745031690313 0.6339443179730951 
1.7073170884593354 0.5810854130135916 0.7228084843256634 1.5778695667596512 -2.0773400543593667 
-0.0061982040051626885 -1.1013500094349415 -0.9423844782189813 -0.5285628299194024 -0.29154823218436543 

0.5094592894395541 -0.5198648944100155 -0.4921979827986111 -0.7803773821523667 -0.6766565146033012 
-1.7922722383715453 2.1787226132448754 1.457462343140349 1.7188529190973216 0.19232096275322005 
0.3079966456154753 -0.514447400081021 -1.950367268255403 0.8386233118389667 1.0302766662337817 
-0.857807471171651 -0.2510640722827815 -0.05086654720679583 -0.10226746452704978 -0.16225548070791504 
-0.49565350922045237 0.8114169068769448 -0.06988387151997887 -0.5260385999848111 -1.1703510157919979 


-0.6306179859694903

0.0230741657287159 0.09188798751337555 0.7390637143860083 -1.1058491593603061 0.9169147572263926 
0.07256450048749447 0.23993288303834284 1.1462315673068502 0.6019323371602175 1.4050802315606163 
1.5309598075611395 -0.34348169344865714 0.33193712909824735 -0.6874689196929441 0.12262542116675063 
0.5536813796295178 -0.22080173009384144 0.36007755454128887 -1.1191724366060551 1.186955648239702 
0.7435926355531155 1.0097020926070026 0.2701337263324785 0.012798169004741481 0.42970335077145716 

0.6011226550835614 -0.035328671954805706 -1.1852197760978074 2.1996686666178515 -1.4406496233014252 
-1.1256601732012175 -1.2010708771306244 -1.2469475704536275 0.330793004703368 -1.3440216059210053 
-0.3284666725986793 -0.7403433056736527 0.17667827063957295 -0.5637733547614152 -0.2699165237156434 
-0.6350107547076372 -0.03406051903575653 0.5983180307896402 0.4087564432975354 0.8614298738658123 
-0.6737658696767396 -0.37550555920995404 1.2149592304442571 -0.5891486525517977 -0.265209535611728 

-0.32303629120670624 -1.2703332836771726 -0.5838288795801454 -0.13977893451426437 0.9842248710312755 
0.5063296224411309 -1.159394604926859 -0.8229266984440414 -1.0205271696746756 0.5609758670826372 
-1.5718054916909674 -0.08485780596526718 -0.2061030666499952 1.1967340978439114 0.5687042374279884 
-0.44577589438590326 -0.03604506607263499 -0.9716603914475669 1.3421457590871368 1.4120096388179353 
0.024375457353637414 0.7406904858880203 -1.0358288557182564 -0.7608557859050841 -0.25660361820250477 


-0.8407630717018016

-1.122514056991947 -0.8446418996504357 -1.1550421108523647 1.1133536287813497 0.1086615137376083 
-0.22497759687930238 0.899152803339752 -1.7223323584028012 0.8039312758802726 -0.17082878223755332 
1.7551194754583503 -1.8981539064198294 -0.882292306159785 0.6382662217302164 -0.2901939205225286 
-0.2549815666330679 1.39947952360629 -1.2973793874391033 -0.1744396161585368 -0.6580325778297245 
-0.03858204795234077 -0.612403791714268 -0.18034575674271364 0.6279199261557701 1.1593918558169691 

1.0033341721193731 0.7363703085962108 0.14605486368145662 0.28716928317850665 0.34973589225989293 
0.7889945382312552 0.6729195855115523 1.6808685231091132 0.9307198902841594 -0.6004277116241712 
-0.611530605511205 1.47927026142657 0.42447117545366 1.1329453956559294 -1.109238774503977 
0.1866945687471503 0.6740815017525161 0.4958314320507899 -0.1050835065636496 -0.09828972438561027 
0.33620650540513897 0.6471062777822228 -1.7189059484886728 1.398531802476518 0.52773908901779 

-0.9410024727218053 1.2964593804833455 0.21522323397247886 0.2971278873613216 -0.35782932968965814 
1.1023715838167494 0.8284354954253145 -1.1096933921074084 1.5114319468434951 -1.9856526059423218 
0.699349521606803 -0.114004687862905 0.8158432207003071 0.6399454747977121 -0.08340489308472804 
1.9179656468300077 1.168288827650085 0.3959789131154713 -0.6152299447276384 1.1062656503768475 
0.49073880983828094 -0.08374222562447389 -0.8323433154864083 0.6500393906060105 -0.2720003833416747 


-0.6429728058488571

-0.8861795372017126 0.41488077054868344 -0.4860064363744176 0.8646693269410878 -1.0123991279626579 
-1.1963211726403473 1.9157692513662958 1.6270530985417044 -1.1715589181475026 2.1841398848979665 
-0.28664677998451 0.2541769476409923 -0.9690504835975935 0.667586052345875 -1.1513914964478797 
1.6546107094510925 0.7095824410927254 0.7414616953759805 2.433309914957064 -0.5472959845858711 
-1.5284245480639604 -0.5330643557952282 0.898598533215919 1.0851443193995405 0.2519998338149574 

-1.2221312660028576 -0.05174742810484134 -0.8335927886426638 -1.5910622034041417 0.14554255327561855 
1.6606795647764896 -0.17832544458744082 1.1108975980126905 -0.24670082391634202 -0.8685633398143856 
-0.6957630922028392 0.08563167147504266 -1.0416251541810277 -0.27435441180271664 -0.36314529159600395 
1.0686044078612953 -0.31789993813112044 -0.5417680833650745 -0.7028056968967821 1.0867531025792116 
0.6219523129108097 0.3247927887913734 -0.8808443152624512 -0.16794765959184074 2.098168352896433 

-2.066769630881364 1.0765522983150293 0.001613929132943813 1.731110172611708 -1.034378961678435 
-0.10097070931067013 0.17905462062957456 -1.4455346442804566 -1.1565207846142889 -1.2229304241586143 
-0.4408527181260078 -3.1889382364626866 -0.25164001898169697 1.4607985021147236 0.7987938133535409 
-0.8817131925281032 -1.0652312220620463 -0.007432630681747181 -0.07834416343591002 1.893781269650986 
0.9676471501637989 0.03637505966309879 0.14692056654717864 -0.1966860232534102 -1.042835459061394 


-0.8862500839859515

-1.509949836029459 -0.8608032044792757 0.5482725066372818 -0.588823728106706 0.1130202615429295 
-0.17966062818858358 -0.01995707040350696 -1.143449701071521 -0.15064267468107015 -0.8171086498371551 
-2.2583894794774886 -0.8009805197566333 -0.26050817742666377 -0.5234001293675247 -0.5102125113352214 
0.23270366412701332 -0.9353594956221176 0.1163759487623881 -0.9483474744205883 0.5093476724448738 
-0.4012486469701124 0.32770437866628266 0.3330609408754306 1.5697756052143081 0.7912979797287834 

1.907897242864175 -0.5773482801912762 0.3373722660258367 -1.9831797790634809 0.9315583724666776 
1.0048865640750226 -1.7072857366496668 -0.42601113575183724 -1.0005724774998848 0.2445774282030892 
-1.652361940237371 0.5747542482192842 0.2115289994877668 -3.2173352830937056 -1.4635423276000579 
0.4661901928880577 0.8570403854274095 -0.22722914630098728 0.4527656910576132 1.0600195342465397 
1.3583536388278992 1.116617730448757 -0.49777535179220184 1.4909137621663962 -1.5941931541569858 

-0.11315322750134087 0.11887379936208568 -0.8040179365438129 1.1667272282277192 -0.8262923095149485 
-0.3247604809982264 1.4195336915926395 0.3072293241123593 0.19195930826855606 1.2118611270609632 
-0.46965042401430146 2.1373784551703943 2.2037784271200125 -0.43728844107721665 1.0253957026254388 
-0.8077405963175259 -1.2334970974811819 -1.1889471334530213 -0.28621181083871167 0.6246423421609409 
0.9807566046918718 -0.4674752294386855 -1.360017770108155 -0.1855721369384137 0.47890878383116936 


-1.1511495197836528

0.16838361248597872 -1.2600682262951828 0.2946561421698911 -1.2897044505944582 -1.652916477223428 
1.0484736125790142 0.4575700087686611 -0.9005074353361893 1.0064353793688323 0.12979967352994626 
-2.8460973351998944 0.8724447785677296 1.1521711059003166 0.20763357351675818 0.5436644531059102 
1.3170826323921871 -0.20056093408647122 -0.8576740577219791 -0.33851610866290066 -1.1546811174430975 
0.4157766359567526 -1.26770562426672 0.776311384373836 -0.4681797994713423 -0.49437714265787375 

0.0026881245579600268 -0.9614849148154067 1.174826491500807 -0.6676431009029603 0.19900670409359109 
-0.5316562125619978 0.5643858453427503 1.41952337605398 1.0643361687628559 1.1426924679371244 
-0.13820351532388733 -0.07753968241153908 0.4490067694259621 -0.5239888034391096 1.3294074952493244 
0.003192990269443063 -1.6256472912283035 1.7142312830742983 0.9085961012417145 0.7317762013979244 
-0.6981207536667879 0.6460857868081055 0.47861069457507294 -0.7618671603683893 -1.3917846835655092 

-0.7417283710868078 0.24855437970543848 -1.7415475914293264 1.8840682036342604 -0.4069725706658603 
0.03957938359372853 0.7453698468091885 -0.2554454046861216 0.24491080167135562 3.144284567716867 
0.9419397955821077 1.1171511057572212 -0.43791390393168794 1.3276344327409235 1.2924421429752657 
-0.05794567029979157 2.1468660878974752 0.8465747062184226 -0.5663751324865525 0.14287830320513334 
0.4065452884378121 0.35733721378320976 -1.46253599171452 -0.7858493136933291 0.8867444355307211 


-0.7241892894007902

-0.45897853261261823 0.16346772509357368 -0.9775273492317582 1.477943379304668 -1.6371706081541757 
0.5079512983482782 0.3568945457684993 0.9000521302323252 1.1141453140325321 0.6391349972656485 
-0.5953307522750295 -0.3581090562614598 -0.1119528166589123 -0.5915207492715487 1.2350920850019775 
1.4320679990478837 0.3210445644178286 0.5751791001053939 -0.07583763514951372 0.5232873070133027 
1.5132457985282068 1.543415390053743 0.988550788546232 0.15566996958475587 -1.639577463218595 

0.5744290812120939 -0.06478307088350377 -0.05868292324006303 0.9565601141619811 1.1193185522504574 
-1.6194488298776315 -0.643685110096211 -1.0782839123557562 0.2734978116694837 -0.36724197409876513 
1.8731454441968736 2.217419095357821 -0.5448805899550099 -1.698689332880877 0.3778149426164693 
-0.8726118657665464 0.6550090044000473 0.6574069129218406 -0.027365916903453878 -0.16170381488851937 
0.4886491379078288 0.3245011124081857 2.0847010730948083 -0.7370788700634846 -1.1105452315510498 

0.8678002110424149 0.42644055289173066 -1.197366358455737 -1.4922647479880513 0.3285671958746274 
0.13202552078817223 0.8535712596271384 0.2950025552984233 0.8161386651509842 -0.10403808016948347 
-0.22091424876303414 -1.847148095100166 1.4627100674368076 -2.06586647400322 2.3277663686363823 
-1.6459299781813237 0.2458637669249116 0.841422767783639 -0.39038173206289056 -0.1664110579373233 
0.22244386459475318 -0.6554180785720881 -0.1115872883513866 0.6221813877639937 0.0776526995470424 


-0.745046141921667

-0.12379955924844646 0.30682355480732737 -1.3023129436250418 -0.10609671511193235 -0.2716165459976115 
0.42271561248785605 1.3014084391171077 0.22540122171764834 -0.8949721908401361 0.5851880923634306 
0.2022693853062516 -1.8473685252757017 1.0818281742957534 0.42331958478371134 0.31445486091843367 
0.4574636773270251 -0.5229878182664525 0.5650975387608164 0.46034989961162426 -1.134669868220039 
-2.2213164025107286 -0.3207483144209399 0.02637666012411178 1.348557125314555 1.0966083831831732 

-0.053628685139963134 0.11396411617353479 -1.052265890031341 0.7481744240090442 1.0066261357451267 
-0.2534816043269857 2.440019924492136 1.1344048220682992 -0.48148197955653277 -1.12437791156705 
-1.3243577517739311 -0.4629515357702054 -0.784092111293861 -0.8885029226442918 -1.8278757141474242 
-0.24489252489678223 1.311268613575204 -1.3760294187010578 -1.0715392378781297 -2.0303152118885808 
-0.20559416319071203 -1.7642000550962935 -0.4006786265382501 -1.3873358053208145 1.3749171420866817 

-1.5468746696609512 0.10597807245273795 -0.4264962491550849 0.6289837271252638 1.1793097963727572 
-0.07480347930199367 -0.24886149886670625 0.7864670013270196 1.5815934562450025 -0.3433373822058447 
-0.8531904472525864 -0.15933751939571378 -0.48480688270028427 1.4653410363564574 0.3211086524163378 
0.8473797075542657 0.2609377264571646 -1.298263570502785 2.1360396874067336 0.05008883438127209 
1.1969979962786406 -0.6143653692042503 -0.8294172991079634 0.9354986948158048 0.7888349205144822 


-0.8824065563426529

-1.5384046296455907 -0.33992084964019603 -0.16168076811935564 -0.04355737935278026 -2.273131631401149 
-1.9159960496571526 -1.0125214219570682 -0.5652245648760756 0.030231527932587873 -1.1749547873461847 
0.49840213573270836 0.2436663613580945 -0.9746834125627445 1.8298248604034557 0.9369703665103319 
1.4307619788881392 -0.6699672479816591 0.3641135890709783 -0.3866094371703005 1.7219888065765663 
0.8613880541603858 -2.4824805753742387 -0.5402180838809039 0.5124040471637662 0.21686317022479165 

-0.350975492874715 -1.7460005940200685 0.6735374570395813 0.6644253725099556 0.10675080019162399 
1.2254803433423453 0.7221506383195062 -0.1598205566092766 -0.8260007563987389 -0.2570382328581496 
-1.8390898331546468 0.03828948610256529 0.3720432735013502 -0.7064576515845313 0.83332954348327 
0.46869777751772873 0.4734611284945825 1.1039509240417014 -0.7040571526991908 0.3052445579941485 
-0.19077283808869855 0.10172321270499346 -0.11459815838669193 -0.7876728296007672 -1.2826361772590222 

-0.6057308553228351 -0.089557770626395 -0.27004644169357006 -0.18638855050349284 -0.26611755749569743 
0.19221411834083413 0.23652228492430205 0.22972513748887813 0.08662077113880749 2.942792102528069 
-0.656130565571977 0.8631326508387897 0.6385900976201458 0.29721900877492646 1.9901093633770615 
2.072219927879453 -0.4557208000622986 0.9904255843025381 -0.763907471447051 0.6170952264792761 
1.545155076240623 1.1254372113350393 -0.8503755291286067 -0.013064495647484351 0.07424456170715578 


-0.8802540864931209

-0.5544632970564018 -0.7979227086829155 -0.8433098662588732 -1.296558172884798 -1.6506878797682571 
-2.3319232287220917 -0.23826127231419222 -0.5119511733558265 -1.6927476500500138 -1.1198533245237612 
0.9241768360599362 -1.8276784329756415 0.9322164256440758 0.1673707997951607 1.7969451557760028 
-0.4277243486336786 1.30210585897122 -0.5476255061603943 -0.9765804289151732 0.9537755986459789 
0.3734040988813019 0.5211027918223595 -0.6817685127629037 -0.2379851068904813 0.9682555325411707 

0.8104709949925968 -0.09052282861991913 0.009733502807561606 -0.34798530480185697 -0.9041240039261254 
0.6025241370725569 0.7429007301872924 0.41267977403432715 -0.7430259418273432 0.8814710181388786 
1.2206638462942527 0.39687394628787387 -1.58797066895024 2.985458386106161 1.8941469138334361 
-0.13448919166818785 2.0118087340681035 0.8176673443917257 -2.8605609645135672 -1.4045809442283774 
0.4497285662105649 0.3296668286068335 1.2007618925385333 1.946952748471615 0.6912829548726422 

1.2637016970990977 -0.5336600094661723 -2.36142758851785 0.988602925893564 -0.5805925356605 
-0.41579727101676467 -0.15676301093727826 -0.5687591434436939 1.6134153990618778 0.0072941022744904506 
-0.15729261176111908 1.0665418095967818 0.34089167962566935 0.20662726132194903 0.19534799925311047 
-0.01714326485059261 -1.6832807267348406 1.1886412634132535 2.2270085222778735 1.191676477427558 
-0.15305921598137742 -0.848264102813793 -1.027681654899483 -0.4495092944766324 -0.7769785972071814 


-0.7500508864342499

0.7866892113278569 -0.21925773500082377 1.0167739590582785 0.5978895616777665 -1.2298674379024073 
-0.42461229949559826 0.6799850567820653 -1.7829139275763808 1.451190245835145 0.48488800492774736 
-0.10061328359141467 -2.5109676082966774 1.882924625232187 1.5770814572201843 -0.650221257222367 
0.6465819734038246 1.878094558520337 1.3598451716702071 0.3886927489448731 0.06545288489244995 
-0.1427478693050622 0.7839679497383043 -0.8628238578904499 0.1665523868808908 1.0456020958379169 

-0.9009369250406962 -0.30016257973893534 -0.05221150497936173 -1.2075899427449637 1.954561250297397 
-0.34155869132982936 -1.3811183247318617 0.41937002928293265 0.1657165026033198 -0.9694561198602397 
-0.23419834939775064 0.14321127486240662 0.9103786944275536 -0.5204106737573473 0.09333379485162589 
0.027490738082780245 1.0549496002533898 -1.1977621745181075 -0.5351113368161282 -0.6064431917617312 
0.140568459226876 -0.8102372489939274 0.40195458183513805 0.01232240251682334 0.5025022914615501 

0.1588717961254137 -0.6973852176982921 -0.26709442301097486 -0.12812374492977838 -0.8570253983286477 
0.4075537975568632 -0.17051222942250305 -0.2872381623334984 0.29791129904481395 0.7208745882793912 
0.812148195820622 0.12907811410798295 -0.4422698371359001 -0.5830619094238056 1.758538422777704 
-0.07429630660758184 -1.8528230058258088 0.6182526515278953 -0.2442933144016744 0.7212678147382167 
0.2892308087152834 -0.6767397462340127 0.35563939758106816 -0.38856061749766463 -0.15379401301695741 


