-0.07165342355962596
0.5675835594208447 1.0250226821416222 0.1251050730030054 -0.5364503448873477 -1.3014892069667479 
1.6479362696145787 0.2570192486487518 0.6830826440233647 0.04271047829338684 -1.7775659381041518 
-0.45417175718903735 -3.278385007957928 0.1356090615381556 -0.7854747775080166 0.9496304818210052 
-1.0195491382141049 0.8261814604251315 -1.4703844386088007 0.9769223439924396 0.15899161992257074 
-1.4970968980676689 -1.2427680930222225 -0.13493981337638092 0.6446123469304762 0.03348098115280708 

-0.0522485277375739
-0.7736199725529178 -0.7919692043086383 -0.5597236985248993 0.15805631184123753 0.761984481888441 
-0.2388963048599782 1.0919853670208743 -0.9315599499249995 -2.2569884889697827 0.9491062466987601 
-1.6075723768955648 -2.5364382915930186 0.8481801515785763 -0.42493121665336697 2.035232335435937 
1.0981748009362378 -0.3580194231421458 -1.646907180257322 -1.9533792409524036 -0.09702389713226568 
-0.39827027036447865 -0.6226114041240929 -0.5197259894065176 -0.6689363789920771 -1.9822494653401588 

-0.10034760779763868
0.532240520253053 -1.18367066949475 0.9711607628271107 0.5677457268154229 0.5386052765993075 
0.027700781101930857 -1.746404213312178 0.5570659856222231 1.6745190250765054 -0.09558718966218804 
2.1056004977451663 0.7936172678643435 -1.107376208685436 -0.9487377620718123 -2.027057627826169 
-0.27680846929958086 -0.21752802117858697 -0.27337608926419255 -0.6372312194049233 -0.9880360088520412 
-1.3868808038705287 0.9055614499389959 -1.259724715297893 0.2855994500667386 0.29151154445922184 

-0.22628002401052347
0.6492594545862974 1.766960544807475 0.7772874505121556 1.4542817540079462 0.3798871924288348 
-1.9862513859224822 -0.5266792347160149 -1.857017863260204 -1.248896802534823 0.23944380666181803 
-1.6089715624836947 0.5440027467891748 0.771214969879872 0.2181732327617811 0.8977405634180059 
-0.8717214557052316 0.61161678512495 -1.471938592527309 -1.0439309922609499 0.38744436269199295 
1.130427397340061 -0.5541412422719537 0.047927283563151166 0.5046365538499619 -1.090899209666486 

-0.18846669409813868
1.036962025891319 -0.6579466938661263 0.9026974116834491 -0.8933439413431125 -2.397404337552275 
0.19175520490611073 0.09513445498890669 -0.1798889930216788 1.4361880592831604 -2.3129464555018995 
-0.9476919915474251 -0.28938624506049593 -0.1986889394159044 0.367283930594849 -0.8090854300984527 
-0.6410034639956778 -0.0749462122062578 0.23392912539932897 0.548976673760397 -0.42229551385908193 
1.6005953729581066 -1.3156999895239139 -0.23250004710422548 0.6116581105574478 0.6827225057338251 

-0.13602513154965465
0.9568600639186721 -0.6359892614595245 -2.982831544007379 -1.6731637955003744 0.1919980318721825 
1.0025877634532305 -1.284840342295457 0.6642237998264402 0.10164041807651757 0.8068975043686061 
-0.4534679278313522 -0.8522024475785404 0.7781507329102902 -0.4450914995608365 0.00653371607868091 
-1.6040844031754864 -0.4111087156574946 -0.1997741749380593 -0.4069550853419676 -0.9623947884416079 
-0.4427841938361431 2.215353183859441 1.5025918592258147 0.634722228411055 0.8410357785434407 

-0.1120437391283059
-1.0256712225987097 1.9323184836685139 1.2204740501752147 -1.5349537116706717 -0.9580657539364803 
-0.09726897825682158 0.04603339278207489 -1.2095238230484684 1.482405610496104 -1.0770089353370178 
1.9225499870134461 0.8279312921268522 -0.6230458726404394 -0.8552647076134006 -1.0928462860553645 
-0.5863190901777002 0.08526829562503531 -0.061178678537409735 1.7809618840428647 -0.053469852192426295 
-0.9712743836011808 -0.3626598281124793 -1.5326367630468867 -0.11300139203719514 0.7645970265906833 

-0.1252032648901419
-1.4825435336270711 1.9758671610500043 -1.490451960515399 1.0134277599265114 -0.6353484420981431 
-3.232074715180838 -0.27771130401102295 -0.4270413044243727 0.4273895874836056 0.4615791684116972 
0.5084977483251774 -0.7689132527313178 -0.8471005069579942 -1.018980982989139 -0.8044248919309686 
0.04476054013755025 0.932040716976432 -0.03822053381555605 0.699735675602576 0.8676096703470535 
-0.7635583184037369 -1.3904192765798844 -0.6547272788943748 0.21562006627412453 0.32307689176041876 

-0.11450314107411384
0.7665961006962858 -0.430565495975477 0.7634822450944947 0.6017758280654834 -0.577940183050449 
-0.10767585953136327 -0.8191806758075239 0.6176237369808324 0.0314151576993825 0.4904467645480548 
-0.28630963217196576 0.894248350375637 -0.7431544956602208 -2.0662881632175045 0.2156950379301644 
0.8725227989037582 -1.5200080056774397 0.860706580700586 -2.091305206325439 1.0821738991891132 
-0.4742175043282469 -0.19725609435581085 1.7952041199592537 -1.0654882897822757 0.042553146169278744 

-0.2317843880151594
-1.0614114063413862 -0.9824714883123503 -0.2816205121572399 -0.965204388455257 0.48910485875703835 
0.7175440515520058 -0.4671454890088129 0.015116801054457717 -0.6406858718543865 -0.3753449939291383 
2.1687042225567965 1.1607831124663828 0.7951143746514331 -0.7616432663387797 1.091105065258031 
-1.091660025164174 -0.3997246036274229 -0.6674409830940035 0.9033855166158105 -1.0065460114615719 
0.8499986697145918 -0.3701354742177781 -0.9639642573335715 0.5569953467148666 0.7746024773508778 

-0.2965766495444571
1.1587698649920235 1.0810222910852765 -1.110760896882011 -0.43788083086923857 -0.3394675983744857 
-0.9907349100075381 -0.7163940152705331 -0.9522087544286143 -2.3561397175141674 -0.1301567444266768 
1.4991698953095367 1.0482933282694509 0.40735375848919364 0.5420136208072386 0.04342522277548749 
1.3704596148950123 0.748198330734367 -1.4265983911993754 0.12911933164383937 1.0817109491020824 
-0.8167629533709366 0.19449821580142493 0.18854231030680513 -0.42138739077241627 -0.09854461676689487 

-0.07623302411828295
-0.8778308291960568 -0.7455537291031598 -0.5038166069984128 0.9537811562715488 -0.8014588543952404 
0.3478220651324471 -0.2741530939013538 0.5566327086774524 -0.519441005999295 -0.5309205480135558 
-0.9725601774519744 0.695945036940789 -0.7705806971832481 -0.5682023944013594 -0.7123329852227983 
-0.9545189259137135 -0.6055854567408587 0.3480777628100085 0.020393120759341573 -0.14892317934956692 
-0.2427613214071575 -0.31716716839241194 1.8199024551914549 -0.9211325836552031 0.8986803512962614 

-0.11628031998451113
-0.4075644527432063 0.23512441177787805 0.6252829008369106 -0.8943272874389677 -0.320846653029961 
-0.5685059319426221 -0.4113019802240582 -0.8597364256063207 -1.3680231723402427 -0.17718858358964787 
0.5663573468913274 0.5738436494615138 -3.223488789290532 1.3688814859085419 -0.5890764986265362 
-0.8138471442480504 0.20959485610608308 0.295453198629605 -1.5955153791224552 -2.3148275659811763 
2.0771304297950364 0.9386358615783187 1.4562231513266533 0.08557236856343896 0.8762662863584354 

-0.2605804859879535
-0.4123704382182732 -1.5659294857063968 0.3149673731032563 1.5779921058761237 -1.2481435358423327 
-1.0100361648242808 -1.2792545096917298 0.6016714544372888 0.5860400513175084 -1.1978119243114342 
-0.31934922540282606 1.2205271720664352 1.2484904882002137 0.3256080553743065 -0.40893637994326787 
0.6483682850607896 1.4380720058348382 -1.5188406414210949 0.837139508033508 -0.8380804274542575 
0.42581880438255426 -1.1828871930692837 0.5285530488542072 1.0111508826342586 -0.9753855173962495 

-0.10597248286426292
-0.9326593558366314 -1.1394822174574084 -1.6813354729478844 -1.3942121531498168 1.4480500325556587 
-0.4279228572867289 -0.306564445294382 -0.3734676898345151 -0.46091940925015146 -1.957847371355768 
1.086567528795619 -0.08672250520619673 1.2498127571500472 0.8600115898325366 0.04491718179844249 
-1.8760236170995548 0.4399644521963461 -0.14168920260996767 -1.2208630681311943 -0.3428631605977254 
3.2030592915156597 -0.013409600220107903 -1.0450795590252917 -0.9791000486460404 -1.1617162569756112 

-0.024772042585963428
0.06000273407409073 -0.41023046383802536 0.6827415090548656 -1.273646118362624 0.3990649083835021 
2.218015157668615 0.7048797306313601 2.0339899044307 1.2232475213472134 -1.5132627962291 
-1.711173618654196 -0.4016467313283106 0.3718806852768559 0.1386242687845436 -0.8291529153264595 
0.12372976793279125 0.040703762405427515 1.0598416993116395 -0.7332637291241996 0.338915174058757 
0.859470213425753 0.18573429658159796 -0.5957700465643047 0.6823169694170231 -1.1184686016730045 

-0.20137052026588398
0.9677152191207037 -0.3992725771365134 -0.15782475303452884 0.23888827257774528 -0.5506255672291006 
0.7048386322477628 -1.1511432615688668 -0.38770463052372584 0.41066570121282975 -1.4903262147882546 
0.13381825883929704 1.4195052043614549 1.437598562837153 1.111050884680964 -0.952267724240846 
-0.14065158828916705 -0.410253496278795 -1.1887184284657877 -0.1827527177554114 0.8664862771220323 
1.1781799246717137 1.4046405236731196 1.0677956979145384 -1.1093841883746263 -0.20592392155119368 

-0.04154945092635109
-0.994108676372041 -0.8509331380923402 0.3115538799905723 -0.40658772488335304 0.0403062830813854 
-2.184429803684239 -0.5852058280506942 -2.444182972710929 0.04995687513329069 0.5990222135693588 
-0.6151244017014211 -0.13646065237914395 1.5778172329761329 -0.8741778789507175 0.29870519465204326 
0.28629282822640434 -2.0128354608221275 -0.20972264209638478 -0.5050780505930245 0.19189204965526757 
0.8931566302973293 0.4074212317723746 -0.4579260905386976 -1.4413329446182848 -1.6233986118809782 

-0.10191631423750051
-2.5679687908017574 1.088129472839785 -0.05712370763756112 0.8982100830792289 0.10388442352089587 
0.044690250405741754 -2.767175275272239 -0.3183927806704135 1.0669701897120598 -0.2901511903159503 
0.5730272762970282 0.1266444059114272 -0.14477699936253988 0.11366815517898847 -1.8839448936178131 
1.436284367221562 1.2500072413363676 0.136983157670665 0.9730798935542113 -1.1196119841907375 
-1.8265837837309895 -0.23248838054270873 1.0404472330994006 -1.395732629616428 -1.2050175644288605 

-0.29806577352708397
0.17660355415550594 -0.783047926707062 -0.12115601906488217 -0.6788684451990474 0.4202944143544837 
-1.4270485504745691 -0.4874915485143568 0.39089580226585013 1.5679090029395377 -1.2403331031117428 
0.0460557592431666 0.6159721905170432 1.5135555880223728 0.20427775544701143 0.4819557608998008 
-0.6526938107199208 0.9333902866074444 -0.428001072738202 -0.06718019602306206 -0.8769427618530308 
-1.0347755013446616 -0.5562005620420243 0.28067885711701906 -0.9413212773725587 -0.41631686864162887 

-0.2129577932801226
0.43108130387954907 0.8145499027990145 1.381692737863 -0.2722675851376553 -0.505175265674814 
-2.6164140746900846 -0.997622318868607 -0.31011653246842363 -1.1837372837682145 -1.7793897770715619 
-0.38313854150112714 -0.7093771961080029 -2.3819764187365653 2.6696588093403304 0.7359457837210145 
1.0633139974179189 0.6851342606615963 -0.521935525833591 -0.15141733951549388 0.6057769927277872 
-2.1485956243839475 -0.3719515307785182 0.5541043885056145 -0.29954750671107094 0.16012184428333331 

-0.12604198559580926
2.567773082353924 0.3524623046219689 1.126082233308697 -0.28964338290126534 0.42354344342274636 
-0.48809653150433274 -0.5723200816644225 0.01778536504906504 0.5480188340602377 -1.1821650211664279 
-0.5960188069896143 -0.29613513796146984 -0.10130638034118802 0.1207378250930893 -0.959993628688132 
-0.9413160387967177 0.372311185231015 -1.405464826329257 1.9863745713740364 0.6346964686689807 
1.8010404990355615 0.43773449180085244 0.8372111679264191 -1.6193604339414223 -3.0322376301935923 

-0.21470690617309018
0.3945134424720402 0.4945630835221152 -0.6016435190347201 0.30206303160636144 0.6718552141472915 
-1.4483069162847273 -0.9259416377076575 1.3390428175361233 1.079490770950099 0.1452201047693283 
1.111643750823584 -1.3407619585035582 1.7980786348510702 -1.256630811066109 0.1893598008897147 
-0.42302251110133354 0.5764374184122136 -2.1333576466031463 -0.3695848531331477 0.9514455927324961 
-0.2740765127356556 1.6793365595463197 -1.1293390424862146 0.1631732946477458 0.7952541835072602 

-0.22409760407314158
1.1615486316814456 -1.8571878367004542 1.6045419105386034 1.0096620774335512 0.05362285770538265 
-0.8901282470002404 1.5501963669533103 -0.8785403838142423 -2.2030021149183985 -0.3449232958849347 
0.35680160081754164 -2.193204986064401 -1.2610349108364582 1.1186738286376847 -0.30678903286906967 
0.83136461670167 1.1468856499646285 0.3291345682887036 -0.09915412705849926 0.15144871931000245 
1.161839976221586 0.9163922487120842 0.5679211871635242 1.163353034139632 0.583064244430848 

-0.03944009639333602
-0.5261572320280611 -1.181805641019567 -1.462979443743625 -0.774100216960424 1.7614666471806337 
-0.11217883139019572 -1.1436285320755357 0.5836439609118634 -1.945897596318076 2.6006786805479787 
-0.014924368634353157 1.9834960196949731 0.2826273193399833 0.8728769627008577 -0.12706115262226442 
-1.227512769552047 -0.1621928678931232 0.4618832706534733 -1.1017297874510994 -0.2931236875736078 
-0.12037330011963497 -1.8607058926182358 -0.2920412047076086 -0.5800023297503402 0.06124637139826113 

-0.08128561876965035
0.7162673440435529 -0.4765254771711777 0.7018471441093337 -1.6302816206056223 0.5934728789755336 
0.1498989887320879 0.7002182884350945 1.4649675347281896 -0.15248276104312267 -0.10105984738079896 
1.0049556922694922 -1.3224850117623783 0.35941456549254336 -0.13096535974782697 -1.0151017332596064 
1.0640327553727746 -1.1086914098775882 0.9701502219243786 -0.8485669782859642 -0.06751412494860007 
1.3317181705876822 -0.04461242311797964 -1.3132763838799228 1.0380386341470307 -2.331122228946638 

-0.03994514889382989
-1.1795384163560318 -1.7518636814033324 2.016655114290672 0.06414033583867682 0.9566595965627495 
-1.336877386463494 -1.0060345460405453 0.5029783536087229 -0.5436416089505052 0.3231925557938902 
-1.7706791909069803 -0.8659911055257867 -1.2356386413358984 -2.330613736732445 -0.1613803480436812 
1.1362876918220073 -0.5764716294501182 -0.7385886577089881 2.8583634882192386 0.2835007286839911 
-1.7670765256245033 -0.43331893773930885 0.485184315142688 -1.7285023199970624 -1.243750664801023 

-0.06613652208303278
-1.6422847622613759 -0.90474620238125 0.29956159632279084 -0.17992098974803059 -0.1514366106079347 
-1.5062377108716856 -1.8897956427566314 0.26790282993812664 0.5996417923790562 0.9270831582433033 
-1.8604389872289688 -0.5227998772562271 -2.972743795752988 -1.248851084368895 0.03142104176157868 
-0.33685687668472897 -0.1270576568458108 -0.630725275123461 0.3677869475325426 0.5319420592251736 
-0.6656496879989998 0.6141109114513766 0.44526219117859167 0.5450533976388822 -1.0399384331582262 

-0.22413647458308938
-0.47433248033018566 -1.4839041673350468 0.1336615147820848 0.01498510468747379 -0.026402017915365793 
-1.0510690580780189 -0.6516083972297878 0.2979489517310023 -0.31200163884260085 0.5992589492674217 
0.31453190272679993 1.3349059966107308 -2.6276392224582255 -1.1524614874017696 1.9066749873833997 
1.409669595936146 -0.2530294792042176 -0.11073907828711914 0.49639699786760105 0.07613777938379794 
-0.6488369841182156 0.4210969419000923 -0.833700373971153 0.5225704088798862 0.5480645505422276 

-0.08796018533615844
0.11037549965466222 0.8405968358408556 0.7385838572082539 0.5322552088811183 0.5492435530732108 
0.3924112509955 0.5513517822854394 -1.8843752068976594 -0.5203697051660148 0.5284029483352704 
0.6877661200629063 0.21653557481947242 -0.7133040510384746 1.54762767603457 -0.2983893488325391 
-0.44487963772971967 -0.009037157592576544 -0.938535763503534 -1.927069636577298 1.4694290297665105 
-1.1374319427036013 0.42261783209129133 -0.4693936035009507 -0.3778932052293853 -1.1652007775037116 

-0.14630232435677037
-0.7826040363036999 1.7671037701124714 -2.247596989825577 -1.0172924985406686 0.40182958571349686 
1.4391200681760101 0.06833801263022836 -1.2244437027630894 0.2415669842976915 0.2144382730026798 
0.2986065436507058 -1.1628944716412404 -0.8343404193743147 -0.5852178735162795 1.8553061922795113 
0.14284877918371888 -0.16330234578423217 -0.6971151200123552 -0.5194028269191274 -0.6197011874558124 
-0.6952576557329071 1.4802733037028177 -0.8696780735093714 0.5367838164163198 0.733074652599552 

-0.13223283148620943
1.9637577190979754 -0.3717482431561766 -1.1515831997792703 0.7575273631119229 -0.38215937968145297 
-0.17818688332730234 0.4211661909843085 -0.016715039457742824 -0.7224020538355477 0.7200534124846663 
-1.4012661597147897 -0.17830339999915223 0.7639572561754242 -0.8846347503522114 1.037886764923755 
-1.0885852749030631 0.48279885136595413 -0.7734637114253472 0.039901165581123256 0.06632864922507477 
0.08949043876329395 0.5446067849379619 -1.266634798307976 0.056055595282397765 -0.2465734378689101 

