-0.06685735735774258
0.5665923235955173 1.024986228478866 0.12555287407090976 -0.5355410840321434 -1.3002634972610239 
1.6486856113181547 0.25882862499097714 0.6801103832720974 0.035810973971019906 -1.7836532735242498 
-0.452830541728762 -3.2765906993277136 0.1226012659297527 -0.8007241505493212 0.9251272401963228 
-1.0183840902522359 0.8278407229624672 -1.491363037297483 0.9637976242843699 0.15417953526519623 
-1.496013320157715 -1.2415450206266712 -0.1459694517068855 0.6336650001567143 0.03507039453878483 

-0.05341991544953931
-0.7737631744919784 -0.794142356118577 -0.5634646891098617 0.15467511154152735 0.7587187360755693 
-0.2382611639685363 1.0905964048497425 -0.9341731971283871 -2.258957007338597 0.9471707710102663 
-1.6063286316260728 -2.5374416128245807 0.8459263132522113 -0.42699099903087917 2.0337402280412253 
1.0994961563812136 -0.35903568869617564 -1.649450341737791 -1.9554374002864223 -0.09822708428501628 
-0.396952539629037 -0.6238136551186065 -0.522071690215448 -0.67104152803282 -1.9836891860320007 

-0.09778203319280966
0.5272530506512128 -1.1900891462596792 0.9803894775341381 0.5815456165830534 0.551707547205353 
0.024421191235801932 -1.7499275815575086 0.5692544453463491 1.6877827628813669 -0.08477146670475058 
2.10698356322391 0.793428828067174 -1.0975899762054664 -0.939185828546446 -2.017862377491009 
-0.27572881207560035 -0.21898741162756868 -0.2691884537496216 -0.6281122485802901 -0.9786275689864596 
-1.38720602333319 0.9051278586736029 -1.254934278701359 0.2935993527587307 0.29994632002657445 

-0.21566559725098916
0.7184333853848667 1.7682261758668028 0.7805022553553067 1.465501983751968 0.3929311379561106 
-1.9443092070235064 -0.5570927692965864 -1.8883242000916536 -1.2611033458731613 0.22985806159156527 
-1.5683082146286296 0.5205993287091867 0.7474957792074798 0.17977072832909435 0.8607135119896806 
-0.833054341656951 0.5937882491061294 -1.4894900090647818 -1.0679149735428315 0.3644429635725391 
1.1700891617811526 -0.5793382066243327 0.03005427558058126 0.47627747017727584 -1.1189837920361672 

-0.1757126384628212
1.0398312477827 -0.6553753169473908 0.9057163757039465 -0.8899698500667268 -2.3937882892325377 
0.19446079377998315 0.0973326632636354 -0.16794438262407438 1.4489905225770232 -2.3018555957916877 
-0.9407485158825363 -0.28594557797277037 -0.18951531410559364 0.36380161439304576 -0.8244697711691858 
-0.6336621227580178 -0.07063701621981332 0.23489531871739985 0.543532404629556 -0.4325860520561006 
1.6093431726704948 -1.3103710802944146 -0.22452945155871334 0.610655621547665 0.681407959747982 

-0.13858464070491477
0.9329314408137261 -0.6529212215372093 -2.9960095769961814 -1.6902594426284308 0.17644926126108146 
0.9983327170739767 -1.2584514737888142 0.659975387100185 0.09803788626342463 0.794159110972796 
-0.4765479999307444 -0.8291083407133005 0.7518014899584365 -0.47195468144446523 -0.01158475577634398 
-1.6463575736209783 -0.41443266458373956 -0.23907967872262462 -0.45413066635050436 -0.9799945440314299 
-0.5058159149223682 2.176182064377242 1.4438780841574161 0.5901191985841875 0.8096902368541561 

-0.1223181467912432
-1.0285946962807053 1.9239064589167658 1.211608492555195 -1.5448043410595689 -0.9646365578289476 
-0.10077965521104859 0.03357719769457973 -1.218124180947561 1.4716545383465234 -1.087545062009309 
1.906902494502904 0.8023034056944551 -0.6432523197752615 -0.8768765969206933 -1.1176249855014186 
-0.6023867297425172 0.06316960424627835 -0.08293974117068148 1.7538188714461085 -0.08334353791507784 
-0.9804744718587343 -0.3856704848555849 -1.5545914201951925 -0.145272051161224 0.7338049203571994 

-0.1210683127012537
-1.4834107981332092 1.9500950996920616 -1.503058004335028 1.0030012909702923 -0.6438943701460267 
-3.2333858406663833 -0.29924001546231016 -0.41685232447131865 0.44377505904480014 0.48272766865967837 
0.5069685880789153 -0.7817489701000351 -0.8396555073414615 -1.0025281411140836 -0.7763876243717189 
0.043412563442178975 0.9205494901350739 -0.03478730699275667 0.7205232617693176 0.8974146437907287 
-0.7649179220931714 -1.4021303499120263 -0.6508624835972185 0.23956829630714374 0.3515959064157448 

-0.1159023198999838
0.764593352259644 -0.43500990490948 0.7291437701000084 0.5761476821163941 -0.5873535965162986 
-0.11027889396763865 -0.8206420011077442 0.6023248828783689 0.014487564546010573 0.48296930906878976 
-0.2870594580323754 0.8924723749146333 -0.7474073854329387 -2.072592457827747 0.2189060330482447 
0.8686087106253063 -1.5239832295724332 0.8530139616258738 -2.094525591165297 1.0894826548205991 
-0.4744908844437339 -0.19843562331369588 1.791134237837428 -1.0798999879793216 0.05207272343105424 

-0.3102893747451686
-1.0456677398410852 -0.9597250201303158 -0.25751436948367673 -0.9392677418469889 0.5245546681367379 
0.7933065010789444 -0.39539391668663304 0.09750065351142247 -0.557895270769947 -0.27693730328531024 
2.0165402018647214 1.040939933916745 0.6542839642687892 -0.8904793498933194 1.0071020565388082 
-1.228853021006022 -0.546613857206413 -0.8246893354978858 0.7754753109124761 -1.126878210250213 
0.7192459881317109 -0.5302998684049572 -1.1169274276923113 0.3958817687386164 0.641579437262617 

-0.4759047484352668
1.158532296344878 1.0832373497195038 -1.1119787907649772 -0.4367844329652208 -0.3332848840844279 
-0.9931233912837081 -0.7138104113697675 -0.9531552070775405 -2.355258471825616 -0.12286023289368558 
1.215908529321079 0.7485946610836293 0.09267829868275007 0.23071679871833056 -0.23936698029623948 
1.083265651177157 0.44234158297963194 -1.729848232203265 -0.15500162159163283 0.803403433138823 
-1.0897847310391502 -0.09472440996283323 -0.10809592643510511 -0.7191523949339825 -0.37945457539284944 

-0.05573134756202231
-0.8792534836165239 -0.7484097245945699 -0.520477021296225 0.9400988437117178 -0.8140176590833187 
0.34664756507802247 -0.279373912109387 0.5438455988907852 -0.530818191980668 -0.5406358362553482 
-0.9744632347551478 0.6883348709700997 -0.7502808927045376 -0.5618158734998041 -0.7021934438127228 
-0.9565340526561668 -0.6112954861617615 0.3629738464805167 0.028683249733599488 -0.14436597801057743 
-0.24486959553488694 -0.31810694079823865 1.837782093311701 -0.8991287799078794 0.9056553531007963 

-0.013590821319548963
-0.40593029374729633 0.23466423066286393 0.626989358306009 -0.8886678889801077 -0.31474178418672566 
-0.5771122504159416 -0.4231653611856527 -0.864463338884355 -1.3705651695888423 -0.17957298600429947 
0.7073930078040055 0.728229946168274 -3.078049390394011 1.508616743001466 -0.4427761503720192 
-0.6423748831959665 0.388463227318808 0.42846663515409944 -1.4667783472808764 -2.1486621957059175 
2.2537246172074177 1.1017514071569445 1.593497146668403 0.21374473936600907 1.049795085235729 

-0.28121729834775083
-0.39297311044232275 -1.5457105881960427 0.1849719000362241 1.4642597763944452 -1.3509147710025933 
-0.9941259591213695 -1.2426145969600444 0.505531191677871 0.5013987287666299 -1.2814047499005885 
-0.23285515735556495 1.3298263888039954 1.1954968330403684 0.30889423374889263 -0.4450262053546076 
0.7417979465756038 1.5468583262416404 -1.5471208462426145 0.8425921861345396 -0.8835712600737677 
0.539478864607317 -1.0757438782603845 0.49083440135771117 0.9949209279663349 -1.025538192406727 

-0.12107248996910244
-0.9383188871005331 -1.1451941053092687 -1.6861271068834591 -1.3987325354308169 1.4438114526024033 
-0.4311855724716532 -0.31009883981733016 -0.37670987432965974 -0.4641770398459534 -1.9606501923894817 
1.0785852469634518 -0.08509798810066146 1.2347615122191278 0.8587191973501501 0.049541175936069055 
-1.8702905266751837 0.4437017126339608 -0.1445945960031829 -1.2277041234599109 -0.3368288270853258 
3.211203133328675 -0.016378955331214428 -1.0494762855406705 -0.9953706672504582 -1.1530727599863217 

-0.09246030437928117
-0.06996733492019629 -0.47709270114757923 0.552330537398897 -1.3619656821122152 0.3512440723283152 
2.1566840488670933 0.6574397224551446 1.9710851458517697 1.175692978775897 -1.5342057733690637 
-1.7550119418222883 -0.4136794024528506 0.31745678729757054 0.0873340685788695 -0.8946734744742104 
0.08723760223704759 0.04270995948676355 1.0126211040639777 -0.7846359947638056 0.2545411546771441 
0.8191599822178217 0.22522245646806338 -0.6443754124155531 0.6482264760218175 -1.1690801663745867 

-0.286424157347729
0.8404987844805129 -0.5208469258657223 -0.2854697194875587 0.1398407933603658 -0.6429552335953175 
0.6085186864354725 -1.2484401157747558 -0.4870631480190976 0.33029916554293587 -1.565509168384429 
-0.033555069156485116 1.244255994569745 1.2611857752659603 0.9675960471225312 -1.0684426567613678 
-0.2721478494209638 -0.5558641912888254 -1.3445942035228926 -0.3119838394094024 0.761538124819476 
1.0220797972663214 1.2982397059365585 0.922878965561654 -1.2740545210861245 -0.3006135585451834 

-0.04069814887207088
-0.9940521058144579 -0.8518117897720284 0.3093066067070652 -0.40834051439035973 0.038807552422130444 
-2.1836084836138268 -0.5852258925171481 -2.4455519888285626 0.049135571957066644 0.5983854038895987 
-0.612005084635707 -0.13386239547569934 1.579085562291266 -0.8724841733286788 0.30135724601898745 
0.28971521632502156 -2.0100492178139766 -0.20845758427957142 -0.5033917546153617 0.19467057940895324 
0.8966159316619365 0.40997358838595704 -0.4565922079367458 -1.4400315603157456 -1.6208645479037287 

-0.1026296889296255
-2.566035835787039 1.0875470675821355 -0.06137013131061181 0.8936286713703485 0.10020655983709494 
0.045153970249777506 -2.7694082253862633 -0.32274075142108033 1.063067142102001 -0.29418309395017134 
0.5752875253380197 0.1298068019946073 -0.14592495679986175 0.11637892542869409 -1.8826438309757019 
1.4368818941964092 1.2545971082514333 0.13815284638092198 0.976286211166969 -1.1190732997369914 
-1.8277702053434193 -0.23252893488222212 1.040631118480325 -1.3939044813811687 -1.2053912405325546 

-0.29807739447854786
0.17651645085390824 -0.861025963285179 -0.15861060364981358 -0.6998335052030131 0.4009212137720891 
-1.4218777423329776 -0.5286792591862827 0.4270620571114547 1.6087479642575058 -1.2217727232653646 
0.0564944677774095 0.5477551940858433 1.511129365036044 0.2108325317221027 0.4714035381128201 
-0.6448785204127113 0.8617091312239454 -0.43818034663168753 -0.06548139164227436 -0.8714294299362747 
-1.0280273673682143 -0.6294115431184218 0.27154206602211567 -0.9422563386317013 -0.4146441499545477 

-0.15929825566855246
0.42978008411446617 0.8143230472141078 1.3834544337227717 -0.27112334761712936 -0.5033041695805538 
-2.617894699375839 -0.9996120455112387 -0.30980125968240035 -1.1836128975329023 -1.7748374544796681 
-0.38645832220829995 -0.7186581218509692 -2.3841205175617772 2.6403801947047705 0.7040351596844381 
1.0639679646682834 0.6705628919375154 -0.5342539118791892 -0.16292667026831886 0.5897963967666604 
-2.144286873692727 -0.37463515951015613 0.5482231297919854 -0.2981575493152084 0.17192687494204748 

-0.1279990239737577
2.5607646379539624 0.3717378463390566 1.1504326716973245 -0.26944346618291 0.4441789069067951 
-0.49623314521716894 -0.5789361671249935 0.005307365835657284 0.5529319556706346 -1.1887930712001729 
-0.5856258845118271 -0.2951893373539656 -0.09839894799599101 0.125143189257938 -0.9644060312786686 
-0.9231037468547179 0.37585391710924565 -1.3958553529643691 1.9980602705488417 0.6406077489501191 
1.7906245065655817 0.45954500988771474 0.8579744911134942 -1.6204001747913976 -3.0358669493488195 

-0.26322226252257835
0.38668461810879395 0.3473383123656095 -0.7218203470359805 0.18507133191453687 0.5573255384082939 
-1.5144713140229842 -1.12203246238962 1.178011181907798 0.8915224317482959 -0.03765824745219216 
1.0907196966132118 -1.4909852359833082 1.666359674076989 -1.386178580335901 0.09326415127915398 
-0.4359389591319774 0.4152858180354988 -2.2691281321251173 -0.4992556940910188 0.8931827585807106 
-0.31636018606779187 1.5203599420093203 -1.23945604798786 0.04519480464146119 0.7209308792279692 

-0.19045146041323704
1.3226951389423056 -1.6077415730334397 1.8653157309487127 1.2988402490173354 0.3501689808652043 
-0.7578104756717587 1.783751987216293 -0.6398515105476558 -1.949669505331495 -0.08976393378232406 
0.45853008400679435 -2.0301619858358864 -1.1721300595219415 1.200182138439891 -0.22677875549766402 
0.922894525314795 1.2793061761358897 0.40442063709987947 -0.03465986715346684 0.23744510224509552 
1.2118803432010796 1.04490289298369 0.680029056738349 1.2236613217866132 0.6841256335668293 

-0.01497708249349041
-0.5576493547694175 -1.2285494755639277 -1.4034004463875813 -0.6898240338822844 1.858408225359544 
-0.12874243195134136 -1.133492465946412 0.711953235208577 -1.778887886045201 2.7480328494775934 
-0.033474997994294285 1.9942230120990543 0.39478209741653936 1.0516651916335558 0.038612476046086815 
-1.239677855654656 -0.14342479231388014 0.5548879287109122 -0.9818820028873017 -0.14287070550159903 
-0.1333487613886356 -1.8418828754073755 -0.2053724065668584 -0.46642337388346117 0.21238929404335471 

0.12702303422216832
1.0643563835643763 -0.13827717813923224 0.9310158547573353 -1.3751803083801097 0.8709575734428068 
0.5341341444751719 1.1086603656251999 1.7784537371253941 0.19150568676628954 0.2579991072041074 
1.3943759733718863 -0.9216065616486464 0.6784796865610138 0.2190157407097833 -0.680252473828287 
1.4781259287892743 -0.6994302018564401 1.2903206583534195 -0.5137638795767019 0.2658922032193522 
1.7578257061385745 0.4118768231385793 -0.9873311696939885 1.3653770812479602 -2.004332673895694 

-0.049414448282490746
-1.1819238956637432 -1.7525338583561743 1.9912843627410175 0.04308501280547038 0.9427562615667903 
-1.3397202859946598 -1.0075893345658706 0.4842510088621355 -0.5555868000153767 0.31617088224854006 
-1.7738289300239618 -0.867545705351474 -1.2537881616444908 -2.336361208170281 -0.16776597483118222 
1.1331151839311275 -0.5776560962386788 -0.7610495057788935 2.8536966026804476 0.2828610280351644 
-1.7700830011538273 -0.43442097188107265 0.46717456759488507 -1.741139535724468 -1.2530874863342032 

-0.06634909092186142
-1.641588724777565 -0.9038608319639347 0.29833073773703944 -0.1807471688182921 -0.15145845027686844 
-1.5058306840280735 -1.8892552189838339 0.26678259172059193 0.598982578376222 0.9266669650221395 
-1.860414476326189 -0.5214444473543272 -2.9733273536453653 -1.2493054566099981 0.03157755956186245 
-0.3367947766236685 -0.1258843001274237 -0.6321217019198704 0.3672354311419701 0.5326055322369244 
-0.6653199302045484 0.6154458745782895 0.44460184057936813 0.5447974955155518 -1.0396214415304967 

-0.278331360771956
-0.4714647357274665 -1.4729944793465108 0.17679766821307033 0.06949769809140323 0.04341117999016341 
-1.0272088594804745 -0.6328594758153407 0.3398461980445701 -0.26837299195692255 0.6595980199909599 
0.2274394460478956 1.2423744564809969 -2.7221480614505835 -1.2325671617517302 1.876169153985396 
1.345191092669085 -0.34807970930905907 -0.22621335801169 0.4071165171720619 0.03605495157093271 
-0.7279490369839651 0.3186916861446061 -0.9357297222564395 0.41538137843793116 0.48586393381266885 

-0.08377276789618592
0.10113101084882892 0.8677901458401496 0.7699601065201339 0.5585308424237423 0.5679725231079633 
0.37140860741589415 0.5600812364332635 -1.8774182359846054 -0.5081886927716114 0.5452962542331212 
0.6810678021792415 0.22652523309851058 -0.7119995525711198 1.5532667085253964 -0.2783258524070954 
-0.44611785143001564 0.0032615810052785874 -0.9352155962416774 -1.9118418910209543 1.488746258877167 
-1.1433886042004935 0.43042537427545724 -0.46194125370733463 -0.3674215584700609 -1.1545001435839612 

-0.14141139292868132
-0.757082018251054 1.7918977919264711 -2.230673404024348 -0.9961099974849695 0.4279731128688897 
1.4569190339466465 0.0848733276062155 -1.2145893904162828 0.25074978505812157 0.2390670371076063 
0.31685436487953905 -1.147025343731065 -0.8313778046927384 -0.5778030048763985 1.8791537012829767 
0.1631229663364775 -0.1556936662195441 -0.6952742347984392 -0.5083536479108628 -0.5963466406660826 
-0.6812927265955979 1.4829580021551352 -0.862777332171295 0.5414958227603294 0.7575769816698434 

-0.11589957700461895
1.951101134124614 -0.3815277058536459 -1.156511799576583 0.7537267210415958 -0.38269493333371357 
-0.19011884151289765 0.4498638955323204 0.017983988949481056 -0.6877493161151406 0.7511472687545346 
-1.409317255371801 -0.145365713469941 0.797855420769732 -0.8488824434478788 1.0735692439190532 
-1.098047696059709 0.5100675338062032 -0.7501139044355946 0.07273717835348587 0.1018243365367657 
0.07879122445815603 0.5651529176180385 -1.2445889250547808 0.09037095489057322 -0.2117206347768532 

