2.5492192169273274E-4
1.46060723976719 -0.22075695921210864 -0.7203874873214664 0.11876432968522668 0.21406793487847056 
0.054437802030679716 -1.534604913151236 -0.518825799688457 -0.053957383759416305 0.15946455161597348 
-0.06526324635740663 -1.0255031306383764 1.1264442917188984 -1.326881695975584 0.1596608171765303 
0.13899385637231712 -1.0698326566197958 0.9863610742071113 -1.033790751690936 -0.3947813930211061 
0.5435905727276046 1.0218778750632909 1.0460381344208334 -0.10511953038771012 -0.5046218822057018 

-0.012970984843358685
0.48575101303016854 -1.613757516660661 -0.6065313349801732 0.1688736965816086 0.3684857935109465 
-0.24358900530692668 -0.42082363639747355 0.30819446432108716 0.9673631680753125 -1.3075307776251845 
-0.927172553559018 0.49627897942622157 -0.3725325177515749 1.075934598243162 -1.3763750703503261 
0.8658092122004214 -0.24258626503234393 -0.11801798555581283 0.22463796371534403 -0.823764796980487 
-0.12471126005711554 -0.21744427083370113 -0.7210322130469498 1.3067243290732133 -0.6243226233859396 

-0.008911048494754374
-0.9170206204356701 -1.557513730905553 0.0021592982348410273 1.8897602309799946 -0.6161996938979413 
1.8961480868672338 0.38780960421035127 -0.34866709371416205 -0.9223863047058861 -0.9716622142151445 
-0.11561273618285915 -0.8967196317358223 -0.4502010285861056 1.302064899612068 -1.4961553590794874 
-0.5082117807923872 0.503125671028054 0.1513786351959318 0.24907407863007885 0.4758082451554501 
-0.797233480181968 -0.6054732771412696 0.3453831553691596 0.5926652861885396 -1.9431923834957043 

-0.027765501927710393
0.10512959195988547 0.21954032486479877 -0.6574081689147017 -1.8446191696076193 1.0982835303011895 
0.001783360299588271 -0.6331622187071696 -0.6235402819633968 0.27939808425707796 0.27300172696657193 
-0.5711924996372649 -0.32206359961518416 -0.2652478340542003 0.29816103155968177 -0.7909938340127153 
-1.3832316721722926 -1.0234373873183613 -0.01910624127431259 1.7382505934351076 -0.29173065431305106 
1.6220887549589476 0.8528438965694676 0.08190045272722024 -1.8054016090356249 0.1962154110368474 

-0.024423454557482443
-0.5485943726869719 -1.3068917301621013 0.771456353867175 0.6809799118486931 -0.13425493089087862 
1.2123596666889698 0.21774357476419073 -2.0835707020387453 0.6371489678639127 -0.05051497355067812 
-2.0660522407758726 1.0936954337630713 -2.25633642603285 0.7218656706816389 -0.8039469622546743 
-1.2906891151960773 -0.5769381019536162 -0.684187883159871 -0.24685257123284846 -0.24783407913161337 
0.8796009050157267 0.6214121819125837 0.32647952490649357 -0.027998404522220823 0.36354637648031035 

-0.013445344897287905
0.31686487595968377 0.6482904561301455 -0.16054753093756788 1.215769240562315 -1.9795661772924567 
-0.2757349505717615 0.7193617740581411 -0.2136781476664559 -0.01359877037808907 -0.2599447735771534 
-0.69382195081119 0.7427599003038955 0.48264064235831444 -0.36436794805284045 -0.5990352351478392 
-1.5562189319982092 -1.69175223878942 -0.5242736821872179 0.07579133406847793 0.9618934410502463 
-0.3351218629612809 0.0681333390121191 0.5206715780566548 -1.1760279029074654 0.5161706892781077 

-0.01299993373534468
0.5424248365481116 0.19567720045729245 -1.0587159702481843 0.3470035379971158 0.21231022072106642 
-0.0035675239354434353 0.7329710321274229 0.9616107933361027 -0.23690286419851833 0.009210419230386043 
-0.8186245285102176 -0.7041892106427105 -0.06535074896785412 0.18517759115159627 -0.7672743195048151 
-0.5063984470294296 0.37094657677589127 -1.4181820780154177 0.438699733887796 -0.3368591924039008 
0.2649067295102634 0.5798962625342322 0.8942625382566631 -3.104584182955466 -0.1275905904703231 

-0.020836221620393225
-0.60787332519778 0.20674694606523902 -0.755302930461302 1.0256388616768812 -1.3691392594084155 
-0.11275176770201255 0.5939252527413716 -0.47291178597729927 -0.13641176171726183 0.15556953712150196 
1.1084340115055475 -0.003187590372472962 0.5929888099758479 -0.7188590480972441 1.1781322403185086 
-1.5170938823066995 0.837846801080995 -1.5052311858455236 0.8595552132407346 -0.6294409576088559 
-0.48345543136785635 0.030057460891033172 -1.7343984437653281 1.5609314804563232 -1.0875774836144736 

0.010171096777135416
0.11484458793848938 -0.5577964656681722 -0.5617165819043883 -0.49483216031439353 0.46232248613172466 
0.649948818850766 1.133624840480332 -1.0909500506565093 0.09362475848678747 0.1192847128621419 
-0.8558895472277546 -0.3686537373976568 0.47697174331523157 1.019796339668685 -0.36213102744668824 
-0.8419280373950816 -0.3725490754961029 -1.7734206159689272 0.41107627188600226 -0.7767569254207278 
-0.03166550933540184 -1.1546643409700104 0.564098636446337 -1.0556188448491906 0.01877131450248207 

-0.016645490713100286
0.18280084250531642 0.7740760671043084 -0.9083098510631099 -0.7706567201012804 -1.0325051263428795 
-1.2529692525585792 1.035255997195314 0.1751276741783669 -0.6739154442800249 -0.12140320014384035 
-0.30731246893590325 -0.0811631650809499 -0.40808532022616667 -0.32160183302090717 1.6379007327640702 
-0.5038229833310088 0.8445072425452139 -0.35047159953251 -0.3503849990603637 0.36716460313705657 
-1.302428610464292 -0.8921039009605903 0.14429471045590184 -0.34172122063039506 -1.284176640422178 

8.476530060745131E-4
-0.5039699906217847 1.675044675115478 -0.28519577193626633 0.2954245660844643 -0.20395757405393503 
0.2792665018695411 0.33574482949518264 -1.3815644800977702 -0.6375862622433104 -0.2366969943569286 
0.2468303428411556 -0.5315034245112985 0.4603261739601015 -0.047805158699765704 -1.6768826462326698 
-0.5070400624230358 1.3946740709201502 -0.14942588885409502 0.416151106621214 1.0891725528829066 
0.36961071566040565 -1.1292672893661961 8.021784415454522E-4 -0.4783576213207435 -0.49577225320800594 

0.020845888374057278
-1.3055527528293362 -0.6645571358944 -0.27464539526817555 0.23075044749384174 1.827573648215099 
0.8155137895069003 -0.045631751793127784 -0.649525540431045 -1.2035369030567236 -0.28616890590518895 
-1.0333853268067907 0.6565669900236696 0.5927055619732634 1.5443126703162913 -0.4064687923660447 
-0.19513070386995862 0.7406890140316085 0.04546130390403918 -0.13173625661657756 -0.500386995590704 
0.5862618649645536 -0.8045781583408637 -2.2797888100982893 0.5395516417735361 -1.1314328090244943 

-0.038112926497262944
-0.618532412144692 0.5538448974168815 -0.05388093298827167 -0.7684829895976408 0.37727940775542956 
-0.032669903548402525 0.34406042040454904 0.17401185918844825 -1.0146981746931827 0.6201754771139033 
1.4392760928025465 -0.15778764687603866 -0.651383776772231 -0.2256216793436819 -2.052592544055401 
-1.4850187416368434 0.8237218802986774 -0.43642387421318624 1.2351442785954099 -0.7360776935168106 
-1.5009540072381446 -0.6491478600425772 -1.0856798022351781 0.5524125780065808 0.16075585171878023 

-0.001857179422003857
-1.0199575153168885 0.8739775203478216 0.7141227094428959 -2.0035117690469493 0.7035260877215389 
0.6212651943857403 -0.10706164435883285 0.13737359574916502 -1.8893105856581556 -0.4721166280159665 
-1.9053388737946857 2.6157517382108373 -0.7235012778220429 -0.6063883431196605 -0.38385648532316013 
-0.6511609500791148 -0.4167665661269522 0.22478270220177163 -0.6307241905062296 1.4770428471339152 
0.8887043730344238 0.07574731295371608 -0.5649302028203326 -0.8607233876893187 -0.15977051757762745 

-0.017565675163865705
0.1360966003273417 -0.2936355756770095 -1.5833793871936752 0.6438234289821213 0.9224512611426953 
1.6244927431386391 -1.1524575669901596 -1.9804447229720057 0.07859690206977069 0.3515443481766681 
0.8979864656216756 -1.5770784951115246 -0.2885820811394936 0.2818925801072155 1.0390032016738535 
-0.7128692687844606 0.5070328605894323 -0.26608655512448276 -0.6370462686880141 -1.593964640523623 
1.411767160895342 -1.2097291500211789 1.2708315283462535 -0.26160768104972715 -0.839779745418776 

0.004161248198505678
-0.41758966385999513 0.923932803157355 -0.5874732261258092 0.4028144335143501 -0.09599456501645375 
0.5623328170908294 -0.19921819296841972 0.21878132662693958 0.3286073265732227 -0.4341049825647669 
-0.7198958160969239 0.14204402840286226 0.5695099072711838 -0.6336143138500038 0.10672208835656741 
-0.030294105232326486 -1.0725296205297858 0.030642448433087967 0.7531561779099277 0.18801720342016714 
-0.07795908001742557 -0.17528934836561083 0.5327582300601791 0.6864954183524179 -2.338238097040983 

